[System]
GroupPart1=sparks
GroupPart2=groundsclouds
GroupPart3=shadow
SoundPersistent=Play_sfx_Sion_SionQ_haze

[groundsclouds]
KeywordsExcluded=KarmaLunar
e-alpharef=0
e-life=1
e-rate=1
e-uvoffset=0 0.4
p-coloroffset=0.1 0
p-life=1
p-linger=0
p-postoffset=0 0 300
p-quadrot=90 -90 0
p-scale=300 300 1
p-texture=Sion_Skin01_Q_Hit1_ground.dds
p-texture-mult=Sion_Skin01_Q_Hit2_groundsmoke.dds
p-type=1
p-uvscroll-no-alpha=1
p-uvscroll-rgb-mult=0.019999999552965164 0.20000000298023224
p-xrgba=1 1 1 1
p-xrgba1=0 0.333333 0 0 0
p-xrgba2=0.5 0.333333 0 0 1
p-xscale=1 1 1
p-xscale1=0 0 0 0
p-xscale2=0.012500000186264515 1 1 1
p-xscale3=1 1 1 1
pass=-1000
rendermode=1
single-particle=1

[shadow]
e-life=1
e-rate=1
p-life=2.1
p-linger=0
p-mesh=Sion_Skin01_q_cas_charge.scb
p-meshtex=Sion_Skin01_Q_Cas3_shadow.dds
p-scale=0.7900000214576721 1 0.699999988079071
p-type=3
p-uvscroll-no-alpha=1
p-uvscroll-rgb=0 1
p-xrgba=1 1 1 0.43799498677253723
p-xrgba1=0 0.811765 0.047059 0.219608 0
p-xrgba2=0.2 0.666667 0 0 0.490196
p-xrgba3=0.5 0.333333 0 0 1
p-xscale=2 2 2
pass=-1001
rendermode=1
single-particle=1

[sparks]
e-rate=50
e-rgba=85 0 0 255
e-rotation1=45
e-rotation1-axis=0 1 0
e-shape-name=Sion_Skin01_q_cas_charge.scb
e-shape-scale=2
p-drag=0.6000000000000001 0.6000000000000001 0.6000000000000001
p-fixedorbittype=1
p-life=0.6000000000000001
p-lifeP1=0 0.7
p-lifeP2=1 1
p-numframes=4
p-offset=1 1 1
p-offsetXP1=0 -1
p-offsetXP2=1 1
p-offsetZP1=0 -1
p-offsetZP2=1 1
p-orbitvel=0.2 0.2 0.2
p-orbitvelXP1=0 -1
p-orbitvelXP2=1 1
p-orbitvelYP1=0 -1
p-orbitvelYP2=1 1
p-orbitvelZP1=0 -1
p-orbitvelZP2=1 1
p-randomstartframe=1
p-scale=14 14 0
p-scaleXP1=0 0.5
p-scaleXP2=1 1
p-scaleYP1=0 0.5
p-scaleYP2=1 1.5
p-texdiv=2 2
p-texture=Sion_Skin01_Q_Cas1_weaponshards.dds
p-vecalign=1
p-vel=0 250 0
p-velXP1=0 0.5
p-velXP2=1 1
p-velYP1=0 0.5
p-velYP2=1 1
p-xrgba=1 1 1 1
p-xrgba1=0 1 1 1 0
p-xrgba2=0.3 1 1 1 1
p-xrgba3=1 1 0.058824 0.278431 0
p-xscale=1 1 1
p-xscale1=0 0 0 0
p-xscale2=0.3 1 0.5 0
p-xscale3=1 0.2 0.2 0
pass=1
rendermode=1

