[Cloud]
e-life=4
e-local-orient=1
e-rate=80
e-rotation1=1
e-rotation1-axis=0 1 0
e-rotation1P1=0 0
e-rotation1P2=1 360
e-rotation2=1
e-rotation2-axis=1 0 0
e-rotation2P1=0 0
e-rotation2P2=1 360
e-timeoffset=0.15
p-bindtoemitter=0
p-drag=4 4 4
p-flexoffset=0.005
p-life=0.4
p-lifeP1=0 0.5
p-lifeP2=1 2
p-linger=0
p-numframes=4
p-offset=0 0 0
p-orbitvel=0 2 0
p-orbitvelYP1=0 0.2
p-orbitvelYP2=1 1
p-postoffset=0 50 0
p-quadrot=1 0 0
p-quadrotXP1=0 0
p-quadrotXP2=1 360
p-randomstartframe=1
p-rgba=color-rampdown32.tga
p-rotvel=180 0 0
p-rotvelXP1=0 -1
p-rotvelXP2=1 1
p-scale=50 50 20
p-scaleXP1=0 0.4
p-scaleXP2=1 1.2000000000000002
p-texdiv=2 2
p-texture=Janna_skn5_Clouds.tga
p-type=0
p-vel=400 0 0
p-xscale1=0 0.5 0.5 0.5
p-xscale2=1 1 1 1
pass=60
rendermode=1
single-particle=1
uniformscale=1

[System]
GroupPart2=Cloud
SimulateEveryFrame=1

[UNKNOWN_HASHES]
unk00504BF6=0 800 0
unk07835EB7=1 1
unk0ED24429=1
unk26BC6A24=60
unk29F75DEC=0
unk32C995AA=1
unk50085AED=0 0.5
unk50085AEE=1 1
unk6D15C9CF=0 0.75 0 0
unk6D15C9D0=1 1.2000000000000002 0 0
unk7C4C0582=0
unk862F2E61=0.007499999832361937
unk8A5964FA=0 0
unk8A5964FB=1 360
unk92DE1CBF=0 1
unk92DE1CC0=1 1.2000000000000002
unkB6A8152C=0.5
unkC2BFE777=0.2
unkC4FC1AC0=90 1 0
unkCA679EFA=50 150 150
unkCDA23843=0 120 0
unkD606535B=20
unkD9086E46=1 1
unkE89116AD=1 3
unkE8DD968B=Tornado_Add.tga
unkEA69DF75=0 1 1 1 1
unkEA69DF76=0.5 1 1 1 1
unkEA69DF77=1 1 1 1 0
unkF2D5D9B7=0 0.5
unkF2D5D9B8=1 1
unkF3784041=1
