[ShadowWisps]
e-life=2
e-rate=30
e-rotation1=1
e-rotation1-axis=0 1 0
e-rotation1P1=0 0
e-rotation1P2=1 360
flag-disable-z=1
p-bindtoemitter=0
p-drag=2 2 2
p-life=0.7
p-lifeP1=0 0.7000000000000001
p-lifeP2=1 1.5
p-linger=2
p-numframes=16
p-offset=0 0 0
p-postoffset=0 0 0
p-quadrot=0 0 0
p-randomstartframe=1
p-rgba=color-rampdown32_03.tga
p-rotvel=50 0 0
p-rotvelXP1=0 -1
p-rotvelXP2=1 1
p-scale=120 120 30
p-texdiv=4 4
p-texture=Zed_shadowwisps.tga
p-vel=0 0 0
p-velYP1=0 0.4
p-velYP2=1 1
p-velZP1=0 0.7
p-velZP2=1 1
p-worldaccel=0 0 0
p-xrgba=0 0 0 0.5
p-xscale1=0 0.2 0.2 0.2
p-xscale2=1 1 1 1
pass=-1
rendermode=1
uniformscale=1

[System]
GroupPart2=ShadowWisps
GroupPart3=ShadowTrail
GroupPart4=Trailsub
GroupPart5=Trailsub2
SimulateEveryFrame=1

[Trailsub]
e-life=1
e-linger=0
e-local-orient=0
e-rate=40
e-rgba=1 1 1 1
e-rgba1=0 255 255 255 0
e-rgba2=0.05 255 255 255 255
e-tilesize=1000 0 0
e-timeoffset=0.1
e-trail-cutoff=2000
p-colorscale=1 1
p-colortype=1 3
p-life=0.3
p-linger=4
p-offset=0 0 0
p-quadrot=0 0 0
p-rgba=color-rampdown32_03.tga
p-scale=150 0 0
p-texture=DarkSov_Forcetrail.tga
p-trailmode=1
p-type=5
p-uvscroll-rgb=0.2 0
p-uvscroll-rgbXP1=0 0.3
p-uvscroll-rgbXP2=1 1.5
p-xrgba1=0 0.8 0 0 1
p-xrgba2=0.8 0 0 0 1
p-xrgba3=1 0 0 0 0
rendermode=1

[Trailsub2]
e-life=1
e-linger=0
e-local-orient=0
e-rate=40
e-rgba=1 1 1 1
e-rgba1=0 255 255 255 0
e-rgba2=0.05 255 255 255 255
e-tilesize=1000 0 0
e-timeoffset=0.1
e-trail-cutoff=2000
p-colorscale=1 1
p-colortype=1 3
p-life=0.3
p-linger=4
p-offset=0 0 0
p-quadrot=0 90 90
p-rgba=color-rampdown32_03.tga
p-scale=150 0 0
p-texture=DarkSov_Forcetrail.tga
p-trailmode=1
p-type=5
p-uvscroll-rgb=0.2 0
p-uvscroll-rgbXP1=0 0.3
p-uvscroll-rgbXP2=1 1.5
p-xrgba1=0 0.8 0 0 1
p-xrgba2=0.8 0 0 0 1
p-xrgba3=1 0 0 0 0
rendermode=1

[UNKNOWN_HASHES]
unk0CD0CD69=1 1
unk0D7E34BB=0.5
unk148E2E88=0 0.7
unk148E2E89=1 1.3
unk158A4D8A=0 0.7
unk158A4D8B=1 1.3
unk15BFEB07=0 0 1240
unk19960706=1
unk1FCC09DE=1 3
unk23A6F933=color-Zed_Ground_Shadowcolor.tga
unk24453F94=0 -25 0
unk2629A2FC=0 0.6000000000000001
unk2629A2FD=1 1
unk2A10CCE8=0 -1
unk2A10CCE9=1 1
unk2CDC72EA=17
unk2F59125C=0 0
unk2F59125D=1 0
unk3A19CAAC=Xerath_DI_Blastring.sco
unk3A4A2BA9=70 70 50
unk3BBFA3DE=0 1
unk46416F6E=0
unk48A8632B=10 10 55
unk4B8DED3B=1
unk5E35DA8D=0 -3
unk5E35DA8E=1 -2
unk5F9F7115=2 2 2
unk67558580=0 0.6 0.6 1
unk67558581=0.3 1 1 0.3
unk67558582=1 1.1 1.1 0
unk676BDCF5=0
unk71E397BC=0 500 0
unk72741982=1
unk7B578E7B=1
unk8576161B=Zed_Shadowswirls.tga
unk899FB539=3
unk8DE9F03E=0 0 0
unk923637C6=1 1
unk9452C97F=0
unk98F7A6CD=1
unk998EA24D=0
unk9B514582=1
unk9DB13913=0 1 0
unkA3C38052=0 20 0
unkA6F5323A=1
unkAA853FEF=0 0 0
unkB0854711=1
unkBB2064EA=0
unkBF3BD671=10 0 0
unkC08B2784=0 1 1 1 0
unkC08B2785=0.5 1 1 1 1
unkC08B2786=1 1 1 1 0
unkCBE6847D=1
unkCE66BBBA=Zed_Q_BlurAdd.tga
unkCF6C6CBD=0.2
unkD3A12081=0
unkDA9F9C84=1
unkE31D523C=bandages.tga
unkE5953135=color-rampdown32.tga
unkE9FF56ED=0 1.3
unkEECAAAEC=20
unkF4AE9077=1
unkFFD97E86=0 0.8 0 0 0.8
unkFFD97E87=1 0 0 0 0.4
