[Blood1]
e-alpharef=50
e-life=0.5
e-rate=20
e-rate1=0 1
e-rate2=1 0.30000000000000004
e-rotation1=1
e-rotation1-axis=0 0 1
e-rotation1P1=0 -10
e-rotation1P2=1 -40
e-rotation2=1
e-rotation2P1=0 0
e-rotation2P2=1 360
p-bindtoemitter=0 0
p-colorscale=1 1
p-colortype=1 3
p-drag=2 2 2
p-flexoffset=0.004999999888241291
p-life=0.7
p-lifeP1=0 1
p-lifeP2=1 2
p-numframes=4
p-offset=-20 0 0
p-postoffset=0 50 0
p-quadrot=1 0 0
p-quadrotXP1=0 0
p-quadrotXP2=1 360
p-randomstartframe=1
p-rgba=color-meatrot32_05.tga
p-scale=7 12 0
p-scaleXP1=0 1
p-scaleXP2=1 1.2000000000000002
p-scaleYP1=0 1
p-scaleYP2=1 1.2000000000000002
p-texdiv=2 2
p-texture=meatrot32_06.tga
p-vecalign=1
p-vel=0 700 0
p-velYP1=0 0.6
p-velYP2=1 1.2000000000000002
p-worldaccel=0 -100 0
p-xscale1=0 1 3 0
p-xscale2=0.4 5 6 0
p-xscale3=1 10 10 0
rendermode=3
single-particle=1

[Blood2]
e-life=0.5
e-rate=100
e-rotation1=1
e-rotation1-axis=0 0 1
e-rotation1P1=0 0
e-rotation1P2=1 10
e-rotation2=1
e-rotation2P1=0 0
e-rotation2P2=1 360
p-bindtoemitter=0 0
p-colorscale=1 1
p-colortype=1 3
p-drag=1 1 1
p-flexoffset=0.004999999888241291
p-frameRate=16
p-life=0.30000000000000004
p-lifeP1=0 0.5
p-lifeP2=1 2
p-numframes=16
p-offset=0 0 0
p-postoffset=0 70 0
p-rgba=color-bloodfade32.tga
p-scale=15 15 15
p-scale1=0 1 6 1
p-scale2=0.5 1 1 1
p-scale3=1 1 1 1
p-scaleXP1=0 0.4
p-scaleXP2=1 1.2000000000000002
p-startframe=0
p-texdiv=4 4
p-texture=BlurDrops_deep_red.tga
p-vecalign=1
p-vel=300 800 0
p-velYP1=0 0.4
p-velYP2=1 2
p-worldaccel=0 -200 0
rendermode=1

[Burst]
e-life=5
e-linger=2
e-rate=1
flag-disable-z=1
p-bindtoemitter=1 1
p-colorscale=1 1
p-colortype=1 0
p-flexoffset=0.004999999888241291
p-frameRate=0
p-life=0.2
p-linger=1
p-numframes=1
p-offset=0 50 0
p-quadrot=1 0 0
p-quadrotXP1=0 0
p-quadrotXP2=1 360
p-rgba=color-bellcurve.tga
p-scale=500 500 200
p-startframe=1
p-texdiv=1 1
p-texture=flare-sun_30.tga
p-type=0
p-xrgba=1 0.6 0.6 1
p-xscale1=0 1 1 1
p-xscale2=1 0.2 0.2 0.2
rendermode=0
single-particle=1

[Burst2]
e-life=3.4000000000000004
e-linger=2
e-rate=10
flag-disable-z=1
p-bindtoemitter=1 1
p-colorscale=1 1
p-colortype=1 0
p-flexoffset=0.004999999888241291
p-frameRate=0
p-life=0.3
p-lifeP1=0 1
p-lifeP2=1 2
p-linger=2
p-numframes=1
p-offset=0 50 0
p-quadrot=90 1 0
p-quadrotYP1=0 0
p-quadrotYP2=1 360
p-rgba=color-rampdown32_03.tga
p-rotvel=0 40 0
p-rotvelYP1=0 -1
p-rotvelYP2=1 1
p-scale=310 310 200
p-startframe=1
p-texdiv=1 1
p-texture=darksov_forcebubble.tga
p-type=1
p-xrgba=0 0 0 0.7
p-xscale1=0 0 0 0
p-xscale2=0.5 0.7 0.7 0.7
p-xscale3=1 1 1 1
rendermode=1
single-particle=1

[System]
GroupPart1=Blood1
GroupPart2=Blood2
GroupPart3=Burst
GroupPart4=Burst2
PersistThruDeath=1
SoundOnCreate=Play_sfx_Zed_ZedUltExecute_buffdeactivate

[UNKNOWN_HASHES]
unk151F2136=0
unk56C3A430=0
unk981E60C1=black.tga
unkC7E96276=0
unkD40134C1=1
unkDE1226EE=black.tga
unkE747A0A5=1
