[ShadowEnergy]
e-life=-1
e-linger=0
e-local-orient=1
e-rate=3
e-uvoffset=0.3 0
p-backfaceon=1
p-bindtoemitter=1
p-colortype=1 3
p-drag=3 0 1
p-life=1.5
p-lifeP1=0 1
p-lifeP2=1 2
p-local-orient=0
p-mesh=Xerath_DI_Blastring.sco
p-meshtex=Zed_ultswirls.tga
p-offset=0 20 0
p-offsetYP1=0 0.1
p-offsetYP2=1 1
p-offsetZP1=0 0.3
p-offsetZP2=1 1
p-quadrot=90 15 1
p-quadrotXP1=0 0.8
p-quadrotXP2=1 1.2000000000000002
p-quadrotYP1=0 -1
p-quadrotYP2=1 1
p-quadrotZP1=0 0
p-quadrotZP2=1 360
p-rgba=color-Zed_ground_shadowcolor.tga
p-scale=17 17 3
p-texdiv=2 1
p-type=3
p-uvscroll-rgb=0 -2
p-uvscroll-rgbYP1=0 1
p-uvscroll-rgbYP2=1 1.25
p-vel=0 10 0
p-xrgba1=0 0.7 0 0 0
p-xrgba2=0.3 0.7 0 0 1
p-xrgba3=1 0.7 0 0 0
p-xscale1=0 0.8 0.8 1
p-xscale2=0.5 1 1 1
p-xscale3=1 1.1 1.1 1
pass=0
rendermode=1

[System]
GroupPart1=blade_01
GroupPart1Importance=High
GroupPart2Type=Simple
GroupPart3=ShadowEnergy
SimulateEveryFrame=1

[blade_01]
e-life=600
e-linger=0
e-local-orient=0
e-rate=1
p-bindtoemitter=1 1
p-life=1
p-linger=0
p-offset=0 0 0
p-postoffset=0 0 0
p-projection-fading=100
p-projection-y-range=75
p-quadrot=90 0 0
p-rotvel=0 0 -360
p-scale=105 105 105
p-texture=Zed_Q_outline.tga
p-type=1
p-xrgba=0 0 0 0.7
pass=-1
rendermode=1

[UNKNOWN_HASHES]
unk00552B60=100
unk07475BE5=0
unk09748996=0.4
unk0EC786ED=0 390 0
unk13C69A1A=20
unk158C5BE1=10
unk15CAB806=0.002
unk1F9D4E0E=color-smoke32_07.tga
unk216331E8=0 1
unk216331E9=1 0
unk28D2C7C5=3
unk2A2FA697=0 0
unk2A2FA698=1 1
unk364B6464=0
unk37A815E5=Flare-Sun_17.tga
unk3F0DB74E=2
unk4DB2C4E5=0 0 0 0
unk4DB2C4E6=0.5 1 1 1
unk4DB2C4E7=1 0 0
unk5D2FC393=320
unk63103A53=0.1
unk681E5252=0.15000000596046448
unk6BAF2856=0
unk6E49B4A3=0 0 0
unk6E7EFF21=0 0.7
unk6E7EFF22=0.30000001192092896 1.850000023841858
unk6E7EFF23=1 0.7
unk6F280C9E=0.1
unk73CCCE4C=1 1 1
unk7436249D=0.1
unk7938FECB=alpha_07.tga
unk794982D9=20
unk7CD3FE77=0.0035000001080334187
unk7E4716CA=alpha_07.tga
unk82259721=0 0.5
unk82259722=1 -0.5
unk826E7882=1
unk877C9081=15
unk8F2D685C=1 1
unk9BD31F60=1
unk9D2AFEA4=Flare-Sun_30.tga
unk9F224510=145
unkA4EB20DF=1 1
unkA59915D6=360
unkAF90B5D2=1 1 1 1
unkB1CC75A9=0 50 0
unkB3A6AB54=280
unkBBE04929=0 1
unkBBE0492A=1 0
unkC37239A8=0
unkC534DCDD=0
unkC97A91A1=flare-Rainbow_purp_01.tga
unkCDA717AD=1 1 1
unkDDBF0991=1
unkDF31BAD1=1
unkE43FD2D0=1
unkEA6EBEDF=0 0 0 0 1
unkEA6EBEE0=1 1 1 1 1
unkF03C46A0=1 1
unkF18D4C2A=0 50 0
