[Bearstance]
e-local-orient=0
e-rate=1
field-drag-1=drag
p-bindtoemitter=1 1
p-coloroffset=0 0
p-colorscale=1 0.009999999776482582
p-colortype=1 0
p-life=1.5
p-offset=0 200 -20
p-postoffset=0 0 0
p-quadrot=-90
p-rgba=color-tigerstance32.tga
p-scale=60
p-simpleorient=2
p-texdiv=1 1
p-texture=BearStance32.tga
p-type=1
p-vel=0 200 0
p-xscale1=0 1
p-xscale2=1 1.5
pass=50
rendermode=1
single-particle=1

[System]
GroupPart1=Bearstance
GroupPart1Type=Simple
GroupPart2Type=Simple
GroupPart3Type=Simple
SimulateEveryFrame=1

[drag]
f-drag=2.5
f-pos=0 0 0
f-radius=1200

[UNKNOWN_HASHES]
unk0709E163=0 0
unk08CF4220=1 1
unk0CAF5741=drag
unk2570894D=1
unk2B612C00=1 1
unk2F50D77D=1 1
unk37918F7A=-90
unk3F81BF47=50
unk4382A0A6=0 0 0
unk46D2515D=-90
unk4F8CACEA=60
unk544BCE8F=0
unk58F754F2=1.5
unk5B730B45=BearStance.tga
unk5C463948=0
unk613DD3ED=2
unk643514B2=1
unk6AB3CD28=shields_buf.tga
unk6F20196A=color-bearstance.tga
unk75209417=70
unk78559321=1
unk7938957D=1 1
unk7BB0F325=0
unk80A88DCA=2
unk9FC1F509=0 200 -20
unkA081E963=1 1
unkA94F08CF=2.5
unkBEE3ADDA=1 1
unkBF77CD47=color-disintegrate.tga
unkC3FBCECA=1 0
unkC6438A66=0 200 -20
unkC7043EE4=drag
unkC8AD46FE=2
unkC991E280=0 0
unkCE925247=0 200 0
unkD17917B2=0
unkD518D570=1
unkD955D215=1
unkDB43CE67=1 0
unkDFAB3E89=0 1
unkDFAB3E8A=1 1.5
unkEE3ED72A=0 200 0
unkEEEC006C=0 4
unkEEEC006D=0.15000000596046448 1
unkEEEC006E=1 1
unkF8F19E19=90
unkFBAE50B4=60
unkFDD78849=0 0 0
