[System]
GroupPart1=outer
GroupPart2=inner
SimulateEveryFrame=1

[inner]
e-life=1
e-rate=1
e-rgba=255 255 255 105
e-uvoffset=0.30000000000000004 0.4
p-backfaceon=1
p-life=2
p-linger=0
p-mesh=Kalista_Skin01_Recall_Swirl.scb
p-meshtex=Kalista_Skin01_Recall_Swirl.dds
p-postoffset=0 -50 0
p-scale=1.2000000000000002 1.8 1.2000000000000002
p-type=3
p-uvscroll-rgb=-1 -0.15000000596046448
p-xrgba=1 1 1 1
p-xrgba1=0 1 1 1 0
p-xrgba2=0.15 1 1 1 0
p-xrgba3=0.35 1 1 1 1
p-xrgba4=0.65 1 1 1 1
p-xrgba5=1 1 1 1 0
p-xscale=1 1 1
p-xscale1=0 1 1 1
p-xscale2=1 0.8 1 0.8
rendermode=1
single-particle=1

[outer]
e-life=1
e-rate=1
e-rgba=255 255 255 122
e-uvoffset=0 0.4
p-backfaceon=1
p-life=2
p-linger=0
p-mesh=Kalista_Skin01_Recall_Swirl.scb
p-meshtex=Kalista_Skin01_Recall_Swirl.dds
p-postoffset=0 -50 0
p-scale=1.5 2 1.5
p-type=3
p-uvscroll-rgb=-1 -0.15000000596046448
p-xrgba=1 1 1 1
p-xrgba1=0 1 1 1 0
p-xrgba2=0.15 1 1 1 0
p-xrgba3=0.35 1 1 1 1
p-xrgba4=0.65 1 1 1 1
p-xrgba5=1 1 1 1 0
p-xscale=1 1 1
p-xscale1=0 1 1 1
p-xscale2=1 0.8 1 0.8
rendermode=1
single-particle=1

