[System]
GroupPart1=crit_01
GroupPart2=smoke1

[crit_01]
e-life=1
e-rate=3
flag-disable-z=1
p-life=0.2
p-quadrot=1 0 0
p-quadrotXP1=0 0
p-quadrotXP2=1 360
p-scale=200 200 150
p-texture=Kalista_Skin01_R_Flash.dds
p-xrgba=1 1 1 1
p-xrgba1=0 1 1 1 1
p-xrgba2=1 1 0 0 1
p-xscale=1 1 1
p-xscale1=0 0.5 0.5 0.5
p-xscale2=0.1 1 1 1
p-xscale3=1 1.3 0 0
rendermode=1
single-particle=1

[smoke1]
e-life=1
e-rate=5
e-rotation1=1
e-rotation1-axis=1 0 0
e-rotation1P1=0 0
e-rotation1P2=1 90
e-rotation2=1
e-rotation2-axis=0 1 0
e-rotation2P1=0 0
e-rotation2P2=1 360
p-drag=6 6 6
p-flexscale=0.004000000189989805
p-life=0.5
p-lifeP1=0 0.5
p-lifeP2=1 1
p-linger=0
p-offset=5 0 0
p-scale=75 90 90
p-scaleXP1=0 0.8
p-scaleXP2=1 1
p-scaleYP1=0 0.8
p-scaleYP2=1 1.5
p-scaleZP1=0 0.8
p-scaleZP2=1 1
p-texture=Kalista_Skin01_BA_Crit_splash.dds
p-uvscroll-no-alpha=1
p-uvscroll-rgb=0 1
p-vecalign=1
p-vel=400 400 3
p-velXP1=0 0.75
p-velXP2=1 1
p-velYP1=0 0.75
p-velYP2=1 1
p-xrgba=1 1 1 1
p-xrgba1=0 1 1 1 1
p-xrgba2=0.2 0.827451 0 0.329412 1
p-xrgba3=1 0 0 0 0
p-xscale=1 1 1
p-xscale1=0 0.3 0.1 0.3
p-xscale2=0.1 0.8 0.8 0.8
p-xscale3=1 1 1 1
rendermode=1
single-particle=1

