[Spear_In_Enemy]
e-life=1
e-rate=1
e-uvoffset-mult=1 1
e-uvoffset-multXP1=0 -1
e-uvoffset-multXP2=1 1
e-uvoffset-multYP1=0 -1
e-uvoffset-multYP2=1 1
p-bindtoemitter=1 0
p-flexoffset=0.003000000026077032
p-life=30
p-linger=0
p-local-orient=1
p-mesh=Kalista_skin01_ba_spear_counter.scb
p-meshtex=Kalista_skin01_BA_Spear_tips.dds
p-meshtex-mult=Kalista_Skin01_BA_Spear_mult.dds
p-offset=30 50 10
p-quadrot=0 180 1
p-quadrotZP1=0 0
p-quadrotZP2=1 360
p-scale=0.550000011920929 0.550000011920929 0.550000011920929
p-shadow=1
p-type=3
p-uvscroll-rgb-mult=0 0.5
p-xrgba=1 1 1 1
p-xrgba1=0 1 1 1 1
p-xrgba2=0.4 1 1 1 1
p-xrgba3=1 0 0 0 0.100008
rendermode=1
single-particle=1

[System]
GroupPart1=Spear_In_Enemy
GroupPart2=glow_head
GroupPart3=glow_tail
SimulateEveryFrame=1
group-scale-cap=400

[glow_head]
e-life=1
e-rate=1
p-bindtoemitter=1 0
p-flexoffset=0.003000000026077032
p-life=4
p-linger=0
p-local-orient=1
p-offset=30 50 -110
p-quadrot=90 90 0
p-scale=125 125 50
p-texture=Kalista_Skin01_P_Glow.dds
p-type=1
p-xrgba=1 0 0 0.300008
p-xrgba1=0 1 1 1 1
p-xrgba2=0.5 1 1 1 1
p-xrgba3=1 0 0 0.498039 0.109804
rendermode=1
single-particle=1

[glow_tail]
e-life=1
e-rate=1
p-bindtoemitter=1 0
p-flexoffset=0.003000000026077032
p-life=4
p-linger=0
p-local-orient=1
p-offset=30 50 130
p-quadrot=90 90 0
p-scale=100 100 50
p-texture=Kalista_Skin01_P_Glow.dds
p-type=1
p-xrgba=1 0 0 0.300008
p-xrgba1=0 1 1 1 1
p-xrgba2=0.5 1 1 1 1
p-xrgba3=1 0 0 0.498039 0.109804
rendermode=1
single-particle=1

