[Basic]
e-local-orient=0
e-rate=3
e-rotation1=1
e-rotation1-axis=1 0 0
e-rotation1P1=0 0
e-rotation1P2=1 360
e-rotation2=1
e-rotation2-axis=0 1 0
e-rotation2P1=0 0
e-rotation2P2=1 360
p-bindtoemitter=1 1
p-life=1
p-linger=0.5
p-postoffset=-50 100 0
p-scale=75 75 0
p-texture=Kalista_Skin01_R_Black_sphere.dds
p-vel=0 1 0
p-velYP1=0 1
p-velYP2=1 50
p-xrgba=1 1 1 1
p-xrgba1=0 1 1 1 0
p-xrgba2=0.2 1 1 1 1
p-xrgba3=1 1 1 1 0
pass=-1
rendermode=1

[Basic1]
e-local-orient=0
e-rate=2
e-rotation1=1
e-rotation1-axis=1 0 0
e-rotation1P1=0 0
e-rotation1P2=1 360
e-rotation2=1
e-rotation2-axis=0 1 0
e-rotation2P1=0 0
e-rotation2P2=1 360
p-bindtoemitter=1 1
p-life=1
p-lifeP1=0 1
p-lifeP2=1 2
p-linger=0.5
p-postoffset=-50 100 0
p-quadrot=1 0 0
p-quadrotXP1=0 0
p-quadrotXP2=1 360
p-rotvel=1 0 0
p-rotvelXP1=0 90
p-rotvelXP2=1 180
p-scale=100 100 0
p-texture=Kalista_Skin01_P_LinkIcon.dds
p-vel=0 0 0
p-velYP1=0 1
p-velYP2=1 50
p-xrgba=1 1 1 1
p-xrgba1=0 0.666667 0 1 0
p-xrgba2=0.2 1 0 0 1
p-xrgba3=0.5 1 0.333333 0 1
p-xrgba4=1 0 0 0.498039 0
p-xscale=1 1 1
p-xscale1=0 0.6 0.6 0.6
p-xscale2=1 1.3 1.3 1.3
pass=-2
rendermode=1

[Basic2]
e-local-orient=0
e-rate=2
e-rotation1=1
e-rotation1-axis=0 1 0
e-rotation1P1=0 0
e-rotation1P2=1 360
e-rotation2=1
e-rotation2-axis=0 0 1
e-rotation2P1=0 0
e-rotation2P2=1 360
p-bindtoemitter=1 0
p-life=1
p-lifeP1=0 0.25
p-lifeP2=1 0.6499999761581421
p-linger=0.2
p-offset=60 0 0
p-offsetXP1=0 0
p-offsetXP2=1 1
p-postoffset=-50 100 0
p-scale=1 1 1
p-scaleXP1=0 150
p-scaleXP2=1 450
p-scaleYP1=0 25
p-scaleYP2=1 150
p-texture=Kalista_Skin01_Q_Flash_tar.dds
p-xrgba=1 1 1 0.30000799894332886
p-xrgba1=0 1 1 1 0
p-xrgba2=0.3 1 0 0.317647 1
p-xrgba3=1 0 0.333333 1 0
p-xscale=1 1 1
p-xscale1=0 1 1.5 1
p-xscale2=1 2 0.8 1
rendermode=4

[Spirit_Sphere]
e-local-orient=0
e-rate=2
e-uvoffset=1 1
e-uvoffsetXP1=0 0
e-uvoffsetXP2=1 1
e-uvoffsetYP1=0 0
e-uvoffsetYP2=1 1
p-bindtoemitter=1 1
p-life=2
p-linger=0.5
p-mesh=Kalista_Base_R_Charged_Sphere.scb
p-meshtex=Kalista_Skin01_Q_Flash_glow.dds
p-postoffset=-50 100 0
p-quadrot=135 1 0
p-quadrotYP1=0 0
p-quadrotYP2=1 360
p-scale=4.2 4.2 4.2
p-scaleXP1=0 1
p-scaleXP2=1 1.5
p-type=3
p-uvscroll-rgb=1 1
p-uvscroll-rgbXP1=0 -0.2
p-uvscroll-rgbXP2=1 0.2
p-uvscroll-rgbYP1=0 -0.2
p-uvscroll-rgbYP2=1 0.2
p-xrgba=1 1 1 1
p-xrgba1=0 0.666667 0 0.498039 0
p-xrgba2=0.25 0.666667 0 0.498039 1
p-xrgba3=0.5 1 0.333333 0 1
p-xrgba4=0.75 1 0.14902 0 1
p-xrgba5=1 1 1 1 0
rendermode=4
uniformscale=1

[System]
GroupPart1=Spirit_Sphere
GroupPart2=Basic
GroupPart3=Basic1
GroupPart4=Basic2
SimulateEveryFrame=1
build-up-time=5

