[Basic]
e-life=1.25
e-rate=10
e-rotation1=1
e-rotation1-axis=1 0 0
e-rotation1P1=0 0
e-rotation1P2=1 360
e-rotation2=1
e-rotation2-axis=0 1 0
e-rotation2P1=0 0
e-rotation2P2=1 360
e-timeoffset=0.25
p-drag=2 2 2
p-life=1
p-lifeP1=0 0.35
p-lifeP2=1 0.44999998807907104
p-postoffset=0 50 0
p-quadrot=90 0 0
p-scale=50 50 50
p-texture=Kalista_Skin01_Q_Spark.dds
p-vec-velocity-scale=0.0010000000474974513
p-vecalign=1
p-vel=0 2 0
p-velYP1=0 50
p-velYP2=0.85 300
p-velYP3=1 500
p-worldaccel=0 -350 0
p-xrgba=1 1 1 1
p-xrgba1=0 1 0 0 1
p-xrgba2=1 0.333333 0 0 1
p-xscale=1 1 1
p-xscale1=0 3 3 3
p-xscale2=0.2 1 1 1
p-xscale3=1 0.1 0.1 0.1
rendermode=1
single-particle=1

[System]
GroupPart1=blade
GroupPart1Importance=High
GroupPart2=bladefall
GroupPart2Importance=High
GroupPart3=Target
GroupPart3Importance=High
GroupPart4=Basic
GroupPart5=flash
GroupPart5Importance=High
PersistThruDeath=1
SimulateEveryFrame=1

[Target]
e-life=0.7000000000000001
e-rate=2
e-timeoffset=0.2
p-bindtoemitter=1 1
p-flexoffset=0.004999999888241291
p-flexscale=0.004000000189989805
p-life=0.15000000596046448
p-linger=0
p-offset=0 50 0
p-quadrot=1 0 0
p-quadrotXP1=0 -35
p-quadrotXP2=1 35
p-scale=300 300 300
p-texture=Kalista_Skin01_P_Reticle.dds
p-texture-mult=Kalista_Skin01_BA_tail.dds
p-uvscroll-rgb-mult=1 1
p-uvscroll-rgb-multXP1=0 0.5
p-uvscroll-rgb-multXP2=1 -0.5
p-uvscroll-rgb-multYP1=0 0.5
p-uvscroll-rgb-multYP2=1 -0.5
p-xrgba=1 0 0 1
p-xrgba1=0 1 1 1 1
p-xrgba2=1 1 1 1 1
p-xscale=1 1 1
p-xscale1=0 1 1 1
p-xscale2=1 0.1 0.1 0.1
rendermode=1
single-particle=1

[blade]
e-life=1
e-rate=1
p-bindtoemitter=1 1
p-life=0.15000000596046448
p-linger=0
p-postoffset=0 200 0
p-scale=60 60 60
p-scalebias=2 5
p-shadow=1
p-simpleorient=3
p-texture=Kalista_Skin01_P_Blade_Fall.dds
p-xrgba=1 1 1 1
p-xrgba1=0 1 0 0 1
p-xrgba2=0.3 1 1 1 1
p-xrgba3=1 1 0 0 1
p-xscale=1 1 1
p-xscale1=0 1 1 1
p-xscale2=0.30000000000000004 2 2 2
p-xscale3=1 1 1 1
rendermode=1
single-particle=1

[bladefall]
Particle-Velocity=0 1 0
Particle-Velocity1=0 0 0 0
Particle-Velocity2=0.5 0 0 0
Particle-Velocity3=0.501 0 1 0
Particle-Velocity4=1 0 1 0
e-life=1.149999976158142
e-rate=1
e-timeoffset=0.15000000596046448
p-bindtoemitter=1 1
p-life=0.1
p-linger=0
p-postoffset=0 200 0
p-scale=60 60 60
p-scalebias=2 5
p-shadow=1
p-simpleorient=3
p-texture=Kalista_Skin01_P_Blade_Fall.dds
p-vel=0 -2000 0
p-xrgba=1 1 1 1
p-xrgba1=0 1 0 0 1
p-xrgba2=0.5 0.333333 0 0 1
p-xscale=1 1 1
p-xscale1=0 1 1 1
p-xscale2=0.2 1 1 1
p-xscale3=1 0.699999988079071 1.350000023841858 0.699999988079071
rendermode=1
single-particle=1

[flash]
e-life=0.7000000000000001
e-rate=2
e-timeoffset=0.2
p-bindtoemitter=1 1
p-flexoffset=0.004999999888241291
p-flexscale=0.004000000189989805
p-life=0.15000000596046448
p-linger=0
p-offset=0 50 0
p-quadrot=1 0 0
p-quadrotXP1=0 0
p-quadrotXP2=1 90
p-scale=300 300 300
p-texture=Kalista_Skin01_P_Flash_tar.dds
p-xrgba=1 0 0 1
p-xrgba1=0 1 1 1 1
p-xrgba2=1 1 1 1 1
p-xscale=1 1 1
p-xscale1=0 0.5 1 1
p-xscale2=0.30000000000000004 1 1 1
p-xscale3=1 1 0.5 1
rendermode=1
single-particle=1

[UNKNOWN_HASHES]
unk6E3A0982=1
