[System]
GroupPart1=magicdust
GroupPart2=ring
GroupPart3=flash
GroupPart4=flash1
GroupPart5=flash2
PersistThruDeath=1
SimulateEveryFrame=1
SoundOnCreate=Play_sfx_Kalista_KalistaMysticShotMisTrue_hit

[flash]
e-life=1
e-local-orient=0
e-rate=1
p-bindtoemitter=1 1
p-flexoffset=0.004999999888241291
p-flexscale=0.004999999888241291
p-life=0.2
p-quadrot=1 0 0
p-quadrotXP1=0 1
p-quadrotXP2=1 360
p-scale=300 150 220
p-texture=Kalista_Skin01_Q_Flash_tar.dds
p-xscale=1 1 1
p-xscale1=0 0 0 0
p-xscale2=0.09000000357627869 1.100000023841858 1.100000023841858 1.100000023841858
p-xscale3=1 0.1 0.1 0.1
rendermode=4
single-particle=1

[flash1]
e-life=1
e-local-orient=0
e-rate=1
p-bindtoemitter=1 1
p-flexoffset=0.004999999888241291
p-flexscale=0.004999999888241291
p-life=0.1
p-linger=0.1
p-quadrot=1 0 0
p-quadrotXP1=0 1
p-quadrotXP2=1 360
p-scale=300 300 220
p-texture=Kalista_Skin01_Q_Flash_glow.dds
p-xscale=1 1 1
p-xscale1=0 0 0 0
p-xscale2=1 1 1 1
rendermode=4
single-particle=1
uniformscale=1

[flash2]
e-life=1
e-rate=1
p-bindtoemitter=1 1
p-flexoffset=0.004999999888241291
p-flexscale=0.004999999888241291
p-life=0.15000000596046448
p-linger=0.1
p-offset=0 0 -50
p-quadrot=90 90 0
p-scale=300 300 220
p-texture=Kalista_Skin01_Q_hit_spear_shadow.dds
p-type=1
p-xrgba=1 1 1 1
p-xrgba1=0 0.666667 0.513725 0.513725 1
p-xrgba2=0.3 0.333333 0 0 1
p-xrgba3=1 0 0 0 0
p-xscale=1 1 1
p-xscale1=0 0 1 1
p-xscale2=1 1.6 0 1
rendermode=1
single-particle=1

[magicdust]
e-life=1
e-rate=50
p-drag=3 3 3
p-fixedorbittype=1
p-flexoffset=0.004999999888241291
p-life=0.8
p-lifeP1=0 0.3
p-lifeP2=0.8999999761581421 0.75
p-lifeP3=1 1.5
p-linger=1
p-offset=10 1 10
p-offsetXP1=0 -1
p-offsetXP2=1 1
p-offsetYP1=0 -35
p-offsetYP2=1 35
p-offsetZP1=0 -1
p-offsetZP2=1 1
p-orbitvel=0 0 0
p-orbitvelXP1=0 1
p-orbitvelXP2=1 -1
p-orbitvelYP1=0 0.7
p-orbitvelYP2=0.44999998807907104 0.4000000059604645
p-orbitvelYP3=0.550000011920929 -0.4000000059604645
p-orbitvelYP4=1 -0.699999988079071
p-orbitvelZP1=0 1
p-orbitvelZP2=1 -1
p-scale=4 4 4
p-scaleXP1=0 0.5
p-scaleXP2=1 3
p-texture=Kalista_Skin01_Q_Spark.dds
p-vel=300 300 -1500
p-velXP1=0 -1
p-velXP2=1 1
p-velYP1=0 1
p-velYP2=1 -1
p-velZP1=0 0.2
p-velZP2=1 1
p-xrgba=0.188235 0 0 1
p-xscale=1 1 1
p-xscale1=0 2 2 2
p-xscale2=0.2 1 1 1
p-xscale3=0.8 1 1 1
p-xscale4=1 0 0 0
rendermode=1
single-particle=1
uniformscale=1

[ring]
e-life=0.1
e-rate=10
p-backfaceon=1
p-bindtoemitter=1 1
p-drag=3 3 3
p-flexscale=0.004999999888241291
p-life=0.4
p-lifeP1=0 1
p-lifeP2=1 1.2000000000000002
p-linger=0
p-mesh=Kalista_Skin01_Q_hit_sphere_tar.scb
p-meshtex=Kalista_Skin01_Q_hit_circle_tar.dds
p-numframes=4
p-quadrot=0 180 1
p-quadrotZP1=0 0
p-quadrotZP2=1 90
p-randomstartframe=1
p-rotvel=0 0 360
p-rotvelZP1=0 0.5
p-rotvelZP2=1 1
p-scale=1.5 1.5 1.5
p-scaleZP1=0 1
p-scaleZP2=1 2
p-type=3
p-vel=0 0 -1500
p-xrgba=1 1 1 1
p-xrgba1=0 1 1 1 1
p-xrgba2=0.05 1 1 1 1
p-xrgba3=0.5 1 0 0 0.498039
p-xrgba4=1 0 0 0 0
p-xscale=1 1 1
p-xscale1=0 0 0 0
p-xscale2=0.2 2 2 2
p-xscale3=1 3 3 5
pass=1
rendermode=1

