[System]
GroupPart1=Veigar08MinionScramble
SimulateEveryFrame=1
SoundOnCreate=Play_sfx_VeigarSkin08_VeigarEventHorizon_hit
group-scale-cap=500

[Veigar08MinionScramble]
e-life=2.7
e-local-orient=0
e-rate=16
e-rotation1=1
e-rotation1-axis=0 1 0
e-rotation1P1=0 0
e-rotation1P2=1 360
p-bindtoemitter=1 1
p-colorscale=0.5 1
p-colortype=1 3
p-distortion-power=0.009999999776482582
p-flexoffset=0.004000000189989805
p-flexscale=0.004999999888241291
p-life=0.4
p-lifeP1=0 0.5
p-lifeP2=0.9 1
p-lifeP3=1 2
p-linger=0
p-normal-map=Veigar_Skin08_Z_GlitchDistort.dds
p-offset=30 160 0
p-offsetYP1=0 0
p-offsetYP2=1 1
p-postoffset=0 0 -50
p-quadrot=1 0 1
p-quadrotXP1=0 0
p-quadrotXP2=0.25 0
p-quadrotXP3=0.2501 90
p-quadrotXP4=0.5 90
p-quadrotXP5=0.5001 180
p-quadrotXP6=0.75 180
p-quadrotXP7=0.7501 270
p-rgba=color-rampdown32.dds
p-rotvel=0 0 0
p-rotvelXP1=0 -1
p-rotvelXP2=1 1
p-scale=30 37 1
p-scaleXP1=0 0.5
p-scaleXP2=1 1
p-scaleYP1=0 1
p-scaleYP2=1 5
p-shadow=1
p-texture=aura_self.dds
p-vel=1 0 0
p-velXP1=0 1.1
p-velXP2=1 0.6700000166893005
p-xscale=1 1 1
p-xscale1=0 0 1 0
p-xscale2=0.05000000074505806 1 1 1
p-xscale3=0.1 1 1 1
p-xscale4=0.9 1 1 1
p-xscale5=1 1 0 1
pass=-1
rendermode=1
uniformscale=1

