[StreakTrail]
e-life=0.05999999865889549
e-rate=35
e-uvoffset=1 1
e-uvoffset1=0 -0.07 1
e-uvoffset2=1 -0.25 1
e-uvoffsetYP1=0 -0.1
e-uvoffsetYP2=1 -0.15000000596046448
p-bindtoemitter=1 0
p-life=0.1
p-lifeP1=0 1
p-lifeP2=1 1
p-linger=2
p-local-orient=1
p-mesh=Veigar_Skin08_BA_torus.sco
p-meshtex=Veigar_Skin08_BA_streak.dds
p-offset=-80 220 -80
p-quadrot=180 -20 -10
p-scale=-1.399999976158142 0.5 1
p-type=3
p-uvscroll-no-alpha=1
p-uvscroll-rgb=-1.5 0
p-xrgba=1 1 1 1
p-xrgba1=0 0.25098 0.470588 0 1
p-xrgba2=1 0.054902 0.313725 0 0
rendermode=4

[System]
GroupPart1=StreakTrail
PersistThruDeath=1
SimulateEveryFrame=1

