[Distort]
e-disabled=1
e-framerate=4
e-life=0.1
e-rate=1
e-rotation1=1
e-rotation1P1=0 0
e-rotation1P2=1 360
p-bindtoemitter=1 1
p-distortion-power=0.05000000074505806
p-life=2
p-lifeP1=0 0.15
p-lifeP2=1 0.8500000238418579
p-normal-map=Veigar_Skin08_Z_GlitchDistort.dds
p-numframes=4
p-offset=0 5 0
p-offsetXP1=0 0
p-offsetXP2=1 8
p-offsetYP1=0 0
p-offsetYP2=1 12
p-rotvel=0 0 0
p-rotvelXP1=0 -720
p-rotvelXP2=0.5 -720
p-rotvelXP3=0.51 720
p-rotvelXP4=1 720
p-scale=50 50 1
p-scaleXP1=0 1
p-scaleXP2=1 0.9
p-texdiv=2 2
p-texture=color-hold.dds
p-vel=25 25 25
p-velYP1=0 0.5
p-velYP2=1 1.5
p-xscale=1 1 1
p-xscale1=0 1 1 1
p-xscale2=0.2 1 1 1
p-xscale3=1 1 1 1
rendermode=1
single-particle=1

[HitSpark]
e-life=0.30000000000000004
e-local-orient=0
e-rate=3
e-rotation1=0
e-rotation1-axis=0 1 0
e-rotation1P1=0 0
e-rotation1P2=0.5 0
e-rotation1P3=0.5001000165939331 1
flag-disable-z=1
p-bindtoemitter=1 1
p-drag=3 3 3
p-frameRate=32
p-life=0.2
p-linger=0
p-numframes=8
p-offset=0 80 0
p-quadrot=0 0 90
p-scale=60 30 50
p-texdiv=2 4
p-texture=Veigar_Skin08_Z_SimpleSpark.dds
p-texture-pixelate=1
p-type=1
p-vel=0 0 33
p-xrgba=0.247059 0.576471 0 1
p-xscale=1 1 1
p-xscale1=0 1 1 1
p-xscale2=1 1 1 1
pass=5
single-particle=1

[Pixels]
e-life=4.25
e-local-orient=0
e-rate=30
e-rotation1=1
e-rotation1-axis=0 1 0
e-rotation1P1=0 0
e-rotation1P2=1 360
flag-disable-z=1
p-colortype=1 3
p-drag=6 3 6
p-life=0.3499999940395355
p-lifeP1=0 0.4
p-lifeP2=1 1
p-linger=2
p-offset=0 0 0
p-offsetXP1=0 0.99
p-offsetXP2=1 1.0099999904632568
p-quadrot=90 0 90
p-rgba=Veigar_Skin08_Z_FlickerColor_02.dds
p-scale=30 20 30
p-texture=Veigar_Skin08_Z_GlowPixel.dds
p-type=1
p-vec-velocity-scale=0.009999999776482582
p-vecalign=1
p-vel=900 0 0
p-velXP1=0 0.8
p-velXP2=0.009999999776482582 0.800000011920929
p-velXP3=1 1
p-velYP1=0 0.5
p-velYP2=1 1
p-velZP1=0 -1
p-velZP2=1 1
p-xrgba=1 1 1 1
p-xrgba1=0 1 1 1 1
p-xrgba2=0.2 0.701961 1 0 1
p-xrgba3=0.5 0.007843 0.121569 0 1
p-xrgba4=1 0 0 0 1
p-xscale=1 1 1
p-xscale1=0 0.3 0.3 0.3
p-xscale2=0.8 1 1 1
rendermode=4
single-particle=1

[System]
GroupPart1=Distort
GroupPart1Importance=High
GroupPart2=HitSpark
GroupPart3=Pixels
SimulateEveryFrame=1

[UNKNOWN_HASHES]
unk20E864A9=0 0 0 0 255
unk20E864AA=0.1226667 255 255 255 255
unk20E864AB=0.2370705 211 255 212 255
unk20E864AC=0.3477372 166 255 154 255
unk20E864AD=0.7173334 0 255 0 255
unk20E864AE=1 0 0 0 255
unk3B12A027=1
unk87211C7E=0 15 0
unkCF7A369A=0 30 0
