[AlphaGlitches]
KeywordsRequired=VeigarSkin08
e-rate=20
p-bindtoemitter=0.6000000000000001 0.6000000000000001
p-drag=3 3 3
p-life=0.2
p-lifeP1=0 1
p-lifeP2=0.9 1.5
p-lifeP3=1 2
p-local-orient=1
p-offset=10 0 15
p-offsetXP1=0 -1
p-offsetXP2=1 1
p-offsetYP1=0 -1
p-offsetYP2=1 1
p-offsetZP1=0 -1
p-offsetZP2=1 1
p-postoffset=-10 0 0
p-quadrot=90 0 0
p-rgba=Veigar_Skin08_Z_FlickerColor.dds
p-rotvel=0 0 0
p-rotvelXP1=0 1
p-rotvelXP2=0.5 0
p-rotvelXP3=1 -1
p-scale=30 30 65
p-scaleXP1=0 0.5
p-scaleXP2=1 1
p-texture=Veigar_Skin08_Z_PixelPortal.dds
p-vel=-250 0 0
p-velXP1=0 0.3
p-velXP2=1 1
p-xrgba=0 0 0 1
p-xscale=1 1 1
p-xscale1=0 1 1 1
p-xscale2=1 0 0 1
pass=-1
rendermode=1
uniformscale=1

[AlphaGlitches1]
KeywordsRequired=VeigarSkin08
e-rate=5
p-bindtoemitter=1 1
p-drag=3 3 3
p-life=0.30000000000000004
p-lifeP1=0 1
p-lifeP2=0.9 1.5
p-lifeP3=1 2
p-offset=10 0 15
p-offsetXP1=0 -1
p-offsetXP2=1 1
p-offsetYP1=0 -1
p-offsetYP2=1 1
p-offsetZP1=0 -1
p-offsetZP2=1 1
p-postoffset=10 0 0
p-quadrot=90 0 0
p-rgba=Veigar_Skin08_Z_FlickerColor.dds
p-rotvel=0 0 0
p-rotvelXP1=0 1
p-rotvelXP2=0.5 0
p-rotvelXP3=1 -1
p-scale=30 30 65
p-scaleXP1=0 0.5
p-scaleXP2=1 1
p-texture=Veigar_Skin08_Z_GlowPixel.dds
p-vel=-350 0 0
p-velXP1=0 0.3
p-velXP2=1 1
p-xrgba=0 0.384314 1 1
p-xrgba1=0 1 1 1 0
p-xrgba2=0.5 1 1 1 1
p-xscale=1 1 1
p-xscale1=0 1 1 1
p-xscale2=1 0 0 0
uniformscale=1

[BrightGlitches]
e-disabled=1
e-rate=45
p-drag=3 3 3
p-life=0.2
p-numframes=16
p-offset=10 20 10
p-offsetXP1=0 -1
p-offsetXP2=1 1
p-offsetYP1=0 -1
p-offsetYP2=1 1
p-offsetZP1=0 -1
p-offsetZP2=1 1
p-quadrot=0 0 90
p-quadrotXP1=0 0
p-quadrotXP2=0.25 0
p-quadrotXP3=0.2501 90
p-quadrotXP4=0.5 90
p-quadrotXP5=0.5001 180
p-quadrotXP6=0.75 180
p-quadrotXP7=0.7501 270
p-quadrotYP1=0 0
p-quadrotYP2=0.25 0
p-quadrotYP3=0.2501 90
p-quadrotYP4=0.5 90
p-quadrotYP5=0.5001 180
p-quadrotYP6=0.75 180
p-quadrotYP7=0.7501 270
p-quadrotZP1=0 0
p-quadrotZP2=0.25 0
p-quadrotZP3=0.2501 90
p-quadrotZP4=0.5 90
p-quadrotZP5=0.5001 180
p-quadrotZP6=0.75 180
p-quadrotZP7=0.7501 270
p-randomstartframe=1
p-rgba=Veigar_Skin08_Z_FlickerColor.dds
p-rotvel=0 0 0
p-rotvelXP1=0 1
p-rotvelXP2=0.5 0
p-rotvelXP3=1 -1
p-scale=30 40 65
p-scaleXP1=0 0.5
p-scaleXP2=1 1
p-texdiv=4 4
p-texture=Veigar_Skin08_Z_glitchesGlow_01.dds
p-type=1
p-vel=0 80 0
p-xrgba=1 1 1 1
p-xrgba1=0 1 1 1 1
p-xrgba2=0.3 0.65098 1 0 1
p-xrgba3=0.5 0.007843 0.188235 0 1
p-xrgba4=1 0 0 0 1
uniformscale=1

[Pulse]
e-disabled=1
e-life=0.1
e-rate=1
p-drag=3 3 3
p-frameRate=32
p-life=0.25
p-linger=0
p-numframes=8
p-offset=0 40 0
p-quadrot=90 0 0
p-scale=70 70 0
p-texdiv=2 4
p-texture=Veigar_Skin08_Z_DiamondPulse.dds
p-texture-mode=clamp
p-texture-pixelate=1
p-uvscroll-rgb-clamp=1
p-vel=0 200 0
p-xrgba=1 1 1 1
p-xrgba1=0 1 1 1 0
p-xrgba2=0.05 1 1 1 1
p-xrgba3=0.3 0.682353 1 0 1
p-xrgba4=0.5 0.031373 0.113725 0 1
p-xrgba5=1 0 0.058824 0 1
single-particle=1
uniformscale=1

[System]
GroupPart1=BrightGlitches
GroupPart1Importance=High
GroupPart2=AlphaGlitches
GroupPart2Importance=High
GroupPart3=Pulse
GroupPart4=AlphaGlitches1
GroupPart4Importance=High
SimulateEveryFrame=1

[UNKNOWN_HASHES]
unk16499D55=0 350 0
unk3C123504=0 350 0
unk50D47888=0 350 0
