[AP]
e-life=1
e-local-orient=0
e-rate=0.30000000000000004
flag-disable-z=1
p-bindtoemitter=1 1
p-drag=0 9 0
p-life=1
p-linger=0
p-offset=0 280 -20
p-scale=40 40 0
p-scale1=0 1 1 1
p-scale2=1 0.5 1 1
p-texture=Veigar_Skin08_Q_PowerupSmall.dds
p-texture-mode=clamp
p-uvscroll-rgb-clamp=1
p-vel=0 500 0
p-xrgba=1 1 1 1
p-xrgba1=0 1 1 1 1
p-xrgba2=0.8 1 1 1 1
p-xrgba3=0.85 0.694118 0.764706 0.619608 1
p-xrgba4=0.9 1 1 1 1
p-xrgba5=0.95 0.568627 0.690196 0.533333 1
p-xrgba6=1 0 0 0 0.176501
p-xscale=1 1 1
p-xscale1=0 0 0 0
p-xscale2=0.05000000074505806 1.2999999523162842 1.2999999523162842 1
p-xscale3=0.1 1 1 1
p-xscale4=0.949999988079071 1 1 1
p-xscale5=1 1.4 0.3 0
rendermode=1

[APSheen]
e-life=1.1
e-local-orient=0
e-rate=1
e-timeoffset=0.1
flag-disable-z=1
p-bindtoemitter=1 1
p-drag=0 9 0
p-frameRate=16
p-life=0.47999998927116394
p-linger=0
p-numframes=8
p-offset=0 280 -20
p-scale=40 50 0
p-scale1=0 1 1 1
p-scale2=1 0.5 1 1
p-texdiv=2 4
p-texture=Veigar_Skin08_Q_PowerupSheen.dds
p-texture-mode=clamp
p-texture-pixelate=1
p-uvscroll-rgb-clamp=1
p-vel=0 500 0
p-xrgba=1 1 1 0.45200300216674805
p-xrgba1=0 1 1 1 1
p-xrgba2=0.7 1 1 1 1
p-xrgba3=1 0 0.568627 1 1
pass=1
single-particle=1
uniformscale=1

[Pulse]
e-life=0.1
e-local-orient=0
e-rate=1
flag-disable-z=1
p-bindtoemitter=1 1
p-drag=3 9 3
p-frameRate=32
p-life=0.25
p-linger=0
p-numframes=8
p-offset=0 280 -20
p-quadrot=90 0 0
p-scale=80 80 0
p-scale1=0 1 1 1
p-scale2=1 0.5 1 1
p-texdiv=2 4
p-texture=Veigar_Skin08_Z_DiamondPulse.dds
p-texture-mode=clamp
p-texture-pixelate=1
p-uvscroll-rgb-clamp=1
p-vel=0 500 0
p-xrgba=1 1 1 1
p-xrgba1=0 1 1 1 0
p-xrgba2=0.05 1 1 1 1
p-xrgba3=0.2 1 0.917647 0 1
p-xrgba4=0.4 1 0.564706 0 1
p-xrgba5=0.8 0.247059 0.090196 0 1
p-xrgba6=1 1 0 0 0
single-particle=1
uniformscale=1

[Sheen]
e-disabled=1
e-life=1.3
e-rate=1
e-timeoffset=0.30000000000000004
flag-disable-z=1
p-bindtoemitter=1 1
p-frameRate=16
p-life=0.5
p-linger=0
p-numframes=8
p-offset=0 30 0
p-scale=50 50 0
p-scale1=0 1 1 1
p-scale2=1 0.5 1 1
p-texdiv=2 4
p-texture=Veigar_Skin08_Z_AP.dds
p-texture-mode=clamp
p-texture-pixelate=1
p-uvscroll-rgb-clamp=1
pass=1
rendermode=1
single-particle=1
uniformscale=1

[Static]
e-disabled=1
e-life=1
e-rate=0.30000000000000004
flag-disable-z=1
p-bindtoemitter=1 1
p-life=0.5
p-linger=0
p-numframes=8
p-offset=0 30 0
p-scale=50 50 0
p-scale1=0 1 1 1
p-scale2=1 0.5 1 1
p-texdiv=2 4
p-texture=Veigar_Skin08_Z_AP.dds
p-texture-mode=clamp
p-texture-pixelate=1
p-uvscroll-rgb-clamp=1
rendermode=1
uniformscale=1

[System]
GroupPart1=Pulse
GroupPart2=Static
GroupPart3=Sheen
GroupPart4=AP
GroupPart5=APSheen
SimulateEveryFrame=1
SoundOnCreate=Play_sfx_VeigarSkin08_VeigarBalefulStrike_powerup

