[Snow]
e-life=-1
e-linger=2
e-local-orient=1
e-rate=65
e-rotation1=1
e-rotation1-axis=1 0 0
e-rotation1P1=0 0
e-rotation1P2=1 360
e-rotation2=1
e-rotation2-axis=0 0 1
e-rotation2P1=0 0
e-rotation2P2=1 360
field-accel-1=Snow_Accel
field-drag-1=Snow_Drag
p-bindtoemitter=0 0
p-colortype=1 3
p-life=1
p-lifeP1=0 0.1
p-lifeP2=0.9 0.75
p-lifeP3=1 1.5
p-numframes=4
p-offset=1 1 1
p-offsetXP1=0 0
p-offsetXP2=1 100
p-offsetYP1=0 0
p-offsetYP2=1 200
p-offsetZP1=0 0
p-offsetZP2=1 100
p-orbitvel=0.2 0.2 0.2
p-orbitvelXP1=0 1
p-orbitvelXP2=1 -1
p-orbitvelYP1=0 1
p-orbitvelYP2=1 -1
p-orbitvelZP1=0 1
p-orbitvelZP2=1 -1
p-postoffset=0 200 0
p-quadrot=1 0 0
p-quadrotXP1=0 0
p-quadrotXP2=1 360
p-randomstartframe=1
p-rgba=Quinn_Skin02_SnowBits_Ramp.dds
p-rotvel=1 0 0
p-rotvelXP1=0 -300
p-rotvelXP2=1 300
p-scale=4 4 4
p-scaleXP1=0 0.25
p-scaleXP2=1 1
p-scaleYP1=0 0.25
p-scaleYP2=1 1
p-texdiv=2 2
p-texture=Quinn_Skin02_SnowBits.dds
p-type=0
p-xscale1=0 0 0 0
p-xscale2=0.2 1 1 1
p-xscale3=0.7 1 1 1
p-xscale4=1 0 0 0
rendermode=1
uniformscale=1

[Snow_Accel]
f-accel=0 -400 -100
f-localspace=0

[Snow_Drag]
f-drag=5
f-pos=0 0 0
f-radius=500

[Sparkle]
e-life=-1
e-linger=2
e-local-orient=1
e-rate=65
e-rotation1=1
e-rotation1-axis=1 0 0
e-rotation1P1=0 0
e-rotation1P2=1 360
e-rotation2=1
e-rotation2-axis=0 0 1
e-rotation2P1=0 0
e-rotation2P2=1 360
field-accel-1=Sparkle_Accel
field-drag-1=Sparkle_Drag
p-bindtoemitter=0 0
p-colortype=1 3
p-life=1
p-lifeP1=0 0.1
p-lifeP2=0.9 0.75
p-lifeP3=1 1.5
p-numframes=4
p-offset=1 1 1
p-offsetXP1=0 0
p-offsetXP2=1 100
p-offsetYP1=0 0
p-offsetYP2=1 200
p-offsetZP1=0 0
p-offsetZP2=1 100
p-orbitvel=0.2 0.2 0.2
p-orbitvelXP1=0 1
p-orbitvelXP2=1 -1
p-orbitvelYP1=0 1
p-orbitvelYP2=1 -1
p-orbitvelZP1=0 1
p-orbitvelZP2=1 -1
p-postoffset=0 200 0
p-quadrot=1 0 0
p-quadrotXP1=0 0
p-quadrotXP2=1 360
p-randomstartframe=1
p-rgba=Quinn_Skin02_SnowSparkle_Ramp.dds
p-rotvel=1 0 0
p-rotvelXP1=0 -300
p-rotvelXP2=1 300
p-scale=6 6 6
p-scaleXP1=0 0.25
p-scaleXP2=1 1.5
p-scaleYP1=0 0.25
p-scaleYP2=1 1.5
p-texdiv=2 2
p-texture=Quinn_Skin02_SnowSparkle.dds
p-type=0
p-xscale1=0 0 0 0
p-xscale2=0.15000000596046448 1.149999976158142 1.149999976158142 1.149999976158142
p-xscale3=0.5 0.8930000066757202 0.8930000066757202 0.8930000066757202
p-xscale4=0.699999988079071 1.149999976158142 1.149999976158142 1.149999976158142
p-xscale5=1 0 0 0
rendermode=4
uniformscale=1

[Sparkle_Accel]
f-accel=0 -400 -100
f-localspace=0

[Sparkle_Drag]
f-drag=5
f-pos=0 0 0
f-radius=500

[Speed_Rings]
e-life=-1
e-linger=0
e-rate=30
p-bindtoemitter=1 0
p-life=0.4
p-lifeP1=0 1
p-lifeP2=1 1.4000000000000001
p-linger=0
p-postoffset=0 25 0
p-quadrot=1 0 0
p-quadrotXP1=0 0
p-quadrotXP2=1 360
p-rgba=Quinn_Base_R_Passive_Speed_Ring_Color.dds
p-rotvel=1
p-rotvelP1=0 -900
p-rotvelP2=1 900
p-scale=50
p-scaleP1=0 0.3
p-scaleP2=1 1
p-simpleorient=2
p-texture=Quinn_Base_R_Passive_Speed_Ring.dds
p-type=1
p-vel=55 0 55
p-velXP1=0 -1
p-velXP2=1 1
p-velZP1=0 -1
p-velZP2=1 1
p-xscale1=0 0.6
p-xscale2=1 2
rendermode=0

[System]
GroupPart1=Speed_Rings
GroupPart1Type=Simple
GroupPart2=Snow
GroupPart3=Sparkle
SimulateEveryFrame=1

