[Snow]
e-life=0.3
e-linger=0
e-local-orient=0
e-rate=50
e-rotation1=1
e-rotation1-axis=0 1 0
e-rotation1P1=0 0
e-rotation1P2=1 360
field-accel-1=SnowBurst_Accel
field-drag-1=SnowBurst_Drag
p-bindtoemitter=0 0
p-colortype=1 3
p-life=1
p-lifeP1=0 0.1
p-lifeP2=0.95 0.75
p-lifeP3=1 1.5
p-linger=5
p-numframes=4
p-orbitvel=1 1 1
p-orbitvelXP1=0 -1
p-orbitvelXP2=1 1
p-orbitvelYP1=0 -1
p-orbitvelYP2=1 1
p-orbitvelZP1=0 -1
p-orbitvelZP2=1 1
p-quadrot=1 0 0
p-quadrotXP1=0 0
p-quadrotXP2=1 360
p-randomstartframe=1
p-rgba=Quinn_Skin02_SnowBits_Ramp.dds
p-rotvel=1 0 0
p-rotvelXP1=0 -300
p-rotvelXP2=1 300
p-scale=4 4 4
p-scaleXP1=0 0.25
p-scaleXP2=1 1.25
p-scaleYP1=0 0.25
p-scaleYP2=1 1.25
p-texdiv=2 2
p-texture=Quinn_Skin02_W_Vulnerable_Enemy_SnowBits.dds
p-type=1
p-vel=0 0 1500
p-velZP1=0 0.2
p-velZP2=1 1
p-xscale1=0 0 0 0
p-xscale2=0.1 1 1 1
p-xscale3=0.7 1 1 1
p-xscale4=1 0 0 0
rendermode=1
single-particle=1
uniformscale=1

[SnowBurst_Accel]
f-accel=0 -800 0
f-localspace=0

[SnowBurst_Drag]
f-drag=5
f-pos=0 0 0
f-radius=500

[Sparkle]
e-life=0.3
e-linger=0
e-local-orient=0
e-rate=50
e-rotation1=1
e-rotation1-axis=0 1 0
e-rotation1P1=0 0
e-rotation1P2=1 360
field-accel-1=SparkleBurst_Accel
field-drag-1=SparkleBurst_Drag
p-bindtoemitter=0 0
p-colortype=1 3
p-life=1
p-lifeP1=0 0.1
p-lifeP2=0.95 0.75
p-lifeP3=1 1.5
p-linger=5
p-numframes=4
p-orbitvel=1 1 1
p-orbitvelXP1=0 -1
p-orbitvelXP2=1 1
p-orbitvelYP1=0 -1
p-orbitvelYP2=1 1
p-orbitvelZP1=0 -1
p-orbitvelZP2=1 1
p-quadrot=1 0 0
p-quadrotXP1=0 0
p-quadrotXP2=1 360
p-randomstartframe=1
p-rgba=Quinn_Skin02_SnowSparkle_Ramp.dds
p-rotvel=1 0 0
p-rotvelXP1=0 -300
p-rotvelXP2=1 300
p-scale=8 8 8
p-scaleXP1=0 0.25
p-scaleXP2=1 1.5
p-scaleYP1=0 0.25
p-scaleYP2=1 1.5
p-texdiv=2 2
p-texture=Quinn_Skin02_W_Vulnerable_Enemy_SnowSparkle.dds
p-type=1
p-vel=0 0 1500
p-velZP1=0 0.2
p-velZP2=1 1
p-xscale1=0.007 0 0 0
p-xscale2=0.10999999940395355 1 1 1
p-xscale3=0.20499999821186066 0.5320000052452087 0.5320000052452087 0.5320000052452087
p-xscale4=0.35199999809265137 1.350000023841858 1.350000023841858 1.350000023841858
p-xscale5=0.5049999952316284 0.4129999876022339 0.4129999876022339 0.4129999876022339
p-xscale6=0.6779999732971191 1.5 1.5 1.5
p-xscale7=0.800000011920929 0.5519999861717224 0.5519999861717224 0.5519999861717224
p-xscale8=0.8920000195503235 1 1 1
p-xscale9=1 0 0 0
rendermode=4
single-particle=1
uniformscale=1

[SparkleBurst_Accel]
f-accel=0 -800 0
f-localspace=0

[SparkleBurst_Drag]
f-drag=5
f-pos=0 0 0
f-radius=500

[System]
GroupPart1=flash
GroupPart1Type=Simple
GroupPart2=Snow
GroupPart3=Sparkle
PersistThruDeath=1
SimulateEveryFrame=1

[flash]
e-life=1
e-linger=0
e-rate=3
flag-disable-z=1
p-flexoffset=0.005
p-life=0.19
p-linger=0
p-quadrot=1
p-quadrotP1=0 -360
p-quadrotP2=1 360
p-rgba=Quinn_Skin02_W_Tar_Enhanced_Flash_Ramp.dds
p-scale=4
p-texture=Quinn_Skin02_W_Tar_Enhanced_Enemy_Flash.dds
p-type=0
p-xscale1=0 1
p-xscale2=1 75
pass=100
rendermode=0
single-particle=1

