[Snow]
e-life=-1
e-linger=0
e-local-orient=1
e-rate=40
e-rotation1=1
e-rotation1-axis=0 0 1
e-rotation1P1=0 0
e-rotation1P2=1 360
e-rotation2=1
e-rotation2-axis=0 1 0
e-rotation2P1=0 0
e-rotation2P2=1 360
p-bindtoemitter=0.1 0
p-colortype=1 3
p-drag=2 2 2
p-life=1
p-lifeP1=0 0.1
p-lifeP2=0.9 0.75
p-lifeP3=1 1.5
p-numframes=4
p-offset=16 0 0
p-offsetXP1=0 0.8
p-offsetXP2=1 1
p-orbitvel=5 0 0
p-orbitvelXP1=0 1
p-orbitvelXP2=1 -1
p-quadrot=1 0 0
p-quadrotXP1=0 0
p-quadrotXP2=1 360
p-randomstartframe=1
p-rgba=Quinn_Skin02_SnowBits_Ramp.dds
p-rotvel=1 0 0
p-rotvelXP1=0 -300
p-rotvelXP2=1 300
p-scale=3 3 3
p-scaleXP1=0 0.25
p-scaleXP2=1 1
p-scaleYP1=0 0.25
p-scaleYP2=1 1
p-texdiv=2 2
p-texture=Quinn_Skin02_SnowBits.dds
p-type=0
p-vel=10 0 0
p-xscale1=0 0 0 0
p-xscale2=0.2 1 1 1
p-xscale3=0.7 1 1 1
p-xscale4=1 0 0 0
rendermode=1
uniformscale=1

[Sparkle]
e-life=-1
e-linger=0
e-local-orient=1
e-rate=30
e-rotation1=1
e-rotation1-axis=0 0 1
e-rotation1P1=0 0
e-rotation1P2=1 360
e-rotation2=1
e-rotation2-axis=0 1 0
e-rotation2P1=0 0
e-rotation2P2=1 360
p-bindtoemitter=0.1 0
p-colortype=1 3
p-drag=2 2 2
p-life=1
p-lifeP1=0 0.1
p-lifeP2=0.9 0.75
p-lifeP3=1 1.5
p-numframes=4
p-offset=16 0 0
p-offsetXP1=0 0.8
p-offsetXP2=1 1
p-orbitvel=5 0 0
p-orbitvelXP1=0 1
p-orbitvelXP2=1 -1
p-quadrot=1 0 0
p-quadrotXP1=0 0
p-quadrotXP2=1 360
p-randomstartframe=1
p-rgba=Quinn_Skin02_SnowSparkle_Ramp.dds
p-rotvel=1 0 0
p-rotvelXP1=0 -300
p-rotvelXP2=1 300
p-scale=5 5 5
p-scaleXP1=0 0.25
p-scaleXP2=1 1.5
p-scaleYP1=0 0.25
p-scaleYP2=1 1.5
p-texdiv=2 2
p-texture=Quinn_Skin02_SnowSparkle.dds
p-type=0
p-vel=10 0 0
p-xscale1=0.007 0 0 0
p-xscale2=0.10999999940395355 1 1 1
p-xscale3=0.20499999821186066 0.5320000052452087 0.5320000052452087 0.5320000052452087
p-xscale4=0.35199999809265137 1.350000023841858 1.350000023841858 1.350000023841858
p-xscale5=0.5049999952316284 0.4129999876022339 0.4129999876022339 0.4129999876022339
p-xscale6=0.6779999732971191 1.5 1.5 1.5
p-xscale7=0.800000011920929 0.5519999861717224 0.5519999861717224 0.5519999861717224
p-xscale8=0.8920000195503235 1 1 1
p-xscale9=1 0 0 0
rendermode=4
uniformscale=1

[System]
GroupPart1=glow_vert
GroupPart2=line_vert
GroupPart3=glow_horz
GroupPart4=line_horz
GroupPart5=Snow
GroupPart6=Sparkle
SimulateEveryFrame=1

[glow_horz]
e-life=-1
e-linger=0.2
e-rate=2
p-bindtoemitter=1 1
p-coloroffset=0.15 0
p-life=2
p-linger=0.2
p-local-orient=1
p-postoffset=-15 0 0
p-quadrot=180 180 90
p-rgba=Quinn_Skin02_P_Buff_Glow_Ramp.dds
p-scale=35 60 35
p-texture=Quinn_Skin02_P_Buff_Glow.tga
p-type=1
p-vel=-5 0 0
rendermode=4

[glow_vert]
e-life=-1
e-linger=0.2
e-rate=2
p-bindtoemitter=1 1
p-coloroffset=0.15 0
p-life=2
p-linger=0.2
p-local-orient=1
p-postoffset=-15 0 0
p-quadrot=180 180 90
p-rgba=Quinn_Skin02_P_Buff_Glow_Ramp.dds
p-scale=50 60 25
p-texture=Quinn_Skin02_P_Buff_Glow.dds
p-type=1
p-vel=-5 0 0
rendermode=4

[line_horz]
e-life=-1
e-linger=0
e-rate=2
p-bindtoemitter=1 1
p-coloroffset=0.15 0
p-life=2
p-linger=0
p-local-orient=1
p-postoffset=-15 0 0
p-quadrot=180 180 90
p-rgba=Quinn_Skin02_P_Buff_Line_Ramp.dds
p-scale=2 60 2
p-texture=Quinn_Skin02_P_Buff_Line.dds
p-type=1
p-vel=-5 0 0
rendermode=4

[line_vert]
e-life=-1
e-linger=0
e-rate=2
p-bindtoemitter=1 1
p-coloroffset=0.15 0
p-life=2
p-linger=0
p-local-orient=1
p-postoffset=-15 0 0
p-quadrot=180 180 90
p-rgba=Quinn_Skin02_P_Buff_Line_Ramp.dds
p-scale=2 60 2
p-texture=Quinn_Skin02_P_Buff_Line.dds
p-type=1
p-vel=-5 0 0
rendermode=4

