[Flash1]
e-life=0.1
e-rate=1
flag-disable-z=1
p-bindtoemitter=1 1
p-life=0.1
p-linger=0
p-postoffset=0 20 0
p-quadrot=90 0 0
p-scale=250 250 1
p-texture=Flare-omnimax.dds
p-xrgba=1 1 1 1
p-xrgba1=0 1 1 1 1
p-xrgba2=0.5 0 0.784314 1 1
p-xrgba3=1 0.784314 0 1 1
p-xscale=1 1 1
p-xscale1=0 0 0 1
p-xscale2=0.1 1 1 1
p-xscale3=1 0 0 0
pass=1
single-particle=1

[Sparks]
e-life=0.30000000000000004
e-rate=55
p-drag=3 3 3
p-life=0.30000000000000004
p-offset=60 450 0
p-offsetXP1=0 -1
p-offsetXP2=1 1
p-offsetYP1=0 0
p-offsetYP2=1 1
p-orbitvel=0 1 0
p-orbitvelYP1=0 -1
p-orbitvelYP2=1 1
p-scale=10 10 0
p-scaleXP1=0 1
p-scaleXP2=1 2
p-scaleYP1=0 1
p-scaleYP2=1 1
p-texture=Flare-Sun_lightblue.dds
p-vecalign=1
p-vel=200 500 0
p-velXP1=0 -1
p-velXP2=1 1
p-xrgba=1 1 1 1
p-xrgba1=0 0.929412 1 0.898039 1
p-xrgba2=0.3 0.654902 0.92549 1 1
p-xrgba3=0.8 0.14902 0 0.345098 1
p-xscale=1 1 1
p-xscale1=0 0 0 0
p-xscale2=0.2 1 1 1
p-xscale3=1 0 0 0
uniformscale=1

[Streak]
e-life=0.1
e-rate=1
p-bindtoemitter=1 1
p-life=0.11999999731779099
p-linger=0
p-postoffset=0 20 0
p-quadrot=-90 0 90
p-scale=100 450 1
p-texture=LeBlanc_Skin04_Z_Streak.dds
p-type=2
p-xrgba=1 1 1 1
p-xrgba1=0 1 1 1 1
p-xrgba2=0.5 0 0.784314 1 1
p-xrgba3=1 0.07451 0 0.266667 1
p-xscale=1 1 1
p-xscale1=0 1 0 1
p-xscale2=0.30000001192092896 1 0.6499999761581421 1
p-xscale3=0.7000000000000001 0.5 1 1
p-xscale4=1 0 1.1 1
pass=1
single-particle=1

[System]
GroupPart1=Wisps
GroupPart1Importance=High
GroupPart2=Flash1
GroupPart2Importance=High
GroupPart3=Streak
GroupPart3Importance=High
GroupPart4=Sparks
PersistThruDeath=1
SimulateEveryFrame=1

[Wisps]
e-life=0.1
e-rate=300
e-rotation1=1
e-rotation1-axis=0 1 0
e-rotation1P1=0 0
e-rotation1P2=1 360
p-drag=1 3 1
p-life=0.7000000000000001
p-lifeP1=0 0.3
p-lifeP2=0.9 1
p-lifeP3=1 1.5
p-numframes=15
p-offset=50 30 0
p-offsetXP1=0 0
p-offsetXP2=1 1
p-offsetYP1=0 -1
p-offsetYP2=1 1
p-postoffset=0 110 0
p-quadrot=90 0 0
p-randomstartframe=1
p-scale=80 130 0
p-scaleXP1=0 1.5
p-scaleXP2=0.1 1
p-scaleXP3=0.5 0.5
p-scaleXP4=0.5001000165939331 -0.5
p-scaleXP5=0.8999999761581421 -1
p-scaleXP6=1 1.5
p-scaleYP1=0 0.7
p-scaleYP2=1 1
p-texdiv=4 4
p-texture=LeBlanc_Skin04_Z_Wisps.dds
p-type=1
p-vecalign=1
p-vel=0 1210 0
p-velXP1=0 0.8
p-velXP2=1 1
p-velYP1=0 0.2
p-velYP2=1 1
p-xrgba=1 1 1 1
p-xrgba1=0 0 1 0.701961 1
p-xrgba2=0.3 0 0.239216 0.603922 1
p-xrgba3=1 0.317647 0 0.333333 0
p-xscale=1 1 1
p-xscale1=0 1 0.2 1
p-xscale2=1 0.1 1.2000000000000002 1

[UNKNOWN_HASHES]
unk01E97008=1
unk0CD0BBFD=600
unkA7D96A9F=7
