[Feathers]
e-life=1
e-rate=46
p-drag=3 3 3
p-life=1.3
p-lifeP1=0 0.5
p-lifeP2=1 1
p-numframes=4
p-offset=10 50 0
p-offsetYP1=0 -1
p-offsetYP2=1 1
p-postoffset=0 100 0
p-quadrot=1 0 0
p-quadrotXP1=0 0
p-quadrotXP2=1 360
p-randomstartframe=1
p-rotvel=300 300 300
p-rotvelXP1=0 -1
p-rotvelXP2=0.5 -0.5
p-rotvelXP3=0.5001000165939331 0.5
p-rotvelXP4=1 1
p-rotvelYP1=0 -1
p-rotvelYP2=1 1
p-rotvelZP1=0 -1
p-rotvelZP2=1 1
p-scale=30 -30 0
p-scaleXP1=0 1
p-scaleXP2=1 1
p-scaleYP1=0 1
p-scaleYP2=1 1
p-texdiv=2 2
p-texture=LeBlanc_Skin04_Z_Feathers.dds
p-type=1
p-vel=270 510 500
p-velXP1=0 -1
p-velXP2=1 1
p-velYP1=0 0
p-velYP2=1 1
p-worldaccel=0 -100 0
p-xrgba=1 1 1 1
p-xrgba1=0 0 1 0.4 1
p-xrgba2=0.5 0 0.4 1 1
p-xrgba3=1 0.164706 0 0.098039 0
p-xscale=1 1 1
p-xscale1=0 0 0 0
p-xscale2=0.2 1 1 1
p-xscale3=1 0.2 0.2 0

[MeshTrail]
e-life=0.30000000000000004
e-rate=15
e-rgba=255 255 255 255
e-rgba1=1 1 1 1 1
p-life=0.30000000000000004
p-linger=1
p-mesh=leblanc_slide_pose.sco
p-meshtex=whitebox.dds
p-postoffset=0 50 0
p-type=3
p-xrgba=1 1 1 1
p-xrgba1=0 0 1 0.85098 0
p-xrgba2=0.1 0 1 0.85098 0.109804
p-xrgba3=0.6 0 0.533333 1 0.035294
p-xrgba4=1 0.635294 0 1 0

[System]
GroupPart1=MeshTrail
GroupPart2=WispTrail
GroupPart2Importance=High
GroupPart3=Feathers
SimulateEveryFrame=1
SoundOnCreate=Play_sfx_LeblancSkin04_LeblancSlide_missilelaunch

[WispTrail]
e-rate=80
e-rotation1=1
e-rotation1-axis=0 1 0
e-rotation1P1=0 0
e-rotation1P2=1 360
p-accel=0 -20 0
p-drag=2 6 2
p-life=0.7400000095367432
p-lifeP1=0 0.5
p-lifeP2=1 1
p-numframes=15
p-offset=0 30 0
p-offsetYP1=0 -1
p-offsetYP2=1 1
p-postoffset=0 110 0
p-quadrot=1 0 0
p-quadrotXP1=0 0
p-quadrotXP2=1 360
p-randomstartframe=1
p-rotvel=50 0 0
p-rotvelXP1=0 -1
p-rotvelXP2=0.5 -0.5
p-rotvelXP3=0.5001000165939331 0.5
p-rotvelXP4=1 1
p-scale=70 70 0
p-scaleXP1=0 1.5
p-scaleXP2=0.1 1
p-scaleXP3=0.5 0.5
p-scaleXP4=0.5001000165939331 -0.5
p-scaleXP5=0.8999999761581421 -1
p-scaleXP6=1 1.5
p-scaleYP1=0 0.7
p-scaleYP2=1 1
p-texdiv=4 4
p-texture=LeBlanc_Skin04_Z_Wisps.dds
p-vecalign=1
p-vel=0 410 0
p-velXP1=0 -1
p-velXP2=1 1
p-velYP1=0 0.5
p-velYP2=1 1
p-xrgba=1 1 1 1
p-xrgba1=0 0 1 0.701961 1
p-xrgba2=0.3 0 0.239216 0.603922 1
p-xrgba3=1 0.156863 0 0.168627 0
p-xscale=1 1 1
p-xscale1=0 0.2 0.5 0.5
p-xscale2=0.5 1.5 1 1
p-xscale3=1 2 1.5 0

