[BlackFlash]
e-life=0.1
e-rate=10
p-bindtoemitter=1 1
p-life=2
p-linger=0
p-postoffset=0 5 0
p-quadrot=90 0 0
p-rgba=alpha_12.tga
p-scale=90 90 1
p-texture=Flare-Rainbow_teal_02.dds
p-xrgba=0.6078429818153381 1 0.9568629860877991 1

[BlackFlash1]
e-life=0.1
e-rate=2
p-bindtoemitter=1 1
p-linger=0
p-postoffset=0 5 0
p-quadrot=90 0 0
p-rgba=alpha_12.tga
p-scale=30 60 1
p-texture=ball32_02.dds
p-xrgba=0.1254899948835373 0.20784300565719604 0.19607800245285034 1
rendermode=1
single-particle=1
uniformscale=1

[System]
GroupPart1=chaos_orb
GroupPart1Importance=High
GroupPart1Type=Simple
GroupPart2=WispTrail
GroupPart2Importance=High
GroupPart3=BlackFlash
GroupPart3Importance=High
GroupPart4=WispTrail1
GroupPart4Importance=High
GroupPart5=WispTrail2
GroupPart5Importance=High
GroupPart6=BlackFlash1
GroupPart6Importance=High
GroupPart8Type=Simple
SimulateEveryFrame=1

[WispTrail]
e-rate=80
e-rotation1=1
e-rotation1-axis=0 1 0
e-rotation1P1=0 0
e-rotation1P2=1 360
p-accel=0 -20 0
p-drag=2 6 2
p-life=0.6000000000000001
p-lifeP1=0 0.5
p-lifeP2=1 1
p-numframes=15
p-offset=0 30 0
p-offsetYP1=0 -1
p-offsetYP2=1 1
p-quadrot=1 0 0
p-quadrotXP1=0 0
p-quadrotXP2=1 360
p-randomstartframe=1
p-rotvel=50 0 0
p-rotvelXP1=0 -1
p-rotvelXP2=0.5 -0.5
p-rotvelXP3=0.5001000165939331 0.5
p-rotvelXP4=1 1
p-scale=30 80 0
p-scaleXP1=0 1.5
p-scaleXP2=0.1 1
p-scaleXP3=0.5 0.5
p-scaleXP4=0.5001000165939331 -0.5
p-scaleXP5=0.8999999761581421 -1
p-scaleXP6=1 1.5
p-scaleYP1=0 0.7
p-scaleYP2=1 1
p-texdiv=4 4
p-texture=LeBlanc_Skin04_Z_Wisps.dds
p-vecalign=1
p-vel=0 410 0
p-velXP1=0 -1
p-velXP2=1 1
p-velYP1=0 0.5
p-velYP2=1 1
p-xrgba=1 1 1 1
p-xrgba1=0 0 1 0.701961 1
p-xrgba2=0.3 0 0.239216 0.603922 1
p-xrgba3=1 0.156863 0 0.168627 0
p-xscale=1 1 1
p-xscale1=0 0.2 0.5 0.5
p-xscale2=0.5 1.5 1 1
p-xscale3=1 2 1.5 0

[WispTrail1]
e-disabled=1
e-rate=180
p-accel=0 -20 0
p-bindtoemitter=1 1
p-drag=2 6 2
p-life=0.2
p-lifeP1=0 0.5
p-lifeP2=1 1
p-numframes=4
p-quadrot=1 1 0
p-quadrotXP1=0 0
p-quadrotXP2=1 360
p-quadrotYP1=0 0
p-quadrotYP2=1 360
p-randomstartframe=1
p-rotvel=50 0 0
p-rotvelXP1=0 -1
p-rotvelXP2=0.5 -0.5
p-rotvelXP3=0.5001000165939331 0.5
p-rotvelXP4=1 1
p-scale=40 80 10
p-scaleXP1=0 1.5
p-scaleXP2=0.1 1
p-scaleXP3=0.5 0.5
p-scaleXP4=0.5001000165939331 -0.5
p-scaleXP5=0.8999999761581421 -1
p-scaleXP6=1 1.5
p-scaleYP1=0 0.7
p-scaleYP2=1 1
p-texdiv=2 2
p-texture=LeBlanc_Skin04_Z_BlastShapes.dds
p-type=2
p-vel=0 0 0
p-velXP1=0 -1
p-velXP2=1 1
p-velYP1=0 0.5
p-velYP2=1 1
p-xrgba=1 1 1 1
p-xrgba1=0 0 0.298039 0.239216 1
p-xrgba2=0.3 0 0.031373 0.078431 1
p-xrgba3=1 0.156863 0 0.168627 0
p-xscale=1 1 1
p-xscale1=0 0.2 0.5 1
p-xscale2=0.5 1.5 1 1
p-xscale3=1 2 1.5 1
pass=1
rendermode=1

[WispTrail2]
e-rate=90
p-accel=0 -20 0
p-bindtoemitter=1 1
p-drag=2 6 2
p-life=0.2
p-lifeP1=0 0.5
p-lifeP2=1 1
p-numframes=4
p-quadrot=1 1 0
p-quadrotXP1=0 0
p-quadrotXP2=1 360
p-quadrotYP1=0 0
p-quadrotYP2=1 360
p-randomstartframe=1
p-rotvel=50 0 0
p-rotvelXP1=0 -1
p-rotvelXP2=0.5 -0.5
p-rotvelXP3=0.5001000165939331 0.5
p-rotvelXP4=1 1
p-scale=100 100 0
p-scaleXP1=0 1.5
p-scaleXP2=0.1 1
p-scaleXP3=0.5 0.5
p-scaleXP4=0.5001000165939331 -0.5
p-scaleXP5=0.8999999761581421 -1
p-scaleXP6=1 1.5
p-scaleYP1=0 0.7
p-scaleYP2=1 1
p-texdiv=2 2
p-texture=LeBlanc_Skin04_Z_BlastShapes.dds
p-type=2
p-vel=0 0 0
p-velXP1=0 -1
p-velXP2=1 1
p-velYP1=0 0.5
p-velYP2=1 1
p-xrgba=1 1 1 1
p-xrgba1=0 0 1 0.717647 1
p-xrgba2=0.3 0 0.701961 1 1
p-xrgba3=1 0.164706 0 0.133333 0
p-xscale=1 1 1
p-xscale1=0 0.2 0.5 0.5
p-xscale2=0.5 1.5 1 1
p-xscale3=1 2 1.5 0
rendermode=4

[chaos_orb]
e-disabled=1
e-rate=1
p-backfaceon=1
p-bindtoemitter=1 0
p-life=1.5
p-linger=0
p-mesh=shackle_mis_03.sco
p-rotvel=360
p-scale=1.8
p-type=3
p-xscale=1
p-xscale1=0 1
p-xscale2=1 0.30000000000000004
rendermode=3

