[Feathers]
e-life=1
e-rate=46
p-drag=3 3 3
p-life=1.3
p-lifeP1=0 0.5
p-lifeP2=1 1
p-numframes=4
p-offset=10 50 0
p-offsetYP1=0 -1
p-offsetYP2=1 1
p-postoffset=0 100 0
p-quadrot=1 0 0
p-quadrotXP1=0 0
p-quadrotXP2=1 360
p-randomstartframe=1
p-rotvel=300 300 300
p-rotvelXP1=0 -1
p-rotvelXP2=0.5 -0.5
p-rotvelXP3=0.5001000165939331 0.5
p-rotvelXP4=1 1
p-rotvelYP1=0 -1
p-rotvelYP2=1 1
p-rotvelZP1=0 -1
p-rotvelZP2=1 1
p-scale=30 -30 0
p-scaleXP1=0 1
p-scaleXP2=1 1
p-scaleYP1=0 1
p-scaleYP2=1 1
p-texdiv=2 2
p-texture=LeBlanc_Skin04_Z_Feathers.dds
p-type=1
p-vel=270 510 500
p-velXP1=0 -1
p-velXP2=1 1
p-velYP1=0 0
p-velYP2=1 1
p-worldaccel=0 -100 0
p-xrgba=1 1 1 1
p-xrgba1=0 0.937255 0.823529 1 1
p-xrgba2=0.5 0.717647 0 1 1
p-xrgba3=0.7 0.266667 0 0.729412 1
p-xrgba4=1 0 0.070588 0.164706 0
p-xscale=1 1 1
p-xscale1=0 0 0 0
p-xscale2=0.2 1 1 1
p-xscale3=1 0.2 0.2 0

[MeshTrail]
e-life=0.30000000000000004
e-rate=15
e-rgba=255 255 255 255
e-rgba1=1 1 1 1 1
p-life=0.30000000000000004
p-linger=1
p-mesh=leblanc_slide_pose.sco
p-meshtex=whitebox.dds
p-postoffset=0 50 0
p-type=3
p-xrgba=1 1 1 1
p-xrgba1=0 1 0 0.65098 0
p-xrgba2=0.1 0.615686 0 1 0.297993
p-xrgba3=0.6 0.466667 0 1 0.031373
p-xrgba4=1 0.231373 0 1 0

[Sparks]
e-color-modulate=2 1 1 1
e-disabled=1
e-life=4
e-rate=85
e-rotation1=1
e-rotation1-axis=0 1 0
e-rotation1P1=0 0
e-rotation1P2=1 360
p-drag=3 3 3
p-life=0.30000000000000004
p-lifeP1=0 0.5
p-lifeP2=0.8 1
p-lifeP3=1 2
p-linger=1
p-offset=30 0 0
p-offsetYP1=0 0
p-offsetYP2=1 1
p-scale=10 40 0
p-scaleXP1=0 1
p-scaleXP2=1 1
p-scaleYP1=0 1
p-scaleYP2=1 2
p-texture=Flare-Sun_11.dds
p-vecalign=1
p-vel=100 1110 0
p-velXP1=0 0.9
p-velXP2=1 1
p-xrgba=1 1 1 1
p-xrgba1=0 1 1 1 1
p-xrgba2=0.3 1 0 0.768627 1
p-xrgba3=0.6 0.333333 0 0.603922 1
p-xrgba4=1 0 0.011765 0.039216 1
p-xscale=1 1 1
p-xscale1=0 0 0 0
p-xscale2=0.2 1 1 1
p-xscale3=1 0 0 0

[System]
GroupPart1=MeshTrail
GroupPart2=WispTrail
GroupPart2Importance=High
GroupPart3=Feathers
GroupPart4=Sparks
SimulateEveryFrame=1
SoundOnCreate=Play_sfx_LeblancSkin04_LeblancSlide_missilelaunch

[WispTrail]
e-rate=80
e-rotation1=1
e-rotation1-axis=0 1 0
e-rotation1P1=0 0
e-rotation1P2=1 360
p-accel=0 -20 0
p-drag=2 6 2
p-life=0.7400000095367432
p-lifeP1=0 0.5
p-lifeP2=1 1
p-numframes=15
p-offset=0 30 0
p-offsetYP1=0 -1
p-offsetYP2=1 1
p-postoffset=0 110 0
p-quadrot=1 0 0
p-quadrotXP1=0 0
p-quadrotXP2=1 360
p-randomstartframe=1
p-rotvel=50 0 0
p-rotvelXP1=0 -1
p-rotvelXP2=0.5 -0.5
p-rotvelXP3=0.5001000165939331 0.5
p-rotvelXP4=1 1
p-scale=70 70 0
p-scaleXP1=0 1.5
p-scaleXP2=0.1 1
p-scaleXP3=0.5 0.5
p-scaleXP4=0.5001000165939331 -0.5
p-scaleXP5=0.8999999761581421 -1
p-scaleXP6=1 1.5
p-scaleYP1=0 0.7
p-scaleYP2=1 1
p-texdiv=4 4
p-texture=LeBlanc_Skin04_Z_WispsPurple.dds
p-vecalign=1
p-vel=0 410 0
p-velXP1=0 -1
p-velXP2=1 1
p-velYP1=0 0.5
p-velYP2=1 1
p-xrgba=1 1 1 1
p-xrgba1=0 1 1 1 1
p-xrgba2=0.5 0.501961 0.137255 0.603922 1
p-xrgba3=1 0.094118 0.12549 0.164706 0
p-xscale=1 1 1
p-xscale1=0 0.2 0.5 0.5
p-xscale2=0.5 1.5 1 1
p-xscale3=1 2 1.5 0

