[FlashBright]
e-life=0.1
e-rate=1
flag-disable-z=1
p-bindtoemitter=1 1
p-life=0.2
p-linger=0
p-postoffset=0 20 0
p-quadrot=90 0 0
p-scale=250 250 1
p-texture=Flare-omnimax.dds
p-xrgba=1 1 1 1
p-xrgba1=0 1 1 1 1
p-xrgba2=0.5 0 0.784314 1 1
p-xrgba3=1 0.784314 0 1 1
p-xscale=1 1 1
p-xscale1=0 0 0 1
p-xscale2=0.1 1 1 1
p-xscale3=1 0 0 0
pass=1
single-particle=1

[Sparks]
e-color-modulate=1 2 1 1
e-life=0.30000000000000004
e-rate=25
e-rotation1=1
e-rotation1-axis=0 1 0
e-rotation1P1=0 0
e-rotation1P2=1 360
p-drag=3 3 3
p-life=0.5
p-lifeP1=0 0.5
p-lifeP2=0.8 1
p-lifeP3=1 2
p-linger=0
p-offset=80 200 0
p-offsetXP1=0 -1
p-offsetXP2=1 1
p-offsetYP1=0 0
p-offsetYP2=1 1
p-scale=10 10 0
p-scaleXP1=0 1
p-scaleXP2=1 1
p-scaleYP1=0 1
p-scaleYP2=1 2
p-texture=Flare-Sun_lightblue.dds
p-vecalign=1
p-vel=20 100 0
p-velXP1=0 0.9
p-velXP2=1 1
p-xrgba=1 1 1 1
p-xrgba1=0 1 1 1 1
p-xrgba2=0.3 0 1 0.501961 1
p-xrgba3=0.6 0 0.231373 1 1
p-xrgba4=1 0.043137 0 0.043137 1
p-xscale=1 1 1
p-xscale1=0 0 0 0
p-xscale2=0.2 1 1 1
p-xscale3=1 0 0 0

[System]
GroupPart1=inner_ring1
GroupPart1Importance=High
GroupPart2=FlashBright
GroupPart2Importance=High
GroupPart3=Sparks
GroupPart4=Wisps
GroupPart4Importance=High
PersistThruDeath=1

[Wisps]
e-life=1
e-rate=20
e-rotation1=1
e-rotation1-axis=0 1 0
e-rotation1P1=0 0
e-rotation1P2=1 360
p-accel=0 -20 0
p-drag=4 3 4
p-life=0.7000000000000001
p-lifeP1=0 0.3
p-lifeP2=1 1
p-numframes=15
p-offset=10 90 0
p-offsetYP1=0 -1
p-offsetYP2=1 1
p-postoffset=0 110 0
p-quadrot=1 0 0
p-quadrotXP1=0 0
p-quadrotXP2=1 360
p-randomstartframe=1
p-rotvel=50 0 0
p-rotvelXP1=0 -1
p-rotvelXP2=0.5 -0.5
p-rotvelXP3=0.5001000165939331 0.5
p-rotvelXP4=1 1
p-scale=30 50 0
p-scaleXP1=0 1.5
p-scaleXP2=0.1 1
p-scaleXP3=0.5 0.5
p-scaleXP4=0.5001000165939331 -0.5
p-scaleXP5=0.8999999761581421 -1
p-scaleXP6=1 1.5
p-scaleYP1=0 0.7
p-scaleYP2=1 1
p-texdiv=4 4
p-texture=LeBlanc_Skin04_Z_Wisps.dds
p-vecalign=1
p-vel=100 710 0
p-velXP1=0 0.8
p-velXP2=1 1
p-velYP1=0 0.5
p-velYP2=1 1
p-xrgba=1 1 1 1
p-xrgba1=0 0 1 0.701961 1
p-xrgba2=0.3 0 0.239216 0.603922 1
p-xrgba3=1 0.156863 0 0.168627 0
p-xscale=1 1 1
p-xscale1=0 0.2 0.5 0.5
p-xscale2=0.5 1.5 1 1
p-xscale3=1 2 1.5 0
single-particle=1

[inner_ring1]
e-life=1
e-rate=2
p-bindtoemitter=1 1
p-coloroffset=0 0.9
p-colorscale=1 0.1
p-colortype=1 2
p-life=0.15000000596046448
p-linger=0
p-offset=0 10 0
p-quadrot=90 0 0
p-rgba=alpha_03.tga
p-rotvel=0 -40 0
p-scale=100 100 0
p-simpleorient=2
p-texture=LeBlanc_Skin04_Z_Reticle.dds
p-type=1
p-xrgba=0 0.372549 0.533333 1
p-xscale=1 1 1
p-xscale1=0 1 1 1
p-xscale2=1 1.3 1.3 1
single-particle=1

