[Chain1]
e-life=8
e-rate=1
e-tilesize=0 120 1
e-tilesizeYP1=0 1
e-tilesizeYP2=1 1.2000000000000002
p-bindtoemitter=1 0
p-colortype=1 3
p-life=4
p-linger=0
p-quadrot=90 0 0
p-scale=90 1 1
p-texture=LeBlanc_Skin04_E_Chain.dds
p-type=6
p-uvscroll-rgb-mult=0 -0.5
p-uvscroll-rgb-multYP1=0 0.2
p-uvscroll-rgb-multYP2=1 1
p-xrgba=1 1 1 0.6710000038146973
p-xrgba1=0.3 0 0.568627 0.415686 1
pass=20
single-particle=1

[Feathers]
e-life=1
e-rate=160
e-rotation1=1
e-rotation1-axis=0 1 0
e-rotation1P1=0 0
e-rotation1P2=1 360
p-bindtoemitter=1 1
p-drag=3 3 3
p-life=0.30000000000000004
p-lifeP1=0 0.5
p-lifeP2=1 1
p-numframes=4
p-offset=0 0 0
p-offsetYP1=0 -1
p-offsetYP2=1 1
p-postoffset=0 20 0
p-quadrot=90 0 0
p-randomstartframe=1
p-scale=40 90 0
p-scaleXP1=0 1
p-scaleXP2=1 1
p-scaleYP1=0 1
p-scaleYP2=1 1.4000000000000001
p-texdiv=2 2
p-texture=LeBlanc_Skin04_Z_Feathers.dds
p-type=1
p-vecalign=1
p-vel=330 -1410 0
p-velXP1=0 1
p-velXP2=1 1
p-velYP1=0 1
p-velYP2=1 1
p-worldaccel=0 -100 0
p-xrgba=1 1 1 1
p-xrgba1=0 0.964706 1 0.921569 1
p-xrgba2=0.4 0 0.560784 0.439216 1
p-xrgba3=0.7 0 0.101961 0.309804 1
p-xrgba4=1 0.164706 0 0.098039 0
p-xscale=1 1 1
p-xscale1=0 0 0 0
p-xscale2=0.30000000000000004 1 1 1
p-xscale3=1 0.2 0.2 0

[System]
GroupPart1=Chain1
GroupPart2=Feathers
GroupPart3=WispTrail
GroupPart3Importance=High
SimulateEveryFrame=1

[WispTrail]
e-rate=40
e-rotation1=1
e-rotation1-axis=0 1 0
e-rotation1P1=0 0
e-rotation1P2=1 360
p-accel=0 -20 0
p-drag=2 6 2
p-life=0.7400000095367432
p-lifeP1=0 0.5
p-lifeP2=1 1
p-numframes=15
p-offset=0 30 0
p-offsetYP1=0 -1
p-offsetYP2=1 1
p-postoffset=0 30 0
p-quadrot=1 0 0
p-quadrotXP1=0 0
p-quadrotXP2=1 360
p-randomstartframe=1
p-rotvel=50 0 0
p-rotvelXP1=0 -1
p-rotvelXP2=0.5 -0.5
p-rotvelXP3=0.5001000165939331 0.5
p-rotvelXP4=1 1
p-scale=50 50 0
p-scaleXP1=0 1.5
p-scaleXP2=0.1 1
p-scaleXP3=0.5 0.5
p-scaleXP4=0.5001000165939331 -0.5
p-scaleXP5=0.8999999761581421 -1
p-scaleXP6=1 1.5
p-scaleYP1=0 1
p-scaleYP2=1 1
p-texdiv=4 4
p-texture=LeBlanc_Skin04_Z_Wisps.dds
p-vecalign=1
p-vel=0 410 0
p-velXP1=0 -1
p-velXP2=1 1
p-velYP1=0 0.5
p-velYP2=1 1
p-xrgba=1 1 1 1
p-xrgba1=0 0 1 0.701961 1
p-xrgba2=0.3 0 0.239216 0.603922 1
p-xrgba3=1 0.156863 0 0.168627 0
p-xscale=1 1 1
p-xscale1=0 0.2 0.5 0.5
p-xscale2=0.5 1.5 1 1
p-xscale3=1 2 1.5 0

