[Energy_Skin02]
e-life=1
e-linger=0
e-local-orient=0
e-rate=50
e-rotation1=1
e-rotation1-axis=0 1 0
e-rotation1P1=0 0
e-rotation1P2=1 360
p-bindtoemitter=1 1
p-colorscale=1 1
p-colortype=3 1
p-frameRate=0
p-life=0.8
p-lifeP1=0 0.5
p-lifeP2=1 1.2000000000000002
p-linger=1
p-numframes=4
p-offset=10 -5 0
p-quadrot=0 1 0
p-quadrotYP1=0 0
p-quadrotYP2=1 360
p-randomstartframe=2
p-rgba=diana_skin02_Z_colors_ramp.tga
p-scale=80 100 0
p-scaleXP1=0 0.5
p-scaleXP2=1 1
p-scaleYP1=0 0.5
p-scaleYP2=1 1.5
p-startframe=2
p-texdiv=2 2
p-texture=Diana_Skin02_Z_EnergyStreak_2x2.tga
p-type=1
p-vel=10 20 10
p-velXP1=0 -1
p-velXP2=1 1
p-velYP1=0 0.1
p-velYP2=1 1
p-velZP1=0 -1
p-velZP2=1 1
p-xrgba=0.8 0.7 1 0.75
p-xscale1=0 0.3 1 0
p-xscale2=0.3 1 1.8 0
p-xscale3=1 1 5 0
pass=100
rendermode=4
single-particle=1

[PetalNoise]
f-period=0.05
f-pos=0 1 0
f-radius=500
f-veldelta=100

[Petals_Skin02]
e-life=0.2
e-linger=0
e-local-orient=0
e-rate=200
e-rotation1=1
e-rotation1-axis=0 1 0
e-rotation1P1=0 0
e-rotation1P2=1 360
field-drag-1=StarsDrag
field-noise-1=PetalNoise
p-coloroffset=0 0
p-colorscale=1 1
p-colortype=3 1
p-life=0.7
p-life1=0 0.4
p-life2=1 1
p-linger=0.7
p-numframes=4
p-offset=60 300 0
p-offsetYP1=0 -0.5
p-offsetYP2=1 1
p-quadrot=1
p-quadrotP1=0 0
p-quadrotP2=1 360
p-randomstartframe=1
p-rgba=diana_skin02_Z_colors_ramp.tga
p-rotvel=500 0 0
p-rotvelXP1=0 0.5
p-rotvelXP2=1 1
p-scale=15
p-scaleP1=0 0.5
p-scaleP2=1 1
p-texdiv=2 2
p-texture=Diana_Skin02_E_Petals_2x2.tga
p-type=0
p-vel=0 800 0
p-velXP1=0 -1
p-velXP2=1 1
p-velYP1=0 0
p-velYP2=1 1
p-velZP1=0 -1
p-velZP2=1 1
p-xscale1=0.25 2
p-xscale2=1 0
rendermode=4

[StarsDrag]
f-drag=1.5
f-pos=0 0 0
f-radius=2000

[System]
GroupPart1=Energy_Skin02
GroupPart2Type=Simple
GroupPart3=Petals_Skin02
GroupPart3Type=Simple
SimulateEveryFrame=1

[UNKNOWN_HASHES]
unk011C6ED5=1
unk0C9C6D6D=1
unk0CD0BBFD=1000
unk13DAC0E4=0 1
unk13DAC0E5=1 1.4000000000000001
unk18A1D342=1 3
unk1CD5BA2E=0 30 0
unk21990FA2=40 1000 40
unk22E6964C=0 0
unk22E6964D=1 1
unk2B852C17=0
unk5535894A=1 0
unk59D36521=0 1 0
unk6152A2AE=0 0
unk6152A2AF=1 360
unk639B9316=0 0
unk639B9317=1 360
unk69F6108F=120
unk6BC111D5=1
unk6DFFC8AD=0
unk72F76352=2
unk79104DE9=0
unk7AD2F11E=0.6
unk83452BEE=50 100 0
unk84FAEE57=0.6
unk8FA28DA0=Diana_Skin02_BA_Dust.tga
unk9112C0A2=0.3
unk9836C762=1 1
unk9B23B2CF=Diana_Skin02_Z_EnergyStreaks_Blue_RGB.tga
unk9C0529DB=0 0.1
unkA4592C86=80
unkA7D96A9F=1.5
unkA817A79A=0 0.4
unkA817A79B=1 1
unkAC7F9CB3=0 0
unkE60270C9=DustDrag
unkE9F64129=0 0 0
unkF439AA17=0 -1
unkF439AA18=1 1
unkF4B7B998=0 0
unkF4B7B999=1 1
unkF535C919=0 -1
unkF535C91A=1 1
unkF6C8D4D0=0 0.5
unkF6C8D4D1=1 1
