[Mesh]
e-life=1
e-linger=0
e-local-orient=1
e-rate=2
p-coloroffset=0.1 0
p-colorscale=0.1 1
p-colortype=3 1
p-life=0.4
p-linger=0.01
p-local-orient=1
p-rgba=diana_skin02_Z_colors_ramp.tga
p-scale=1.0499999523162842 1.0499999523162842 1.0499999523162842
p-simpleorient=3
p-texture=diana_skin02_Z_colors.tga
p-type=11
p-xscale1=0 1 1 1
p-xscale2=1 1.0499999523162842 1.0499999523162842 1.0499999523162842
pass=10
rendermode=4
single-particle=1

[System]
GroupPart1=Mesh
GroupPart1Type=Simple
SimulateEveryFrame=1

