[System]
GroupPart10Type=Simple
GroupPart12Type=Simple
GroupPart7=hit
GroupPart7Type=Simple
GroupPart9Type=Simple

[hit]
e-life=0.25
e-linger=0
e-rate=8
p-bindtoemitter=1 1
p-life=0.19
p-linger=0
p-offset=0 0 0
p-quadrot=0
p-rgba=color-rampdown.tga
p-scale=6
p-simpleorient=2
p-startframe=0
p-texdiv=1 1
p-texture=HitEffect.tga
p-type=1
p-xscale1=0 1
p-xscale2=1 60
rendermode=0
single-particle=1

[UNKNOWN_HASHES]
unk0369AAC5=0.2 0
unk0512461B=1
unk08A05AB1=0.1 0
unk0D1A6BCE=0 0.30000000000000004 1 1
unk0D1A6BCF=0.0010000000474974513 1 1 1
unk0D1A6BD0=0.5 0.30000000000000004 1 1
unk0D1A6BD1=1 0.30000000000000004 1 1
unk102B9F91=Gravity1
unk112CFB0E=1 1
unk11B89BC1=0
unk12F8AA59=0
unk130896C6=1
unk14CB39FB=-1
unk15F7F4D8=0 0 5
unk175A2803=2
unk17B0D929=1
unk1D3D74CB=60 2 60
unk1FA5487F=0
unk2167EBB4=0
unk2174AAF6=2 1000 2
unk22EEE843=1
unk231E30CD=0 1 0
unk2371FA4E=0.30000000000000004
unk23BFC333=0 0.8
unk23BFC334=1 1.6
unk25E39717=0 1 0 0
unk25E39718=0.2 1 1 0
unk25E39719=1 1 1 0
unk282F0A8C=0 -200
unk282F0A8D=1 200
unk2990AE44=0 1
unk2990AE45=1 2
unk29DA2684=0 0 0
unk2AACD674=1
unk2D1A3BAD=0
unk2D82EC7B=color-frostsmoke32.tga
unk2F74F06A=0 0
unk2F74F06B=1 360
unk32157195=1
unk32443496=0 0.9
unk32443497=1 1.2000000000000002
unk33405398=0 0.2
unk33405399=1 1
unk35986403=0.30000000000000004
unk36B86632=400
unk38BB01A1=0 0
unk38BB01A2=0.8 5
unk38BB01A3=1 25
unk39391122=0 1000
unk39391123=1 0
unk3A87F496=1 0
unk3B9254F4=InfernalGuardian02.tga
unk3C4A4F9A=1 1 1
unk3D2B6286=5000
unk3DBEE659=0
unk3F6CDAA6=1 1
unk3F6CDAA7=1 3
unk40D1AF47=0 2
unk40D1AF48=1 1.649999976158142
unk41B0364E=0.1
unk42DB39C3=1
unk43A399C5=1
unk48DF7293=0
unk48F2EC32=2
unk48F94C38=0 1 1 0
unk48F94C39=0.7000000000000001 1 4 1
unk48F94C3A=0.8 1 1.5 1.1
unk48F94C3B=0.8999999761581421 1 1 1.149999976158142
unk48F94C3C=1 1 1 1.1549999713897705
unk4BC1287B=color-hotsparks.tga
unk529553ED=0.8
unk53145098=1 1 0
unk54F6A232=2000
unk566205E3=10 10 400
unk5951A88E=0 -200
unk5951A88F=1 200
unk5C7EC6BA=0 1
unk5C7EC6BB=1 0
unk5EAD2638=1
unk60A58243=1
unk6500BCBF=-90 0 0
unk658CC072=35
unk688B1079=40 1500 0
unk68BE1865=color-sparks.tga
unk6C20AB78=0 1 0
unk6EF8634D=1
unk71F3921C=1
unk74E305A8=1
unk78304801=1
unk79EE0DEC=0 0
unk79EE0DED=1 360
unk80DF4063=2
unk84481A4C=0.2
unk85C2644B=1
unk864AC1E2=2 4
unk87CF21C5=0
unk88E2388A=LaserSight_beam.tga
unk8AF84105=10 300 10
unk8BE6A92C=1 0
unk8DC1C025=1 3
unk8E590C79=color-hotsparks.tga
unk8EB00275=0 0.1
unk92E7739B=2 1
unk937BA881=0
unk9384F1D0=0 -120
unk9384F1D1=1 210
unk94030151=0 0
unk94030152=1 360
unk95CBEDDA=0 50 0
unk978E8630=300
unk9972B5CB=0 1 0
unk9A1F921F=0.019999999552965164 -0.05000000074505806
unk9DC12165=20
unk9E82B39A=0 -800 0
unkA0DF9D29=1 1 0
unkA4A7B1DA=0 0 5
unkA4CB15B4=1
unkA5579CB1=2 4
unkA91141E3=65
unkB0E2E7FF=0.2
unkB1B9E481=2
unkB25C0EBC=0
unkB46517AB=1
unkBAF3DA2C=color-frostsmoke32.tga
unkBC2853E0=0 -10000 0
unkBC997C03=InfernalGuardian02.tga
unkBEB07244=0 0.1
unkBEB07245=0.9 0.2
unkBEB07246=1 1
unkC0A30A77=1
unkC297D599=0 1 0 0
unkC297D59A=0.2 1 1 0
unkC297D59B=1 1 1 0
unkC3632B6A=1
unkC42953E3=200
unkC486DE42=0 100
unkC486DE43=1 400
unkC4C118F4=ball01.tga
unkC51F3965=1000
unkC5AA9602=0 0
unkC5AA9603=1 360
unkC95D75C3=0
unkCC116BF8=0.8 0.2
unkCEB6D46B=2
unkD2430601=0 1
unkD2430602=1 2
unkD57A7342=0 0.1
unkD57A7343=0.9 0.2
unkD57A7344=1 1
unkD8469376=Sparks01.tga
unkD875CAC1=1
unkD95B4E57=0
unkDC440D49=0
unkDF46F239=1
unkE47B3096=1 3
unkEB691284=0 0
unkEB691285=1 360
unkEE41E41F=0 0
unkEE41E420=0.8 5
unkEE41E421=1 25
unkEEBFF3A0=0 1000
unkEEBFF3A1=1 0
unkF3EC380C=0 0.5
unkF3EC380D=1 2
unkF451C87F=0
unkF4FB991C=1
