[System]
GroupPart1Importance=High
GroupPart2=debuff_shield1
GroupPart3=debuff_shield2
GroupPart4=debuff_shield3
SimulateEveryFrame=1
SoundOnCreate=Play_sfx_KogMaw_KogMawQ_hit

[debuff_shield1]
e-life=1
e-linger=0
e-rate=1
p-bindtoemitter=1 1
p-colorscale=1 0.5
p-colortype=1 0
p-flexscale=0.004999999888241291
p-life=3
p-linger=3
p-offset=0 1 0
p-quadrot=90 30 0
p-rgba=color-armordebuff.tga
p-rotvel=0 30 0
p-scale=100 100 0
p-simpleorient=2
p-texdiv=1 1
p-texture=armordebuff.tga
p-type=1
p-xscale1=0 1 1 0
p-xscale2=0.2 1 0.1 0
p-xscale3=0.8 1 0.1 0
p-xscale4=0.9 1 1 0
p-xscale5=1 1 1 0
rendermode=0
single-particle=1

[debuff_shield2]
e-life=1
e-linger=0
e-rate=1
p-bindtoemitter=1 1
p-colorscale=1 0.5
p-colortype=1 0
p-flexscale=0.004999999888241291
p-life=3
p-linger=3
p-offset=0 1 0
p-quadrot=90 90 0
p-rgba=color-armordebuff.tga
p-rotvel=0 30 0
p-scale=100 100 0
p-simpleorient=2
p-texdiv=1 1
p-texture=armordebuff.tga
p-type=1
p-xscale1=0 1 1 0
p-xscale2=0.2 1 0.1 0
p-xscale3=0.8 1 0.1 0
p-xscale4=0.9 1 1 0
p-xscale5=1 1 1 0
rendermode=0
single-particle=1

[debuff_shield3]
e-life=1
e-linger=0
e-rate=1
p-bindtoemitter=1 1
p-colorscale=1 0.5
p-colortype=1 0
p-flexscale=0.004999999888241291
p-life=3
p-linger=3
p-offset=0 1 0
p-quadrot=90 150 0
p-rgba=color-armordebuff.tga
p-rotvel=0 30 0
p-scale=100 100 0
p-simpleorient=2
p-texdiv=1 1
p-texture=armordebuff.tga
p-type=1
p-xscale1=0 1 1 0
p-xscale2=0.2 1 0.1 0
p-xscale3=0.8 1 0.1 0
p-xscale4=0.9 1 1 0
p-xscale5=1 1 1 0
rendermode=0
single-particle=1

[UNKNOWN_HASHES]
unk07AC4E9F=1 0
unk1A238F38=3
unk33D25CEA=1
unk484E5AC1=0 1 1 1
unk484E5AC2=0.029999999329447746 1.5 1.5 1.5
unk484E5AC3=0.07000000029802322 1 1 1
unk654DC6B8=0.5 0
unk666EEB5C=Kogmaw_Q_AMPen_Shield.dds
unk71476CCC=0
unk72CA472A=0.004999999888241291
unk7B7C4AD1=0 120 -80
unk7F3CE6C5=0
unk93BB6310=0
unk9512B2EC=KogMaw_Base_Q_buf_child.troy
unk9843F203=0 1 1 1 1
unk9843F204=0.85 1 1 1 0.3
unk9843F205=0.99 0 0 0 0
unk9E020EBA=3
unkA034ABB2=30 0 0
unkA54A6653=0.004999999888241291
unkAA19E105=1
unkADD5097A=1
unkB31A08EC=1.5 1.5 1.5
unkB42AD332=color-hold.tga
unkBD604CE9=1
unkC0D9CAB2=1000
unkC38879AE=1 1 1 1
unkCA9DA4AB=Kogmaw_Q_AMPen_Shield.sco
unkCE54A67F=0 3 0
unkE7282345=0.5 0.5
unkF2C0DBE7=0
unkFAFE7438=1 1
