[AS_Mesh_ADD]
e-life=3
e-linger=0
e-local-orient=1
e-rate=3
e-rgba=255 255 255 255
p-backfaceon=1
p-bindtoemitter=1 1
p-frameRate=0
p-fresnel=0.2
p-fresnel-color=-0.8 -0.8 -0.8 -0.8
p-life=1
p-linger=1
p-local-orient=1
p-mesh=Rengar_Skin02_Z_Sphere.sco
p-meshtex=Rengar_Skin02_Q_Buf_Blade_Flame_2x2.tga
p-numframes=4
p-quadrot=1 0 90
p-quadrotXP1=0 0
p-quadrotXP2=1 360
p-randomstartframe=1
p-scale=3 3 3
p-texdiv=2 2
p-type=3
p-uvscroll-rgb=-0.25 0.25
p-uvscroll-rgbXP1=0 -1.5
p-uvscroll-rgbXP2=0.5001000165939331 -1
p-uvscroll-rgbXP3=0.5001999735832214 1
p-uvscroll-rgbXP4=1 1.5
p-uvscroll-rgbYP1=0 -1.5
p-uvscroll-rgbYP2=0.5001000165939331 -1
p-uvscroll-rgbYP3=0.5001999735832214 1
p-uvscroll-rgbYP4=1 1.5
p-xrgba1=0 1 1 1 0
p-xrgba2=0.25 1 1 1 1
p-xrgba3=0.76 1 1 1 1
p-xrgba4=1 1 1 1 0
p-xscale1=0 1 1 1
p-xscale2=1 1 1 1
pass=10
rendermode=4

[AS_Mesh_Sub]
e-life=3
e-linger=0
e-local-orient=1
e-rate=5
e-rgba=255 255 255 255
p-backfaceon=1
p-bindtoemitter=1 1
p-frameRate=0
p-fresnel=0.01
p-fresnel-color=-0.8 -0.5 -0.8 -0.8
p-life=0.7
p-linger=0.7
p-local-orient=1
p-mesh=Rengar_Skin02_Z_Sphere.sco
p-meshtex=Rengar_Skin02_Q_Buf_Blade_Flame_2x2_Sub.tga
p-numframes=4
p-quadrot=1 0 90
p-quadrotXP1=0 0
p-quadrotXP2=1 360
p-randomstartframe=1
p-scale=3 3 3
p-texdiv=2 2
p-type=3
p-uvscroll-rgb=-0.25 0.25
p-uvscroll-rgbXP1=0 -1.5
p-uvscroll-rgbXP2=0.5001000165939331 -1
p-uvscroll-rgbXP3=0.5001999735832214 1
p-uvscroll-rgbXP4=1 1.5
p-uvscroll-rgbYP1=0 -1.5
p-uvscroll-rgbYP2=0.5001000165939331 -1
p-uvscroll-rgbYP3=0.5001999735832214 1
p-uvscroll-rgbYP4=1 1.5
p-xrgba1=0 1 1 1 0
p-xrgba2=0.25 1 1 1 1
p-xrgba3=0.76 1 1 1 1
p-xrgba4=1 1 1 1 0
p-xscale1=0 1 1 1
p-xscale2=1 1 1 1
pass=-10
rendermode=2

[System]
GroupPart1=AS_Mesh_ADD
GroupPart2=AS_Mesh_Sub
SimulateEveryFrame=1
SoundPersistent=Play_sfx_Rengar_RengarQ_buffactivate

[UNKNOWN_HASHES]
unk06024D05=0 0 0
unk1586DE80=1
unk41F8BDBE=0 0 0
unk51665CED=0 1
unk51665CEE=0.65 0
unk529AF806=3 3 3
unk5621C597=0 0
unk5621C598=1 360
unk639BB79A=16
unk65DA3989=Rengar_Skin02_shadowwisps_4x4.tga
unk70B1C0F8=0 1 0
unk72E4BAF5=0
unk7B56F5C5=25 0 0
unk7E47E9A6=-50
unk805F09B5=0 0.4
unk805F09B6=1 1
unk88B23FAB=1
unk8D2160F8=75 75 30
unk8F217A6E=1
unk9D8FD1BA=0 0 0 1
unkA0946FC9=1
unkADCAF0C1=0 -1
unkADCAF0C2=1 1
unkAE050978=50 0 0
unkAFFD03E8=0 0 0
unkC267F3AE=1
unkC58AB444=1
unkCE7FC5F9=-1
unkD890B826=color-rampdown32_03.tga
unkDE6AB4D6=1
unkE1C631DD=15
unkE46442DC=4 4
unkEA126CCD=0 0.2 0.2 0.2
unkEA126CCE=1 1 1 1
unkF8083941=0 0.75 1 1
unkF8083942=1 1.1 1 1
unkFB8BC9C5=0 -0.75 0
unkFDBD186F=0 0.7000000000000001
unkFDBD1870=1 1
