[Blue_Glow]
e-local-orient=0
e-rate=2
p-bindtoemitter=1 0
p-life=0.8
p-lifeP1=0 0.75
p-lifeP2=1 1
p-linger=1
p-numframes=16
p-offset=0 -10 0
p-quadrot=1 1 1
p-quadrotXP1=0 -90
p-quadrotXP2=1 -90
p-randomstartframe=1
p-scale=10 35 0
p-scaleXP1=0 1
p-scaleXP2=0.5000100135803223 1.5
p-scaleXP3=0.5000200271606445 -1.5
p-scaleXP4=1 -1
p-scaleYP1=0 0.5
p-scaleYP2=1 1
p-texdiv=4 4
p-texture=Rengar_Skin02_Q_Flames_add_4x4.dds
p-type=2
p-xrgba=1 1 1 1
p-xrgba1=0 1 1 1 1
p-xrgba2=0.35 1 1 1 1
p-xrgba3=0.8 0 0 1 0.2
p-xrgba4=1 0 0 1 0
p-xscale=1 1 1
p-xscale1=0 3 1 0
p-xscale2=0.5 3.5 3 0
p-xscale3=1 4 6 0
pass=-40
rendermode=4

[Blue_Glow_Sub]
e-disabled=1
e-local-orient=0
e-rate=1
p-bindtoemitter=1 0
p-life=0.75
p-lifeP1=0 0.75
p-lifeP2=1 1
p-numframes=16
p-offset=0 -10 0
p-quadrot=1 1 1
p-quadrotXP1=0 -90
p-quadrotXP2=1 -90
p-randomstartframe=1
p-scale=10 25 0
p-scaleXP1=0 1
p-scaleXP2=0.5000100135803223 1.5
p-scaleXP3=0.5000200271606445 -1.5
p-scaleXP4=1 -1
p-texdiv=4 4
p-texture=Rengar_Skin02_Flames_sub_4x4.dds
p-type=2
p-xrgba=1 1 1 1
p-xrgba1=0 1 1 1 0
p-xrgba2=0.1 1 1 1 1
p-xrgba3=0.5 1 1 1 0.75
p-xrgba4=1 0 0 0 0
p-xscale=1 1 1
p-xscale1=0 3 0 0
p-xscale2=0.5 4 3 0
p-xscale3=1 5 6 0
pass=-50
rendermode=2

[System]
GroupPart1=Blue_Glow
GroupPart2=Blue_Glow_Sub
PersistThruDeath=1
SimulateEveryFrame=1

