[Distortion]
e-life=6
e-linger=1
e-local-orient=1
e-rate=1
e-timeoffset=4.75
p-bindtoemitter=1 1
p-distortion-mode=2
p-distortion-power=0.002
p-life=0.6
p-linger=1.1
p-normal-map=Braum_Base_I_Donut_normal.dds
p-quadrot=90 0 0
p-rgba=Braum_Base_I_Distort_RGBA.dds
p-scale=175 175 175
p-texture=Aura_self.tga
p-type=1
p-xscale1=0 0 0 0
p-xscale2=0.5 2 2 2
p-xscale3=1 2.2 2.2 2.2
pass=0
rendermode=1
single-particle=1

[System]
GroupPart1=smoke
GroupPart2=rockshards
GroupPart3=Distortion
SimulateEveryFrame=1

[rockshards]
e-life=4
e-linger=0
e-local-orient=1
e-rate=40
e-rate1=0 0
e-rate2=0.05 2
e-rate3=0.5 5
e-rate4=1 0
e-rotation1=1
e-rotation1-axis=0 1 0
e-rotation1P1=0 0
e-rotation1P2=1 360
e-timeoffset=2.3000000000000003
p-drag=0 1 0
p-life=1.2000000000000002
p-lifeP1=0 0.6000000000000001
p-lifeP2=1 1
p-linger=0
p-offset=-25 0 0
p-offsetXP1=0 1.1
p-offsetXP2=1 0.5
p-orbitvel=0 0.75 0
p-orbitvelYP1=0 1
p-orbitvelYP2=0.8 2
p-orbitvelYP3=1 3
p-postoffset=0 0 0
p-quadrot=1 0 0
p-quadrotXP1=0 0
p-quadrotXP2=1 360
p-rotvel=1 0 0
p-rotvelXP1=0 -180
p-rotvelXP2=1 180
p-scale=15 15 0
p-scaleXP1=0 0.30000000000000004
p-scaleXP2=0.8 0.6000000000000001
p-scaleXP3=1 1
p-texture=Braum_base_I_Clumps.dds
p-type=0
p-vel=300 800 0
p-velXP1=0 0.30000000000000004
p-velXP2=1 1
p-velYP1=0 0.2
p-velYP2=1 1
p-worldaccel=0 -800 0
p-xrgba=1 1 1 1
p-xrgba1=0 1 1 1 1
p-xrgba2=0.1 1 1 1 1
p-xrgba3=0.7 1 1 1 1
p-xrgba4=1 1 1 1 0
p-xscale1=0 0.6 0.3 0.6
p-xscale2=0.4 1 0.5 1
p-xscale3=1 0 0 0
pass=0
rendermode=1
uniformscale=1

[smoke]
e-life=4.75
e-linger=1
e-rate=35
e-rate1=0 0
e-rate2=0.05 2
e-rate3=0.5 2
e-rate4=1 0
e-rotation1=1
e-rotation1-axis=0 1 0
e-rotation1P1=0 0
e-rotation1P2=1 360
e-timeoffset=2
e-uvoffset-mult=1 1
e-uvoffset-multXP1=0 -1
e-uvoffset-multXP2=1 1
e-uvoffset-multYP1=0 -1
e-uvoffset-multYP2=1 1
p-drag=5 5 5
p-dragXP1=0 0.8
p-dragXP2=1 1.2000000000000002
p-dragZP1=0 0.8
p-dragZP2=1 1.2000000000000002
p-life=1.25
p-lifeP1=0 0.8
p-lifeP2=1 1.5
p-linger=1.1
p-numframes=4
p-offset=10 0 0
p-offsetXP1=0 1.1
p-offsetXP2=1 0.5
p-orbitvel=0 0.85 0
p-orbitvelYP1=0 1
p-orbitvelYP2=0.8 2
p-orbitvelYP3=1 3
p-postoffset=-50 0 -25
p-quadrot=0 1 0
p-quadrotYP1=0 0
p-quadrotYP2=1 360
p-randomstartframe=1
p-rotvel=50 0 0
p-rotvelXP1=0 -1
p-rotvelXP2=1 1
p-scale=100 100 100
p-scaleXP1=0 0.65
p-scaleXP2=1 1.2000000000000002
p-texdiv=2 2
p-texture=Braum_Base_I_smoke_seq.dds
p-texture-mult=Braum_Base_I_Crack_noise_mult.dds
p-type=0
p-vel=1 0.6 0
p-velXP1=0 100
p-velXP2=0.8999999761581421 350
p-velXP3=1 450
p-velYP1=0 200
p-velYP2=0.8 800
p-velYP3=1 1000
p-worldaccel=0 -20 0
p-xquadrot-on=1
p-xrgba=1 1 1 0.75
p-xrgba1=0 1 1 1 0
p-xrgba2=0.05 1 1 1 1
p-xrgba3=0.15 1 1 1 0.8
p-xrgba4=1 1 1 1 0
p-xscale1=0 0 0 0
p-xscale2=0.5 1 1 1
p-xscale3=1 1.25 1.25 1.25
pass=10
rendermode=1
uniformscale=1

