[System]
GroupPart1=ground_stack_base
GroupPart2=ground_stack_01
GroupPart3=ground_stack_02
GroupPart4=sparks
SimulateEveryFrame=1

[ground_stack_01]
e-local-orient=0
e-rate=1
flag-disable-z=1
p-bindtoemitter=1 1
p-flexoffset=0.004000000189989805
p-flexscale=0.006000000052154064
p-life=5.5
p-linger=0
p-offset=0 0 -100
p-quadrot=90 -90 0
p-scale=90 90 90
p-texture=Braum_Base_P_stack_01.dds
p-type=1
p-xrgba=1 1 1 1
p-xrgba1=0 1 1 1 1
p-xrgba2=0.05 1 1 1 1
p-xrgba3=0.8 1 1 1 1
p-xrgba4=1 1 1 1 0
pass=6
rendermode=1
single-particle=1

[ground_stack_02]
e-local-orient=0
e-rate=1
flag-disable-z=1
p-bindtoemitter=1 1
p-flexoffset=0.004000000189989805
p-flexscale=0.006000000052154064
p-life=5.5
p-linger=0
p-offset=0 0 -100
p-quadrot=90 -90 0
p-scale=90 90 90
p-texture=Braum_Base_P_stack_02.dds
p-type=1
p-xrgba=1 1 1 1
p-xrgba1=0 1 1 1 0
p-xrgba2=0.05 1 1 1 1
p-xrgba3=0.8 1 1 1 1
p-xrgba4=1 1 1 1 0
p-xscale=1 1 1
p-xscale1=0 2 2 2
p-xscale2=0.02500000037252903 1 1 1
p-xscale3=1 1 1 1
pass=7
rendermode=1
single-particle=1

[ground_stack_base]
e-local-orient=0
e-rate=1
flag-disable-z=1
p-bindtoemitter=1 1
p-flexoffset=0.004000000189989805
p-flexscale=0.006000000052154064
p-life=5.5
p-linger=0
p-offset=0 0 -100
p-quadrot=90 -90 0
p-scale=90 90 90
p-texture=Braum_Base_P_base.dds
p-type=1
p-xrgba=1 1 1 1
p-xrgba1=0 1 1 1 1
p-xrgba2=0.05 1 1 1 1
p-xrgba3=0.8 1 1 1 1
p-xrgba4=1 1 1 1 0
pass=5
rendermode=1
single-particle=1

[sparks]
e-local-orient=0
e-rate=40
flag-disable-z=1
p-bindtoemitter=1 1
p-drag=7 7 7
p-life=0.75
p-lifeP1=0 0.5
p-lifeP2=1 1
p-linger=0
p-numframes=4
p-offset=-1 1 1
p-offsetXP1=0 40
p-offsetXP2=1 20
p-offsetYP1=0 0
p-offsetYP2=1 30
p-offsetZP1=0 -100
p-offsetZP2=1 -150
p-randomstartframe=1
p-scale=30 30 30
p-scaleXP1=0 0.75
p-scaleXP2=1 1.2000000000000002
p-texdiv=2 2
p-texture=Braum_Base_Q_End_spark_mis.dds
p-vel=3 3 3
p-velXP1=0 -400
p-velXP2=0.1 -150
p-velXP3=0.9 150
p-velXP4=1 400
p-velYP1=0 -400
p-velYP2=0.1 -150
p-velYP3=0.9 150
p-velYP4=1 400
p-velZP1=0 0
p-velZP2=1 200
p-xrgba=1 1 1 1
p-xrgba1=0 1 1 1 1
p-xrgba2=0.05 1 1 1 1
p-xrgba3=0.5 1 1 1 0.5
p-xrgba4=1 1 1 1 0
p-xscale=1 1 1
p-xscale1=0 5 5 5
p-xscale2=0.1 1 1 1
p-xscale3=0.5 1 1 1
p-xscale4=1 0 0 0
pass=8
rendermode=4
single-particle=1
uniformscale=1

[UNKNOWN_HASHES]
unk00F62625=1 1 1
unk0115DBA1=1 1 1
unk0CF0817C=0 2 2 2
unk0CF0817D=0.02500000037252903 1 1 1
unk0CF0817E=1 1 1 1
unk62B8634C=0 2 2 2
unk62B8634D=0.02500000037252903 1 1 1
unk62B8634E=1 1 1 1
unk67E37BF5=1 1 1
unkB087EBDC=1 1 1
