[Sparks]
e-life=0.2
e-linger=0
e-rate=30
p-bindtoemitter=1 1
p-drag=5.5 5.5 5.5
p-life=0.65
p-lifeP1=0 0.5
p-lifeP2=1 1.2000000000000002
p-linger=0
p-numframes=4
p-offset=1 1 1
p-offsetXP1=0 -30
p-offsetXP2=1 30
p-offsetYP1=0 -30
p-offsetYP2=1 30
p-offsetZP1=0 -30
p-offsetZP2=1 30
p-quadrot=0 0 0
p-randomstartframe=1
p-scale=40 40 40
p-texdiv=2 2
p-texture=Braum_Base_Q_End_spark_mis.dds
p-type=0
p-vel=2.5 2.5 2.5
p-velXP1=0 -400
p-velXP2=0.1 -150
p-velXP3=0.9 150
p-velXP4=1 400
p-velYP1=0 -400
p-velYP2=0.1 -150
p-velYP3=0.9 150
p-velYP4=1 400
p-velZP1=0 -400
p-velZP2=0.1 -150
p-velZP3=0.9 150
p-velZP4=1 400
p-worldaccel=0 -100 0
p-xrgba=1 1 1 1
p-xrgba1=0 1 1 1 1
p-xrgba2=0.05 1 1 1 1
p-xrgba3=0.75 0 0.5 1 0.5
p-xrgba4=1 0 0.1 1 0
p-xscale1=0 5 5 5
p-xscale2=0.1 1 1 1
p-xscale3=0.5 1 1 1
p-xscale4=1 0 0 0
p-xscaleXP1=0 0.65
p-xscaleXP2=1 1.2000000000000002
pass=2
rendermode=4
single-particle=1
uniformscale=1

[System]
GroupPart1=Sparks
GroupPart2=ring
GroupPart3=spikes
GroupPart4=vecalign
SimulateEveryFrame=1

[ring]
e-life=0.2
e-linger=0
e-rate=6
p-backfaceon=1
p-bindtoemitter=1 1
p-drag=5 5 5
p-flexscale=0.004999999888241291
p-life=0.3
p-lifeP1=0 1
p-lifeP2=1 1.2000000000000002
p-linger=0
p-mesh=Braum_Base_BA_hit_sphere_tar.scb
p-meshtex=Braum_Base_BA_hit_circle_tar.dds
p-numframes=4
p-offset=0 -10 0
p-quadrot=-90 0 1
p-quadrotZP1=0 0
p-quadrotZP2=1 90
p-randomstartframe=1
p-rotvel=0 0 360
p-rotvelZP1=0 0.5
p-rotvelZP2=1 1
p-scale=1.5 1.5 1.5
p-texdiv=1 1
p-type=3
p-vel=0 1000 0
p-xrgba=1 1 1 1
p-xrgba1=0 1 1 1 1
p-xrgba2=0.05 1 1 1 1
p-xrgba3=0.5 0 0.5 1 0.5
p-xrgba4=1 0 0.1 1 0
p-xscale1=0 0 0 0
p-xscale2=0.1 2 2 2
p-xscale3=1 3 3 4
pass=1
rendermode=4
single-particle=1

[spikes]
e-life=0.18
e-linger=0
e-rate=12
p-backfaceon=1
p-bindtoemitter=1 1
p-drag=5 5 5
p-flexscale=0.004999999888241291
p-life=0.25
p-lifeP1=0 1
p-lifeP2=1 1.2000000000000002
p-linger=0
p-numframes=4
p-offset=1 1 1
p-offsetXP1=0 10
p-offsetXP2=1 -10
p-offsetYP1=0 10
p-offsetYP2=1 -10
p-offsetZP1=0 10
p-offsetZP2=1 -10
p-quadrot=0 -90 0
p-quadrotXP1=0 90
p-quadrotXP2=1 -90
p-randomstartframe=1
p-rotvel=0 0 0
p-scale=35 13 0
p-scaleXP1=0 0.5
p-scaleXP2=1 2
p-scaleYP1=0 1.2000000000000002
p-scaleYP2=1 0.8
p-texdiv=4 1
p-texture=Braum_Base_BA_spikes_tar.dds
p-type=1
p-vecalign=1
p-vel=1 1 1
p-velXP1=0 500
p-velXP2=1 -500
p-velYP1=0 500
p-velYP2=1 -500
p-velZP1=0 500
p-velZP2=1 -500
p-xrgba=1 1 1 1
p-xrgba1=0 1 1 1 1
p-xrgba2=0.2 1 1 1 1
p-xrgba3=0.6 0 0.6 1 1
p-xrgba4=1 0 0.1 1 0
p-xscale1=0 0 2 3
p-xscale2=0.7 3 3 3
p-xscale3=1 3.5 3.5 3.5
pass=1
rendermode=4
single-particle=1

[vecalign]
e-alpharef=20
e-life=1
e-local-orient=1
e-rate=40
p-coloroffset=0 0
p-colorscale=1 1
p-colortype=1 3
p-drag=3 4 3
p-flexscale=0.004999999888241291
p-frameRate=0
p-life=0.5
p-lifeP1=0 0.5
p-lifeP2=0.5 0.5
p-lifeP3=1 2
p-numframes=4
p-randomstartframe=1
p-scale=12 20 0
p-scaleXP1=0 1
p-scaleXP2=1 2
p-startframe=0
p-texdiv=2 2
p-texture=Braum_Base_BA_crit_spark_tar.dds
p-type=0
p-vec-velocity-minscale=1.3
p-vec-velocity-scale=0.00800000037997961
p-vecalign=1
p-vel=500 500 500
p-velXP1=0 -1
p-velXP2=1 1
p-velYP1=0 -1
p-velYP2=1 1
p-velZP1=0 -1
p-velZP2=1 1
p-worldaccel=0 -200 0
p-xrgba=1 1 1 1
p-xrgba1=0 1 1 1 1
p-xrgba2=0.2 1 1 1 1
p-xrgba3=1 1 1 1 0
p-xscale1=0 1 1 1
p-xscale2=0.5 1 1 1
p-xscale3=1 1 0 0
pass=-1
rendermode=1
single-particle=1

