[GreenBubbles]
e-life=2
e-rate=3
e-rgba=86 73 48 255
e-rotation1=1
e-rotation1-axis=0 1 0
e-rotation1P1=0 0
e-rotation1P2=1 320
p-colortype=1 3
p-frameRate=2
p-life=2
p-lifeP1=0 0.8
p-lifeP2=1 1
p-linger=2
p-numframes=4
p-offset=100 10 0
p-offset1=0 0.7 1 0
p-offset2=1 1 1 0
p-offsetXP1=0 0.9
p-offsetXP2=1 1
p-quadrot=-90 0 0
p-scale=20 20 1
p-scaleXP1=0 1
p-scaleXP2=0.9 1.2000000000000002
p-scaleXP3=1 2
p-simpleorient=2
p-texdiv=2 2
p-texture=KogMaw_voidooze_bubbles.dds
p-type=1
p-xrgba=1 1 1 0.7850000262260437
p-xscale=1 1 1
p-xscale1=0 0 0 0
p-xscale2=0.5 0.8 0.8 0.8
p-xscale3=1 1 1 1
rendermode=1
uniformscale=1

[Poolgeo]
e-alpharef=0
e-life=0.6000000000000001
e-rate=1
e-uvoffset=1 1
e-uvoffsetXP1=0 0
e-uvoffsetXP2=1 1
e-uvoffsetYP1=0 0
e-uvoffsetYP2=1 1
p-bindtoemitter=1 0
p-life=3.8000000000000003
p-linger=3.8000000000000003
p-mesh=KogmawVoidOoze_SlimeMesh.scb
p-meshtex=KogMaw_Skin08_Z_Oil.dds
p-offset=0 -10 0
p-scale=0.8 0.8 0.8
p-scaleXP1=0 0.85
p-scaleXP2=1 1.1
p-texdiv=1 2
p-type=3
p-uvscroll-rgb=0 -0.05
p-xrgba=0.7764710187911987 0.7176470160484314 0.6666669845581055 0.6509799957275391
p-xrgba1=0 1 0.337255 0.007843 0
p-xrgba2=0.03 1 0 0 0.6
p-xrgba3=0.135 1 1 1 1
p-xrgba4=0.8 1 1 1 1
p-xrgba5=1 1 1 1 0
p-xscale=1 1 1
p-xscale1=0 0.4 0.4 1
p-xscale2=0.05000000074505806 0.8999999761581421 1 1
p-xscale3=0.4 1 1 1
p-xscale4=0.9 1 1 1
p-xscale5=1 0.7000000000000001 0.7000000000000001 1
pass=-6
rendermode=1
uniformscale=1

[Smoke]
e-disabled=1
e-life=1
e-rate=9
e-rotation1=1
e-rotation1-axis=0 1 0
e-rotation1P1=0 0
e-rotation1P2=1 360
p-drag=1 1 1
p-life=1
p-lifeP1=0 0.7
p-lifeP2=1 2
p-linger=0
p-numframes=4
p-offset=100 0 0
p-offsetXP1=0 0
p-offsetXP2=1 1
p-offsetYP1=0 0
p-offsetYP2=1 1
p-offsetZP1=0 -1
p-offsetZP2=1 1
p-postoffset=0 20 0
p-postoffsetZP1=0 -1
p-postoffsetZP2=1 1
p-quadrot=90 90 0
p-quadrotXP1=0 0.9
p-quadrotXP2=1 1.1
p-quadrotYP1=0 1
p-quadrotYP2=1 1
p-randomstartframe=1
p-rotvel=20 0 0
p-rotvelXP1=0 -1
p-rotvelXP2=1 1
p-rotvelYP1=0 -1
p-rotvelYP2=1 1
p-scale=80 80 1
p-scaleXP1=0 1.25
p-scaleXP2=1 1
p-scaleYP1=0 1.5
p-scaleYP2=0.5 1
p-scaleYP3=0.5001000165939331 -1
p-scaleYP4=1 -1.5
p-texdiv=2 2
p-texture=Smoke_Clouds_2x2_HC.dds
p-vel=0 100 0
p-velXP1=0 0.9
p-velXP2=1 1
p-velYP1=0 0.9
p-velYP2=1 1
p-xrgba=1 1 1 0.39200401306152344
p-xrgba1=0 0 0 0 0
p-xrgba2=0.2 0.082353 0.023529 0.023529 1
p-xrgba3=1 0 0 0 0
p-xscale=1 1 1
p-xscale1=0 0.5 0.5 0.5
p-xscale2=1 1 1 1
pass=10
rendermode=1

[SmokeHeat]
e-disabled=1
e-life=0.5
e-rate=32
e-rotation1=1
e-rotation1-axis=0 1 0
e-rotation1P1=0 0
e-rotation1P2=1 360
p-drag=3 3 3
p-life=0.4
p-lifeP1=0 1
p-lifeP2=1 1.25
p-linger=0
p-numframes=2
p-offset=100 100 0
p-offsetXP1=0 0
p-offsetXP2=1 1
p-offsetYP1=0 1
p-offsetYP2=1 1
p-offsetZP1=0 -1
p-offsetZP2=1 1
p-quadrot=-90 90 0
p-randomstartframe=1
p-scale=50 90 1
p-scaleXP1=0 2
p-scaleXP2=0.5 1
p-scaleXP3=0.5001000165939331 -1
p-scaleXP4=1 -2
p-scaleYP1=0 2
p-scaleYP2=0.5 0.5
p-scaleYP3=0.5001000165939331 0.5
p-scaleYP4=1 2
p-texdiv=1 2
p-texture=KogMaw_Skin08_Z_ExplosionFire.dds
p-texture-mult=KogMaw_skin08_Z_ExplosionMult.dds
p-type=2
p-uvscroll-rgb=0 2
p-uvscroll-rgbYP1=0 1
p-uvscroll-rgbYP2=1 1.25
p-vecalign=1
p-vel=0 300 0
p-velXP1=0 0.9
p-velXP2=1 1
p-xrgba=1 1 1 1
p-xrgba1=0 1 1 1 1
p-xrgba2=0.2 1 0.568627 0.078431 1
p-xrgba3=0.6 0.266667 0 0 1
p-xrgba4=1 0 0 0 1
p-xscale=1 1 1
p-xscale1=0 2 0.7 -100
p-xscale2=1 1 1 -100
pass=1
rendermode=4

[System]
GroupPart1=Poolgeo
GroupPart2=GreenBubbles
GroupPart3=Smoke
GroupPart4=SmokeHeat
SimulateEveryFrame=1
SoundPersistent=Play_sfx_KogMawSkin08_KogMawVoidOozeMissile_buffactivate

[UNKNOWN_HASHES]
unk8AA264C9=1
