[Smoke]
KeywordsRequired=KogMawSkin08
e-active=1
e-local-orient=0
e-period=2
e-rate=50
p-drag=1 1 1
p-life=0.4
p-lifeP1=0 0.7
p-lifeP2=1 2
p-linger=2
p-numframes=4
p-offset=20 0 0
p-offsetXP1=0 0
p-offsetXP2=1 1
p-offsetYP1=0 0
p-offsetYP2=1 1
p-offsetZP1=0 -1
p-offsetZP2=1 1
p-postoffset=0 0 0
p-postoffsetZP1=0 -1
p-postoffsetZP2=1 1
p-quadrot=90 90 0
p-quadrotXP1=0 0.9
p-quadrotXP2=1 1.1
p-quadrotYP1=0 1
p-quadrotYP2=1 1
p-randomstartframe=1
p-rotvel=20 0 0
p-rotvelXP1=0 -1
p-rotvelXP2=1 1
p-rotvelYP1=0 -1
p-rotvelYP2=1 1
p-scale=30 20 1
p-scaleXP1=0 1.25
p-scaleXP2=1 1
p-scaleYP1=0 1.5
p-scaleYP2=0.5 1
p-scaleYP3=0.5001000165939331 -1
p-scaleYP4=1 -1.5
p-texdiv=2 2
p-texture=Smoke_Clouds_2x2_HC.dds
p-vel=0 300 0
p-velXP1=0 0.9
p-velXP2=1 1
p-velYP1=0 0.9
p-velYP2=1 1
p-xrgba=1 1 1 0.39200401306152344
p-xrgba1=0 0 0 0 0
p-xrgba2=0.2 0.082353 0.023529 0.023529 1
p-xrgba3=1 0 0 0 0
p-xscale=1 1 1
p-xscale1=0 0.5 0.5 0.5
p-xscale2=1 1 1 1
pass=1
rendermode=1

[SparksFloat]
KeywordsRequired=KogMawSkin08
e-active=1
e-local-orient=0
e-period=2
e-rate=8
e-rotation1=1
e-rotation1-axis=0 1 0
e-rotation1P1=0 0
e-rotation1P2=1 360
field-noise-1=SparksNoise
p-colortype=1 3
p-drag=3 3 3
p-life=1.2000000000000002
p-lifeP1=0 0.5
p-lifeP2=0.9 1
p-lifeP3=1 2
p-linger=2
p-offset=4 0 0
p-offsetXP1=0 0.5
p-offsetXP2=1 1
p-offsetYP1=0 0
p-offsetYP2=1 1
p-rgba=KogMaw_Skin08_Z_SparkFlicker.dds
p-scale=10 15 0
p-scaleXP1=0 1
p-scaleXP2=1 1
p-scaleYP1=0 1
p-scaleYP2=1 1.25
p-texture=KogMaw_skin08_Z_Spark.dds
p-vecalign=1
p-vel=100 700 0
p-velXP1=0 0
p-velXP2=1 1
p-velYP1=0 0.3
p-velYP2=1 1
p-xrgba=1 1 1 1
p-xrgba1=0 1 0.713725 0.360784 1
p-xrgba2=0.2 1 0.333333 0 1
p-xrgba3=0.7 0.478431 0 0 1
p-xrgba4=1 0 0 0 1
p-xscale=1 1 1
p-xscale1=0 0 0 0
p-xscale2=0.2 1 1 1
p-xscale3=1 0 0 0
pass=10

[SparksNoise]
f-axisfrac=1 1 1
f-period=0.1
f-radius=500
f-veldelta=40

[System]
GroupPart1=Smoke
GroupPart2=SparksFloat
PersistThruDeath=1
SimulateEveryFrame=1

[UNKNOWN_HASHES]
unk0826FF60=1
unk267CF285=0 -1000 0
unk3338EECF=1000
unk7AC159DA=1
unkF3A66671=0.30000000000000004
