[Flash]
e-life=1.0499999523162842
e-rate=2
e-timeoffset=0.05000000074505806
field-noise-1=SparksNoise
flag-disable-z=1
p-life=0.2
p-lifeP1=0 0.5
p-lifeP2=0.9 1
p-lifeP3=1 2
p-linger=0
p-orbitvel=0 2 0
p-orbitvelYP1=0 -1
p-orbitvelYP2=1 1
p-postoffset=0 40 0
p-scale=120 120 0
p-scaleXP1=0 1
p-scaleXP2=1 1
p-scaleYP1=0 1
p-scaleYP2=1 1.25
p-texture=flare-omnimax.dds
p-xrgba=1 1 1 1
p-xrgba1=0 1 1 1 1
p-xrgba2=0.2 1 0.92549 0.698039 1
p-xrgba3=0.7 0.478431 0 0 1
p-xrgba4=1 0 0 0 1
p-xscale=1 1 1
p-xscale1=0 0 0 0
p-xscale2=0.2 1 1 1
p-xscale3=1 0 0 0
pass=10
single-particle=1
uniformscale=1

[Smoke]
e-life=1
e-local-orient=0
e-rate=20
e-rotation1=1
e-rotation1-axis=0 1 0
e-rotation1P1=0 0
e-rotation1P2=1 360
p-drag=3 3 3
p-life=0.30000000000000004
p-lifeP1=0 0.5
p-lifeP2=1 1.25
p-linger=0
p-numframes=4
p-offset=20 0 0
p-offsetXP1=0 0
p-offsetXP2=1 1
p-offsetYP1=0 0
p-offsetYP2=1 1
p-offsetZP1=0 -1
p-offsetZP2=1 1
p-postoffset=0 20 0
p-postoffsetZP1=0 -1
p-postoffsetZP2=1 1
p-quadrot=90 90 0
p-quadrotXP1=0 0.9
p-quadrotXP2=1 1.1
p-quadrotYP1=0 1
p-quadrotYP2=1 1
p-randomstartframe=1
p-rotvel=0 0 0
p-rotvelYP1=0 -1
p-rotvelYP2=1 1
p-scale=-40 70 1
p-scaleXP1=0 1.25
p-scaleXP2=1 1
p-scaleYP1=0 1.5
p-scaleYP2=0.5 1
p-scaleYP3=0.5001000165939331 -1
p-scaleYP4=1 -1.5
p-texdiv=2 2
p-texture=Smoke_Clouds_2x2_HC.dds
p-vecalign=1
p-vel=400 200 0
p-velXP1=0 0.9
p-velXP2=1 1
p-velYP1=0 0.9
p-velYP2=1 1
p-xrgba=1 1 1 1
p-xrgba1=0 0.415686 0.415686 0.415686 1
p-xrgba2=0.3 0.34902 0.168627 0.168627 1
p-xrgba3=0.5 0.164706 0 0 0.431373
p-xrgba4=1 0 0 0 0
p-xscale=1 1 1
p-xscale1=0 0.2 0.2 -100
p-xscale2=0.5 0.8 0.8 1
p-xscale3=1 1 1 -100
pass=-10
rendermode=1
single-particle=1
uniformscale=1

[SparksFloat]
e-life=1.0499999523162842
e-rate=12
e-rotation1=1
e-rotation1-axis=0 1 0
e-rotation1P1=0 0
e-rotation1P2=1 360
e-timeoffset=0.05000000074505806
field-noise-1=SparksNoise
p-drag=3 3 3
p-life=0.7000000000000001
p-lifeP1=0 0.5
p-lifeP2=0.9 1
p-lifeP3=1 2
p-linger=0
p-offset=50 50 0
p-offsetXP1=0 0.5
p-offsetXP2=1 1
p-offsetYP1=0 0
p-offsetYP2=1 1
p-orbitvel=0 2 0
p-orbitvelYP1=0 -1
p-orbitvelYP2=1 1
p-scale=14 20 0
p-scaleXP1=0 1
p-scaleXP2=1 1
p-scaleYP1=0 1
p-scaleYP2=1 1.25
p-texture=KogMaw_skin08_Z_Spark.dds
p-vecalign=1
p-vel=200 500 0
p-velXP1=0 0
p-velXP2=1 1
p-velYP1=0 0.3
p-velYP2=1 1
p-xrgba=1 1 1 1
p-xrgba1=0 1 0.713725 0.360784 1
p-xrgba2=0.2 1 0.333333 0 1
p-xrgba3=0.7 0.478431 0 0 1
p-xrgba4=1 0 0 0 1
p-xscale=1 1 1
p-xscale1=0 0 0 0
p-xscale2=0.2 1 1 1
p-xscale3=1 0 0 0
single-particle=1

[SparksNoise]
f-axisfrac=1 1 1
f-period=0.1
f-radius=500
f-veldelta=40

[System]
GroupPart1=Smoke
GroupPart2=SparksFloat
GroupPart3=Flash
GroupPart4=ring
GroupPart4Type=Simple
PersistThruDeath=1
SimulateEveryFrame=1

[ring]
e-life=1
e-rate=1
p-bindtoemitter=1 1
p-coloroffset=0.5 0
p-colorscale=0.5 1
p-flexoffset=0.004999999888241291
p-flexscale=0.004999999888241291
p-life=0.5
p-offset=0 50 0
p-quadrot=1
p-quadrotP1=0 0
p-quadrotP2=1 360
p-rgba=color-rampdown.tga
p-scale=100
p-texture=blast_nova_bunny_04.dds
p-xscale=1
p-xscale1=0 0.5
p-xscale2=1 1.5
single-particle=1

