[Ice_Override]
MaterialOverride1Priority=1
MaterialOverride1Texture=Braum_Skin01_E_Shield_heat.dds
MaterialOverrideTransMap=Braum_Skin01_E_shield_mult.dds
e-life=1
p-life=4
p-linger=0.5
p-rgba=Braum_Skin01_E_shield_RGBA.dds
p-trans-sample=30
rendermode=1
single-particle=1

[System]
GroupPart1=Ice_Override
GroupPart2=flash
GroupPart3=flash2
GroupPart4=orbit
SimulateEveryFrame=1

[flash]
e-life=1
e-local-orient=0
e-rate=1
flag-disable-z=1
p-bindtoemitter=1 1
p-life=0.15000000596046448
p-linger=0
p-offset=0 120 0
p-scale=300 300 300
p-texture=Braum_skin01_P_Flash_tar.dds
p-vel=1 1 1
p-xrgba=1 1 1 1
p-xrgba1=0 1 1 1 0.1
p-xrgba2=0.05 1 1 1 1
p-xrgba3=1 1 0 0 0
p-xscale=1 1 1
p-xscale1=0 0.1 0.1 0.1
p-xscale2=0.07999999821186066 1.2000000476837158 1.2000000476837158 1.2000000476837158
p-xscale3=0.25 1 1 1
p-xscale4=1 0 0 0
pass=5
rendermode=4
single-particle=1
uniformscale=1

[flash2]
e-life=1
e-local-orient=0
e-rate=1
p-bindtoemitter=1 1
p-flexscale=0.00419999985024333
p-life=0.30000000000000004
p-linger=0
p-offset=0 120 0
p-quadrot=1 0 0
p-quadrotXP1=0 1
p-quadrotXP2=1 360
p-scale=1 200 350
p-scaleXP1=0 150
p-scaleXP2=1 250
p-texture=Braum_skin01_BA_Flash_tar.dds
p-vel=1 1 1
p-xrgba=1 1 1 1
p-xrgba1=0 1 1 1 0.25
p-xrgba2=0.05 1 1 1 1
p-xrgba3=1 0.5 0.1 0.1 0
p-xscale=1 1 1
p-xscale1=0 0.1 0.1 0.1
p-xscale2=0.05000000074505806 1.5 1 1
p-xscale3=0.5 0.5 0.2 1
p-xscale4=1 0 0 0
pass=2
rendermode=4
single-particle=1

[orbit]
e-life=1
e-local-orient=0
e-rate=2
p-backfaceon=1
p-bindtoemitter=1 1
p-life=0.15000000596046448
p-mesh=Braum_skin01_Q_hit_orbit_tar.sco
p-meshtex=Braum_skin01_Q_hit_orbit_tar.dds
p-quadrot=0 1 0
p-quadrotYP1=0 1
p-quadrotYP2=1 360
p-scale=5 5 5
p-scaleXP1=0 0.8
p-scaleXP2=1 1.2000000000000002
p-type=3
p-uvscroll-no-alpha=1
p-uvscroll-rgb=3 0
p-xscale=1 1 1
p-xscale1=0 0.3 0.3 0.3
p-xscale2=0.2 0.8 0.8 0.8
p-xscale3=1 0.7000000000000001 0.7000000000000001 0.7000000000000001
pass=5
rendermode=4
single-particle=1
uniformscale=1

[UNKNOWN_HASHES]
unk46FD0009=0.0042
