[System]
SimulateEveryFrame=1

[UNKNOWN_HASHES]
unk07E8624C=0.15
unk1E1B13FA=1
unk2B4870AD=0.004999999888241291
unk3A4A2BA9=2 1.2000000000000002 1.2000000000000002
unk4AB89C6B=1 1 1 0.1
unk4B8DED3B=3
unk5E36FB13=1
unk676BDCF5=0 0
unk70BF7F99=Braum_Skin01_BA_Trail_cas.dds
unk7FE42E84=1
unk8C4E99E0=0 0.9
unk97B10AEF=0 -4.5
unk98DD959D=1
unkA03FC5A7=1
unkAA853FEF=0 180 0
unkCBE6847D=4
unkCF6C6CBD=0.5
unkDA9F9C84=1
unkDB843F08=0.5
unkE311D754=0 0 0 0
unkEECAAAEC=1
unkEF621336=clamp
unkF7A9BD30=1
unkFC0802AE=Braum_Skin01_BA_Trail_01.scb
