[System]
GroupPart1=speed_trail
GroupPart2=sparks
SimulateEveryFrame=1

[sparks]
e-life=3
e-linger=0
e-local-orient=1
e-rate=15
p-bindtoemitter=1 1
p-drag=3 3 3
p-life=0.75
p-lifeP1=0 0.5
p-lifeP2=1 1
p-linger=0
p-numframes=4
p-offset=1 1 1
p-offsetXP1=0 -65
p-offsetXP2=1 65
p-offsetYP1=0 200
p-offsetYP2=1 60
p-offsetZP1=0 0
p-offsetZP2=1 75
p-quadrot=0 0 0
p-randomstartframe=1
p-scale=25 25 25
p-scaleXP1=0 0.75
p-scaleXP2=1 1.2000000000000002
p-texdiv=2 2
p-texture=Braum_Skin01_Q_End_spark_mis.dds
p-type=0
p-vel=1 1 1
p-velXP1=0 -200
p-velXP2=0.1 -150
p-velXP3=0.9 150
p-velXP4=1 200
p-velYP1=0 -200
p-velYP2=0.1 -150
p-velYP3=0.9 150
p-velYP4=1 200
p-velZP1=0 -300
p-velZP2=1 0
p-xrgba=1 1 1 0.7
p-xrgba1=0 1 1 1 0
p-xrgba2=0.1 1 1 1 1
p-xrgba3=1 0.1 0.5 1 1
p-xscale1=0 5 5 5
p-xscale2=0.1 1 1 1
p-xscale3=0.30000000000000004 1 1 1
p-xscale4=1 0 0 0
pass=8
rendermode=4
uniformscale=1

[speed_trail]
e-life=3
e-linger=0
e-local-orient=1
e-rate=10
p-bindtoemitter=0 0
p-flexoffset=0.004000000189989805
p-flexscale=0.006000000052154064
p-life=0.3
p-linger=0
p-offset=1 1 1
p-offsetXP1=0 -65
p-offsetXP2=1 65
p-offsetYP1=0 200
p-offsetYP2=1 60
p-offsetZP1=0 0
p-offsetZP2=1 75
p-quadrot=90 0 0
p-scale=1 50 80
p-scaleXP1=0 15
p-scaleXP2=1 20
p-texture=Braum_Skin01_BA_Flash_tar.dds
p-type=1
p-vel=0 0 -500
p-xrgba=1 1 1 0.4
p-xrgba1=0 1 1 1 0
p-xrgba2=0.2 1 1 1 1
p-xrgba3=1 0.1 0.2 1 0
p-xscale1=0 1 2 1
p-xscale2=0.5 0.6 1 1
p-xscale3=1 0.2 0.5 1
pass=5
rendermode=4

