[System]
GroupPart1=splash
SimulateEveryFrame=1

[splash]
e-life=0.5
e-linger=0
e-local-orient=1
e-rate=50
e-rotation1=1
e-rotation1-axis=0 0 1
e-rotation1P1=0 0
e-rotation1P2=1 360
p-drag=5 5 5
p-flexoffset=0.004999999888241291
p-flexscale=0.004999999888241291
p-life=1.5
p-lifeP1=0 0.3
p-lifeP2=0.9 0.4
p-lifeP3=1 0.75
p-local-orient=0
p-offset=1 0 0
p-offsetXP1=0 -100
p-offsetXP2=1 100
p-postoffset=0 200 250
p-quadrot=0 -90 0
p-randomstartframe=1
p-scale=15 30 0
p-scaleXP1=0 0.4
p-scaleXP2=1 1
p-scaleYP1=0 0.5
p-scaleYP2=1 1.2000000000000002
p-texdiv=2 2
p-texture=Braum_Skin01_E_Sparks.dds
p-type=0
p-vecalign=1
p-vel=0.5 0 -1
p-velXP1=0 2000
p-velXP2=0.8 2500
p-velXP3=1 4000
p-velZP1=0 2000
p-velZP2=0.8 2500
p-velZP3=1 4000
p-xrgba=1 1 1 1
p-xrgba1=0 1 1 1 1
p-xrgba2=0.2 1 1 1 1
p-xrgba3=1 1 0.2 0.1 1
p-xscale1=0 5 5 5
p-xscale2=0.1 1 1 1
p-xscale3=0.3 1 1 1
p-xscale4=1 0.1 0.1 1
rendermode=4
single-particle=1

