[System]
GroupPart1=soft_glow
GroupPart2=smoke
GroupPart2Importance=High
GroupPart3=sparks
SimulateEveryFrame=1

[smoke]
e-rate=10
e-rotation1=1
e-rotation1P1=0 0
e-rotation1P2=1 360
e-timeoffset=-5
p-bindtoemitter=1 1
p-life=1.3
p-lifeP1=0 0.75
p-lifeP2=1 1
p-postoffset=0 -50 0
p-quadrot=1 1 1
p-quadrotXP1=0 1
p-quadrotXP2=1 360
p-rotvel=1 1 1
p-rotvelXP1=0 -120
p-rotvelXP2=1 120
p-scale=35 35 35
p-scaleXP1=0 0.9
p-scaleXP2=1 1.5
p-texture=Maokai_Base_P_smoke.dds
p-vel=25 50 0
p-velXP1=0 1.1
p-velXP2=1 0.7699999809265137
p-xrgba=0.870588 0.392157 0 1
p-xrgba1=0 1 1 1 0
p-xrgba2=0.5 1 1 1 1
p-xrgba3=1 1 1 1 0
p-xscale=1 1 1
p-xscale1=0 0 0 0
p-xscale2=0.5 0.8500000238418579 0.8500000238418579 0.8500000238418579
p-xscale3=1 2 2 2
rendermode=4
uniformscale=1

[soft_glow]
e-rate=1
e-rgba=255 138 5 98
flag-disable-z=1
p-bindtoemitter=1 0
p-life=2
p-offset=0 -5 10
p-scale=70 70 200
p-texture=TEST_Maokai_Q_Mis_softglow.dds
p-xrgba=1 1 1 1
p-xrgba1=0 1 1 1 0
p-xrgba2=0.5 1 1 1 1
p-xrgba3=1 0 0 1 0
p-xscale=1 1 1
p-xscale1=0 1 1 1
p-xscale2=0.30000000000000004 1 1 1
p-xscale3=1 0.5 0.5 0.5
pass=-3
rendermode=4

[sparks]
e-rate=15
e-rotation1=45
e-rotation1-axis=0 1 0
p-bindtoemitter=1 1
p-colortype=1 3
p-drag=0.6000000000000001 0.6000000000000001 0.6000000000000001
p-life=1.2000000000000002
p-lifeP1=0 0.5
p-lifeP2=1 1
p-numframes=4
p-offset=25 -25 25
p-offsetXP1=0 -1
p-offsetXP2=1 1
p-offsetZP1=0 -1
p-offsetZP2=1 1
p-orbitvel=0.4 0.4 0.4
p-orbitvelXP1=0 -1
p-orbitvelXP2=1 1
p-orbitvelYP1=0 -1
p-orbitvelYP2=1 1
p-orbitvelZP1=0 -1
p-orbitvelZP2=1 1
p-randomstartframe=1
p-scale=20 20 0
p-scaleXP1=0 0.5
p-scaleXP2=1 1
p-scaleYP1=0 0.5
p-scaleYP2=1 1.5
p-texdiv=2 2
p-texture=Maokai_Skin01_idle_sparks.dds
p-vecalign=1
p-vel=-50 -50 0
p-velXP1=0 0.5
p-velXP2=1 1
p-velYP1=0 0.5
p-velYP2=1 1
p-xrgba=1 1 1 1
p-xrgba1=0 1 1 1 0
p-xrgba2=0.3 1 1 1 1
p-xrgba3=1 1 0 0 0
p-xscale=1 1 1
p-xscale1=0 0 0 0
p-xscale2=0.3 1 0.5 0
p-xscale3=1 0.2 0.2 0
pass=1

