[UNKNOWN_HASHES]
unk009F14F3=1000
unk0685DA83=1
unk13C33245=crossbones6.sco
unk289C9CAB=0 20 0
unk2D0FF498=1
unk324BCD66=0
unk3338EECF=10000
unk33CE5E95=3.5
unk340E709B=0
unk3C80AB6B=0 0 0
unk40F1E1D2=1.5 1.5 1.5
unk471CB142=crossbonesjuice_red.tga
unk551330D7=0 600 0
unk56BE19D4=0 0 0
unk5EFF3708=1400
unk63491CD2=3
unk6F2EBF1E=0 60 0
unk72A79939=0.007000000216066837
unk7C47011E=1 1
unk7E033CAA=0
unk80E27198=0 0 0
unkA3FDA9DF=1 1
unkB51AE9D0=1
unkB77D4C86=0.20000000298023224 -0.5
unkB9785392=1000
unkBCB6EFB3=0 0 0
unkBE7EBD14=1
unkD5098185=1 0
unkE7279C54=300
unkF33F6E9F=1
unkF3A66671=0.7000000000000001
unkFD5060CC=color-hold.tga
