[UNKNOWN_HASHES]
unk0010F855=1
unk01AF253F=1 1 1 1
unk0397C689=0
unk044E25BF=1
unk061D3AE0=30
unk07B28E0D=IceExplode.tga
unk08BA29DF=0.5
unk0BA7A4AD=2 4
unk0C15674A=30
unk0D973AC9=0.5
unk10F0543C=0 1 1 1 0.4
unk10F0543D=0.1 1 1 0 0.5
unk10F0543E=0.2 1 1 0 0
unk10F0543F=0.5 1 1 1 0
unk10F05440=1 1 1 1 0
unk118DB707=8 8 8
unk14D1FC2A=0.2
unk1869815B=0
unk18948873=30 30 30
unk19AF0D14=0.2
unk1A2C2490=0
unk1A9A8D58=2 4
unk1CE56DFF=0.8
unk1E184114=15 15 15
unk1FBBDF9F=0
unk20943CA8=0
unk21BBDD29=10
unk2477D5D9=1
unk24FBC3DB=0 0 0 1 1
unk24FBC3DC=0.5 0 0 0 1
unk24FBC3DD=1 0 1 1 0
unk2818680E=100
unk28FD404A=0.30000000000000004
unk2902F935=1 1 1 1
unk2AFAC0A2=255 255 255 255
unk2CF578F8=100
unk2E86B1D6=1 1 1 1
unk2FC18289=1
unk2FD7D18C=255 255 255 255
unk30A3BDC9=1
unk3555661F=1
unk372ACBA5=IceExplode.tga
unk374CCD10=1
unk378A0A1E=1
unk39533033=1
unk3C43AC2E=1
unk3F2604C2=255 255 255 255
unk41198415=1
unk48226EE9=0.7000000000000001
unk4C537AE7=11 11 11
unk4F364DD2=0 3 0 0
unk4F364DD3=1 3 0 0
unk53FADAA9=0
unk543A4134=0.30000000000000004
unk54DEE09D=7 7 7
unk58D3723F=6
unk5916AB5C=0 1 0 0
unk5916AB5D=0.5 1 0 0
unk5916AB5E=1 0 0 0
unk59CC3D73=1
unk5CC1EBA9=1 1 1 1
unk5CF386C8=0 0 0 0
unk5CF386C9=0.5 5 0 0
unk5CF386CA=1 10 0 0
unk5D35FA21=2 4
unk5DDA4571=0
unk5ECB9EA9=6
unk5EE2F0E8=1
unk5F9CE8A6=0
unk6226640E=2
unk647AB11F=1
unk65E40FBE=0.30000000000000004
unk66D5A53F=1
unk6780AD18=1
unk685CA57B=0
unk6943DFC9=1
unk6A1F48B0=0
unk6A6305AC=255 255 255 255
unk6C4C1374=0 1 0
unk6C680868=0
unk6FAF03BF=0
unk71404BF8=IceExplode.tga
unk714169C0=2 4
unk764D2C53=1
unk792A7BA2=15
unk7AD53080=1
unk7B141763=icicleRing.tga
unk7C0CD436=255 255 255 255
unk7E4069F2=0 1 0 0
unk7E4069F3=0.5 1 0 0
unk7E4069F4=1 0 0 0
unk7F8CFBB6=1
unk817DEFBE=1
unk84DBAA5D=1
unk8667D364=icicleRing.sco
unk87211C7E=0 70 0
unk87925C60=1
unk89B8BB47=1
unk8BABAC77=2 4
unk8BEAC151=0 1
unk8BEAC152=0.5 2
unk8BEAC153=1 2.5
unk8F592AB2=0 0 1 1 1
unk8F592AB3=0.5 0 0 0 1
unk8F592AB4=1 0 1 1 0
unk95B19D0F=5 5 5
unk98657991=0
unk9906EE7D=1
unk9A281CC6=0
unk9DA208D4=1
unkA3E886B0=5 5 5
unkA4116F52=0
unkA472BC2A=0.4
unkA758623C=0
unkA821A9E9=1
unkA91B0571=30
unkB08A8E75=0.30000000000000004
unkB259075A=1
unkB289782E=0
unkB507161B=0 0
unkB507161C=1 360
unkB7E246EA=0
unkBB2B4C92=0.6000000000000001
unkBB62FEE9=0 3 0 0
unkBB62FEEA=1 3 0 0
unkBDA975F8=2
unkBF61FEC8=0 1 1 1 1
unkBF61FEC9=0.8 1 1 0 1
unkBF61FECA=1 1 1 1 0
unkC02E4165=0
unkC3D0FA59=80
unkC443EF67=1
unkC4AA721A=5 5 5
unkC7431EDD=0.30000000000000004
unkC835F435=1
unkCAFE1A8E=IceExplode.tga
unkCEC94A41=0
unkD11C708D=2 4
unkD3E93266=1
unkD4DE7818=IceExplode.tga
unkD5EDBDF1=3
unkD8BB5384=IceExplode.tga
unkD9C9A328=CustomAccelField-1
unkDA898AC1=1
unkDB9ED097=2 4
unkDD6BE355=255 255 255 255
unkE9F3CF05=0
unkEBB6723A=0
unkEE81DF33=0
unkEFB99D48=0 0
unkF140B47D=13 13 13
unkF5787F3C=0 3 0 0
unkF5787F3D=0.4 3 0 0
unkF5787F3E=1 1 0 0
unkF5847A18=0
unkF644B77C=20
unkF8BDD9A2=1
unkFA0836AE=IceExplode.tga
unkFB8DA8B5=1 1
unkFDFF3EA4=0
unkFFC1E1D9=0
