[System]
GroupPart1=claw1
GroupPart2=claw2
PersistThruDeath=1
SimulateEveryFrame=1
group-scale-cap=-1

[claw1]
e-life=1
e-local-orient=1
e-rate=4
p-bindtoemitter=0 0
p-life=1.7000000000000002
p-linger=0
p-local-orient=1
p-offset=0 0 0
p-quadrot=90 0 -90
p-rgba=color-eyefade32.tga
p-scale=100 100 0
p-texture=DebugCircle.dds
p-type=1
p-uvscroll-no-alpha=1
p-uvscroll-rgb=0.05000000074505806 0.05000000074505806
p-xrgba=0.75 0 0 1
p-xscale1=0 1 1 0
p-xscale2=0.8 1 1 0
pass=-10
rendermode=4
single-particle=1

[claw2]
e-life=1
e-local-orient=1
e-rate=4
p-bindtoemitter=0 0
p-life=1.7000000000000002
p-linger=0
p-local-orient=1
p-offset=0 0 0
p-quadrot=90 0 -90
p-rgba=color-eyefade32.tga
p-scale=100 100 0
p-texture=DebugCircle.dds
p-type=1
p-uvscroll-no-alpha=1
p-uvscroll-rgb=-0.05000000074505806 0.05000000074505806
p-xrgba=0.75 0 0 1
p-xscale1=0 1 1 0
p-xscale2=0.8 1 1 0
pass=-100
rendermode=4
single-particle=1

