[System]
GroupPart1=lampsparkle
GroupPart1Type=Simple
GroupPart2=lampglow
GroupPart2Type=Simple
SimulateEveryFrame=1

[lampglow]
e-life=8
e-linger=0
e-rate=60
p-bindtoemitter=1 1
p-colorscale=1 0.8500000238418579
p-colortype=1 0
p-frameRate=0
p-life=0.03200000151991844
p-linger=1
p-numframes=1
p-offset=150 0 0
p-rgba=color-hold.tga
p-scale=120
p-scale1=0 0
p-scale2=0.1899999976158142 0
p-scale3=0.2 1.3
p-scale4=0.25 1
p-scale5=0.949999988079071 1
p-scale6=1 0
p-scaleP1=0 0.9
p-scaleP2=1 1.1
p-startframe=0
p-texdiv=1 1
p-texture=flare-omnimax.tga
p-type=0
rendermode=0

[lampsparkle]
e-life=8
e-linger=0
e-local-orient=1
e-rate=2000
e-rate1=0 0.2
e-rate2=0.2 1
e-rate3=1 1
p-bindtoemitter=1 1
p-colorscale=1 1
p-colortype=1 0
p-frameRate=0
p-life=0.06400000303983688
p-linger=0
p-numframes=1
p-offset=1 1 1
p-offset1=0 0 0 0
p-offset2=0.2 1 0 0
p-offset3=1 1 0 0
p-offsetXP1=0 0
p-offsetXP2=1 140
p-quadrot=1
p-quadrotP1=0 0
p-quadrotP2=1 360
p-rgba=color-hold.tga
p-scale=15
p-scale1=0 3
p-scale2=0.05000000074505806 0.5
p-scale3=0.18000000715255737 1
p-scale4=0.20999999344348907 2
p-scale5=0.23000000417232513 1
p-scale6=0.949999988079071 1
p-scale7=1 0
p-scaleP1=0 0.30000000000000004
p-scaleP2=1 2
p-startframe=0
p-texdiv=1 1
p-texture=flare-sun.tga
p-type=0
rendermode=0

