[Newfreeze]
e-alpharef=10
e-life=-1
e-linger=0
e-local-orient=0
e-rate=60
p-alphaslicerange=0.5
p-bindtoemitter=0 0
p-coloroffset=0 0
p-colorscale=1 1
p-colortype=1 3
p-flexscale=0.004999999888241291
p-life=2
p-lifeP1=0 0.8
p-lifeP2=1 1.2000000000000002
p-offset=0 1 0
p-offsetYP1=0 1.5
p-offsetYP2=1 1.75
p-quadrot=1
p-quadrotP1=0 0
p-quadrotP2=0.1599999964237213 0
p-quadrotP3=0.16099999845027924 60
p-quadrotP4=0.33000001311302185 60
p-quadrotP5=0.3310000002384186 120
p-quadrotP6=0.5 120
p-quadrotP7=0.5009999871253967 180
p-quadrotP8=0.6600000262260437 180
p-quadrotP9=0.6610000133514404 240
p-rgba=color-icecrystal.tga
p-scale=80
p-scaleP1=0 0.5
p-scaleP2=1 1.2000000000000002
p-simpleorient=2
p-texture=icecrystal.tga
p-texture-pixelate=1
p-type=1
pass=-100
rendermode=1

[System]
GroupPart1=Newfreeze
GroupPart1Type=Simple
SimulateEveryFrame=1

[UNKNOWN_HASHES]
unk05DCDC06=0 0
unk073FDE06=0
unk082DC7FB=10
unk0C3778AB=2
unk0EA34ACB=Global_Freeze_multi.tga
unk123EBA28=color-freeze.tga
unk1579DD3C=1
unk15A417D4=15
unk1B7433DF=4
unk262461E1=64
unk29DEB9AC=3
unk2C3FA142=0
unk31373BE7=2
unk3153733A=100
unk395B5907=Global_Freeze.tga
unk3A4A2BA9=150 0 0
unk3BD23368=1
unk3D863971=0 1
unk3D863972=1 1.6
unk3E40AAED=1 3
unk48856DF7=0 1.5
unk48856DF8=1 1.75
unk4B8DED3B=5
unk512D2E42=0 0
unk524330EC=1.5
unk5844393B=1 1
unk5E5B0337=10
unk5EF8C11A=2 2
unk676BDCF5=0
unk686BF564=color-freeze.tga
unk71A16F1B=4
unk75C991FB=0 1.0499999523162842
unk75C991FC=1 1.0499999523162842
unk7837762E=1
unk785196AD=0 1.4000000000000001
unk785196AE=1 1.4000000000000001
unk841C9710=15
unk893A6AC1=0 0
unk893A6AC2=1 360
unk8F5D5B29=1 3
unk99A21E33=0 1
unk99A21E34=1 2
unk9FA64CC8=0.8 1
unkA081A037=0 0.8
unkA081A038=1 1.2000000000000002
unkAA4A92EF=0.8199999928474426 240
unkAA4A92F0=0.8209999799728394 300
unkAA4A92F1=1 300
unkAA853FEF=0 0 0
unkB0EB38C2=0
unkB1F8DA77=1 1
unkBB2016C7=0 1 0
unkBB663A70=3
unkC0F5DF76=100
unkC1BBC286=0 0
unkCBE6847D=3
unkCE64B16A=1
unkCE66BBBA=Global_Freeze_trail.tga
unkCF6C6CBD=2
unkD8DCF94F=0
unkDA571AFD=0 0
unkDA571AFE=1 360
unkDA9E4C9B=200 0 0
unkDA9F9C84=2
unkDB843F08=10
unkE07B4CA8=-100
unkE311D754=0 1 0
unkE38EB6C2=0 0
unkE5953135=color-freeze-trail.tga
unkE8FC945C=1 0
unkEAC1CF00=1
unkEBB695FE=0
unkEECAAAEC=30
unkF2C161BB=1
unkF5DCFDF5=0.2 0
unkF5EB7403=0 1 0
unkF89965E4=-100
unkFC15F5B0=2
