[Gravity]
f-accel=0 -400 0
f-localspace=0

[SparksDrag]
f-drag=4
f-pos=0 0 0
f-radius=2000

[System]
GroupPart1=bullet
GroupPart1Importance=High
GroupPart1Type=Simple
GroupPart2=trail
GroupPart2Importance=High
GroupPart2Type=Complex
GroupPart3=trail
GroupPart3Importance=High
GroupPart3Type=Complex
GroupPart4=followsparks
GroupPart4Importance=High
GroupPart4Type=Simple
SimulateEveryFrame=1

[bullet]
e-rate=1
p-bindtoemitter=1 1
p-life=1
p-linger=0
p-local-orient=0
p-mesh=sphere.sco
p-meshtex=CannonBalltex.tga
p-postoffset=0 15 0
p-quadrot=160
p-rgba=color-white32.tga
p-scale=1.5
p-shadow=1
p-simpleorient=2
p-texture=CannonBalltex.tga
p-type=3
rendermode=1

[followsparks]
e-rate=200
field-accel-1=Gravity
field-drag-1=SparksDrag
p-bindtoemitter=0.6000000000000001 0
p-coloroffset=0 0.5
p-colorscale=1 0.5
p-colortype=1 3
p-life=0.07999999821186066
p-lifeP1=0 0.8
p-lifeP2=1 2
p-linger=-1
p-offset=3 3 3
p-offsetXP1=0 0
p-offsetXP2=1 2
p-offsetYP1=0 0
p-offsetYP2=1 2
p-offsetZP1=0 0
p-offsetZP2=1 2
p-postoffset=0 0 0
p-rgba=color-firemissile.tga
p-scale=3.5
p-scaleP1=0 0.1
p-scaleP2=1 1
p-startframe=4
p-texdiv=2 3
p-texture=disintegrate02.tga
p-xscale=1
p-xscale1=0 1
p-xscale2=0.5109999775886536 1.5570000410079956
p-xscale3=1 0

[trail]
e-local-orient=1
e-rate=100
e-rgba=255 255 255 255
p-bindtoemitter=0 0.4
p-frameRate=0
p-life=0.5
p-linger=-1
p-numframes=1
p-postoffset=0 25 0
p-quadrot=0 0 90
p-scale=60 8 8
p-startframe=1
p-texdiv=2 2
p-texture=AirSpiritStreak.tga
p-type=1
p-vel=0 0 0
p-xrgba1=0 0.55 0.35 0.35 0.2
p-xrgba2=0.1 0.45 0.35 0.35 0.05
p-xrgba3=0.3 0.35 0.35 0.35 0.05
p-xrgba4=1 0.35 0.35 0.35 0
p-xscale1=0 1 1 1
p-xscale2=1 0.1 0.1 0.1
rendermode=0

[UNKNOWN_HASHES]
unk013B9371=0 0 0
unk06ED5D14=4
unk09902196=2 2
unk0DF4AE86=1
unk0E9E7B0A=0 0.4
unk14CB39FB=-1
unk157B8FE6=1
unk18986C17=1
unk22F13DD9=missile_txt_opt_03.tga
unk23BFC333=0 0.6000000000000001
unk23BFC334=1 1.4000000000000001
unk26BBDED7=1
unk27DC3B35=1
unk2AACD674=1
unk2FBC9FBE=0 0
unk36A2D26E=0 0
unk36A2D26F=1 1
unk3720E1EF=0 -1
unk3720E1F0=1 1
unk379EF170=0 0
unk379EF171=1 1
unk40D1AF47=0 1
unk40D1AF48=1 1.5
unk467E8D84=0 0 90
unk548B9A51=0 0 0
unk57F5133F=1 0.4
unk598709E9=0.6 0.2 0.6
unk5A9287BE=1
unk5BD3FE7D=5
unk5CB6FE2F=-90 150 0
unk6464563D=1
unk658CC072=30
unk68DA4E44=0
unk6A60094F=AirSpiritStreak.tga
unk72F3CD01=0
unk744D31BF=0 25 0
unk7B323CAC=1
unk7BD59C28=0
unk864AC1E2=2 2
unk87211C7E=0 -3000 0
unk886F946E=missile_std.sco
unk8E7033BE=60 4 4
unk97763154=0 0 0
unk981099AF=-1
unk98B80038=1
unk995A0F68=0.5
unk9FA39775=0 0.8
unk9FA39776=1 1.4000000000000001
unkA3FA9CC7=0 0 1440
unkA4CB15B4=1
unkB430AA57=2
unkB8B84D97=100
unkBAF3DA2C=color-smoke32.tga
unkBB9AA62B=255 255 255 255
unkBC997C03=smokepuffs.tga
unkBD4A7BB1=0 0.55 0.35 0 0
unkBD4A7BB2=0.3 0.45 0.35 0 0.05
unkBD4A7BB3=0.5 0.35 0.35 0 0.05
unkBD4A7BB4=1 0.35 0.35 0 0
unkBE139FB5=1000
unkC02E4165=0
unkC3632B6A=1
unkC42953E3=120
unkC5AA0460=1
unkD7F57EFB=3
unkD8BB7FF9=0 0
unkD8BB7FFA=1 360
unkDC94060B=5 50 5
unkEE983C93=0 1 1 1
unkEE983C94=1 0.1 0.1 0.1
