[System]
GroupPart1=molten_proj_02
GroupPart1Importance=High
GroupPart1Type=complex
GroupPart2=followsparks
GroupPart2Importance=High
GroupPart2Type=Simple
GroupPart3=trail
GroupPart3Importance=High
PersistThruDeath=1
SimulateEveryFrame=1

[followsparks]
e-life=2
e-rate=120
e-rotation1=1
e-rotation1-axis=0 0 1
e-rotation1P1=0 0
e-rotation1P2=1 360
e-rotation2=1
e-rotation2P1=0 0
e-rotation2P2=1 360
p-bindtoemitter=0.7000000000000001 0
p-life=0.2
p-lifeP1=0 0.8
p-lifeP2=1 2
p-linger=-1
p-offset=5 5 5
p-offsetXP1=0 0
p-offsetXP2=1 1
p-offsetYP1=0 0
p-offsetYP2=1 1
p-offsetZP1=0 0
p-offsetZP2=1 1
p-quadrot=1
p-quadrotP1=0 0
p-quadrotP2=1 360
p-rgba=color-smoke32_07.tga
p-scale=9
p-scaleP1=0 0.30000000000000004
p-scaleP2=1 1
p-texture=Flare-Sun_09.tga
p-vel=0 60 0
p-velYP1=0 0
p-velYP2=1 1
p-xscale=1
p-xscale1=0 1
p-xscale2=0.5 1
p-xscale3=1 0

[molten_proj_02]
e-rate=1
p-bindtoemitter=1
p-life=5
p-linger=0
p-mesh=fireball.sco
p-meshtex=veigar_shadow_bolt_proj_08.tga
p-quadrot=0 0 0
p-rotvel=720 720 720
p-scale=2.5 2.5 2.5
p-type=3
rendermode=1

[trail]
e-life=4
e-local-orient=1
e-rate=60
e-rotation1=1
e-rotation1-axis=0 1 0
e-rotation1P1=0 0
e-rotation1P2=1 360
e-tilesize=50 0 0
p-coloroffset=0 0
p-colorscale=1 1
p-colortype=1 3
p-drag=2 2 2
p-life=0.9
p-lifeP1=0 0.8
p-lifeP2=1 1
p-linger=2
p-offset=1 0 0
p-offsetXP1=0 -10
p-offsetXP2=1 10
p-postoffset=0 40 0
p-quadrot=6000 30 0
p-quadrot1=0 0 1 0
p-quadrot2=1 1 1 1
p-rgba=color-uranium.tga
p-rotvel=1 0 0
p-rotvelXP1=0 -120
p-rotvelXP2=1 120
p-scale=10 0 0
p-texture=uranium_fire.tga
p-trailmode=1
p-type=4
p-vel=1 100 0
p-velXP1=0 -200
p-velXP2=0.20000000298023224 -20
p-velXP3=0.8 20
p-velXP4=1 200
p-velYP1=0 0
p-velYP2=1 2
p-velZP1=0 -200
p-velZP2=0.20000000298023224 -20
p-velZP3=0.8 20
p-velZP4=1 200
p-xscale1=0 1 0 0
p-xscale2=1 3 0 0
rendermode=0

[UNKNOWN_HASHES]
unk267CF285=0 -400 0
unk2714941E=0
unk55A3942D=0 0 0
unk62ACEBF9=2000
unk697AC349=1
unk7A84D89B=4
unkB94CEA2D=0 0 0 0 255
unkB94CEA2E=0.1226667 255 255 255 255
unkB94CEA2F=0.2370705 211 255 212 255
unkB94CEA30=0.3477372 166 255 154 255
unkB94CEA31=0.7173334 0 255 0 255
unkB94CEA32=1 0 0 0 255
