[System]
GroupPart2=flame
GroupPart2Importance=High
GroupPart2Type=Simple
GroupPart3=sparks_02
GroupPart3Importance=High
GroupPart3Type=Simple
GroupPart5=magic_sparks
GroupPart5Importance=High
GroupPart5Type=Simple
SimulateEveryFrame=1

[flame]
e-active=0.05000000074505806
e-life=1
e-period=1
e-rate=3
p-coloroffset=0 0.550000011920929
p-colorscale=1 0.44999998807907104
p-colortype=1 3
p-frameRate=0
p-life=0.30000000000000004
p-lifeP1=0 0.5
p-lifeP2=1 1
p-numframes=1
p-offset=5 5 5
p-offsetXP1=0 -1
p-offsetXP2=1 1
p-offsetYP1=0 -1
p-offsetYP2=1 1
p-offsetZP1=0 -1
p-offsetZP2=1 1
p-postoffset=0 0 0
p-quadrot=1
p-quadrotP1=0 0
p-quadrotP2=1 360
p-randomstartframe=1
p-rgba=color-uranium.tga
p-scale=120
p-scaleP1=0 0.6
p-scaleP2=1 1
p-startframe=0
p-texdiv=2 2
p-texture=uranium_hit.tga
p-type=0
rendermode=0

[gravity]
f-accel=0 -400 0
f-localspace=0

[magic_sparks]
e-life=0.125
e-linger=1.5
e-rate=105
e-rotation1=1
e-rotation1P1=0 0
e-rotation1P2=1 360
field-accel-1=gravity
p-bindtoemitter=1 ,8
p-life=0.30000000000000004
p-lifeP1=0 0.15
p-lifeP2=1 1
p-offset=20 20 20
p-offsetXP1=0 0
p-offsetXP2=1 1
p-offsetYP1=0 0
p-offsetYP2=1 3
p-postoffset=0 0 0
p-quadrot=0
p-rgba=color-smoke32_07.tga
p-rotvel=1
p-rotvel1=0 0 0 0
p-rotvel2=1 0 0 180
p-scale=70
p-scaleP1=0 0.25
p-scaleP2=1 0.85
p-texture=Flare-Sun_09.tga
p-vel=215 245 215
p-velYP1=0 1.5499999523162842
p-velYP2=1 0.25
p-xscale=1
p-xscale1=0 1
p-xscale2=0.4 1
p-xscale3=1 0

[sparks_02]
e-life=1
e-rate=12
p-coloroffset=0 0.8
p-colorscale=1 0.15000000596046448
p-colortype=1 3
p-frameRate=0
p-life=0.5
p-lifeP1=0 0.5
p-lifeP2=1 1
p-linger=-1
p-numframes=1
p-offset=5 5 5
p-offsetXP1=0 -1
p-offsetXP2=1 1
p-offsetYP1=0 -1
p-offsetYP2=1 1
p-offsetZP1=0 -1
p-offsetZP2=1 1
p-postoffset=0 0 0
p-quadrot=1
p-quadrotP1=0 0
p-quadrotP2=1 360
p-rgba=color-uranium.tga
p-scale=125
p-scaleP1=0 0.8
p-scaleP2=1 1.2000000000000002
p-startframe=2
p-texdiv=2 2
p-texture=uranium_hit.tga
p-type=0
p-xscale=1
p-xscale1=0 0.5
p-xscale2=0.8 1
p-xscale3=1 1.3
rendermode=0
single-particle=1

[UNKNOWN_HASHES]
unk01AED73C=1
unk02DBA2E0=0 0
unk02DBA2E1=1 360
unk0A91428B=0
unk0F14626A=uranium_hit.tga
unk1A25EE6C=0 200 0
unk21986457=1
unk2690537F=Drag
unk26F36D78=0 0
unk26F36D79=1 120
unk27717CF9=0 0
unk27717CFA=1 360
unk310D7FFB=1
unk3338EECF=500
unk4BB5FA85=Gravity
unk5063548C=0 0 0 0 255
unk5063548D=0.1226667 255 255 255 255
unk5063548E=0.2370705 211 255 212 255
unk5063548F=0.3477372 166 255 154 255
unk50635490=0.7173334 0 255 0 255
unk50635491=1 0 0 0 255
unk551330D7=0 0 0
unk5D5289CD=0
unk61A5F4A5=0 0.5
unk763AA99A=0 0.3
unk763AA99B=1 1
unk8E6FC20D=0.5
unk916C2A59=12
unk934C95AE=0 1
unk934C95AF=0.5 1
unk934C95B0=1 0
unk9A879458=1
unkA4988685=color-uranium.tga
unkABDC7D37=1
unkABDC7D38=1
unkADCE003C=120
unkB7E1E30C=1 3
unkBC2CD1BB=2 2
unkC492124E=0 0.5
unkC492124F=0.9 1
unkC4921250=1 4
unkD585A74E=0 0.8
unkD585A74F=1 1
unkD8C4AA18=1 0.5
unkDB5BB063=1
unkDE57489C=0
unkE34AD1D7=0 0 1
unkEB32E69F=1
unkF3A66671=1
unkF9453B43=1
unkF9773316=0 1 0
