[System]
GroupPart1=grapling_hook
GroupPart1Importance=High
GroupPart1Type=complex
GroupPart3=chain
GroupPart4=sparkle_02
GroupPart4Importance=High
GroupPart4Type=Simple
GroupPart5=sparkle_03
GroupPart5Importance=High
GroupPart5Type=Simple
SimulateEveryFrame=1

[chain]
e-life=8
e-linger=0
e-local-orient=1
e-rate=1
e-tilesize=0 160 1
e-tilesizeYP1=0 1
e-tilesizeYP2=1 1.2000000000000002
p-bindtoemitter=1
p-colorscale=1 1
p-colortype=1 3
p-frameRate=0
p-life=5
p-linger=0
p-numframes=1
p-offset=0 0 0
p-quadrot=90 0 0
p-scale=90 1 1
p-startframe=0
p-texdiv=1 1
p-texture=chain_magic_04.tga
p-type=6
p-uvscroll-rgb=0.5 0
rendermode=1
single-particle=1

[grapling_hook]
e-rate=1
p-backfaceon=1
p-bindtoemitter=1
p-life=5
p-linger=0
p-mesh=shackle_projectile_01.sco
p-meshtex=shackle_projectile_03.tga
p-postoffset=0 0 0
p-quadrot=270 0 180
p-rotvel=0 1120 0
p-scale=8 8 8
p-type=3
rendermode=3

[sparkle_02]
e-life=120
e-linger=0
e-rate=110
e-rotation1=1
e-rotation1-axis=0 0 1
e-rotation1P1=0 0
e-rotation1P2=1 360
e-rotation2=1
e-rotation2-axis=0 1 0
e-rotation2P1=0 0
e-rotation2P2=1 360
p-bindtoemitter=0 0
p-life=0.25
p-lifeP1=0 0.15
p-lifeP2=1 0.9
p-quadrot=0
p-rotvel=1
p-rotvel1=0 0 0 0
p-rotvel2=1 0 0 180
p-scale=60
p-scaleP1=0 0.25
p-scaleP2=1 0.85
p-texture=Flare-Rainbow_orange_04.tga
p-vel=255 255 255
p-xscale=1
p-xscale1=0 1
p-xscale2=0.4 1
p-xscale3=1 0

[sparkle_03]
e-life=120
e-linger=0
e-rate=130
e-rotation1=1
e-rotation1-axis=0 0 1
e-rotation1P1=0 0
e-rotation1P2=1 360
e-rotation2=1
e-rotation2-axis=0 1 0
e-rotation2P1=0 0
e-rotation2P2=1 360
p-bindtoemitter=0 0
p-life=0.25
p-lifeP1=0 0.15
p-lifeP2=1 0.9
p-quadrot=0
p-rotvel=1
p-rotvel1=0 0 0 0
p-rotvel2=1 0 0 180
p-scale=60
p-scaleP1=0 0.25
p-scaleP2=1 0.85
p-texture=Flare-Rainbow_orange_04.tga
p-vel=255 255 255
p-xscale=1
p-xscale1=0 1
p-xscale2=0.4 1
p-xscale3=1 0

[UNKNOWN_HASHES]
unk02DBA2E0=0 0
unk02DBA2E1=1 180
unk0A91428B=0
unk10C9640F=1
unk15293C8D=10
unk1707B8EB=75 1 1
unk1A25EE6C=50 50 50
unk24726637=1
unk26F36D78=0 0
unk26F36D79=1 360
unk27717CF9=0 0
unk27717CFA=1 360
unk2C06E7A9=4 2
unk48EAA69F=0
unk4AAD49D4=0
unk4CA488BB=0
unk531F84A4=0 0 0
unk652D6EFB=1
unk6AE61803=1
unk71454146=10000
unk763AA99A=0 0.8
unk763AA99B=1 1.2000000000000002
unk848BAD2A=1
unk85B00151=1
unk8E6FC20D=0.2
unk916C2A59=35
unk9A879458=5
unkABADC7FC=lightning_seq_07.tga
unkABDC7D37=1
unkABDC7D38=1
unkADCE003C=30
unkB8C4BC8D=0
unkBA875FC2=0
unkC273052E=10
unkC2F99A92=0 0 0
unkD585A74E=0 0.6000000000000001
unkD585A74F=1 1.5
unkE14EEF79=6
unkE34AD1D7=0 0 1
unkE8C47BA5=1 1
unkEB32E69F=1
