[System]
GroupPart1=flash
GroupPart1Type=Simple
GroupPart2=whizrays
SimulateEveryFrame=1

[flash]
e-life=1
e-linger=0
e-rate=1
p-bindtoemitter=1 1
p-colorscale=1 1
p-colortype=1 0
p-flexoffset=0.004999999888241291
p-life=0.30000000000000004
p-offset=0 40 0
p-quadrot=1
p-quadrotP1=0 0
p-quadrotP2=1 360
p-rgba=color-hit-mana.tga
p-scale=200
p-texture=hiteffect.tga
p-type=0
p-xscale1=0 1
p-xscale2=1 0
rendermode=0
single-particle=1

[whizrays]
e-life=1
e-linger=0
e-local-orient=1
e-rate=60
e-rotation1=1
e-rotation1-axis=0 1 0
e-rotation1P1=0 0
e-rotation1P2=1 360
p-accel=500 0 0
p-accelXP1=0 0.5
p-accelXP2=1 1
p-bindtoemitter=1 1
p-coloroffset=0.6000000000000001 0
p-colorscale=0.25 0.5
p-colortype=1 3
p-drag=0 6 0
p-flexoffset=0.004999999888241291
p-life=0.5
p-lifeP1=0 1
p-lifeP2=1 1.3
p-local-orient=1
p-offset=50 0 0
p-offsetXP1=0 0
p-offsetXP2=1 1
p-postoffset=0 200 0
p-rgba=color-lensbell.tga
p-scale=2 2 0
p-shadow=0
p-texture=ball01.tga
p-type=0
p-vec-velocity-minscale=1
p-vec-velocity-scale=0.029999999329447746
p-vecalign=1
p-vel=0 -1200 0
p-xscale1=0 1 1 0
p-xscale2=0.9 1 1 0
p-xscale3=1 0 0 0
single-particle=1

[UNKNOWN_HASHES]
unk01C73102=50
unk021CDD9F=Drag
unk02272AF8=2
unk0539FB88=0.2
unk060FAC4C=0 1000 0
unk104ACF0D=0 1 0
unk16B84277=3
unk17D7F610=1
unk1FAC39C4=1 0 0
unk20F45399=3
unk24DB5CCB=80 10 80
unk267CF285=0 -600 0
unk2714941E=0
unk2A8BA40D=0 1
unk2A8BA40E=1 2
unk2FA7B9DE=40 0 40
unk3338EECF=500
unk3665AF20=0 0 0 0
unk3665AF21=0.05999999865889549 0.3930000066757202 0.3930000066757202 0.3930000066757202
unk3665AF22=0.15700000524520874 0.6069999933242798 0.6069999933242798 0.6069999933242798
unk3665AF23=0.30799999833106995 0.7760000228881836 0.7760000228881836 0.7760000228881836
unk3665AF24=1 1 1 1
unk38F02704=0 1 0
unk39461F05=1 0.2
unk3B7BCBC1=0
unk3F12C47F=1
unk3F7638F2=0 0 0
unk41EB6B17=1
unk41EB6B18=1
unk43EE0691=0 20 0
unk4D177BDB=2 2
unk4DF0D0EC=1 3
unk54863FBB=TwistedFate_Roulette_Hit_Tunnel.tga
unk551330D7=0 0 0
unk557CBC6E=0 0.5
unk557CBC6F=1 1.5
unk580B8F01=0 0 0 0
unk580B8F02=1 1.3717410564422607 0 0
unk5AD57C2D=1
unk5BBC33CB=0 0
unk5BBC33CC=1 1
unk5C3A434C=0 0
unk5C3A434D=1 1
unk60B5ADC3=0 1 1 1 1
unk60B5ADC4=0.5 1 1 1 0.6
unk60B5ADC5=1 1 0 0 0
unk62F4404A=Cardbits.tga
unk66ED4E78=0.2
unk67BD5D2C=40 0 0
unk6EC6D626=0 1 1 1
unk6EC6D627=1 0.2 1 0.2
unk70FE40A5=color-cardbits.tga
unk7466367C=0
unk782BCDEE=1 1 1 1
unk7A33BA5C=100
unk8605AA7A=0.30000000000000004
unk8A2FE563=1 1 1
unk8E4C0011=-90 0 0
unk921D7CC5=0.1
unk9687D919=300
unk9846A926=0
unk9894F839=10
unk98EA90C0=0 0
unk98EA90C1=1 360
unk99F1CCDB=0
unk9B1527E2=1
unk9B993BF7=1 0 0
unk9C2E6EF2=color-overload.tga
unk9C7EBDFF=0 -80 0 -80
unk9C7EBE00=0.10000000149011612 -78 0 -78
unk9C7EBE01=0.20000000298023224 -74 0 -74
unk9C7EBE02=0.30000001192092896 -66 0 -66
unk9C7EBE03=0.4000000059604645 -50 0 -50
unk9C7EBE04=0.5 -20 0 -20
unk9C7EBE05=1 100 0 100
unkA1070FAF=0 0
unkA1070FB0=1 1
unkA4D2D31B=0.5
unkA563E8A9=1000
unkA846413D=255 255 255 255
unkACC52571=0
unkAFF1DFF2=1 1 1
unkB0EAA566=0.2
unkB1C59D36=0 1 0
unkB22D7BDC=TwistedFate_Roulette_Hit_Tunnel.tga
unkB4513438=1 1
unkB5052A83=1
unkB78DFD0A=0
unkB78DFD0B=0
unkB8A96B58=0 0
unkB8A96B59=1 50
unkB9277AD9=0 0
unkB9277ADA=1 360
unkBAFB9793=color-wildcard.tga
unkBB9E15C7=0 0
unkBB9E15C8=1 360
unkBC1C2548=0 0
unkBC1C2549=1 360
unkBC9A34C9=0 0
unkBC9A34CA=1 360
unkBDE511D1=0 30 0
unkC3BA10AD=0.2
unkC431114A=120
unkC57CB3E2=0
unkC71C6DDB=4
unkCA1A877A=0 0.3
unkCA1A877B=0.8 0.4
unkCA1A877C=1 1
unkCDE2C9FF=1
unkCDEEEEB2=1 1 1
unkD16E690C=domeshield.sco
unkD3D35BBD=streak.tga
unkD6F6FCAB=0
unkD8918EAC=0 0.5
unkDB97F3F4=30
unkDD6BF865=Gravity
unkDF4A23ED=1
unkE2694878=1
unkE40A2EC4=0 0 0
unkE6C64A17=0 0
unkE725DBD7=FeathersNoise
unkEA13BD30=1 0 0
unkF3A66671=5
unkF5C092B8=0 -360
unkF5C092B9=1 360
unkFAFDCBB6=0 0
unkFAFDCBB7=1 2
