[System]
GroupPart1Type=Simple
GroupPart2Type=Simple
GroupPart3Type=Simple
GroupPart4Type=Simple
GroupPart5=hiteffect
GroupPart5Type=Simple
GroupPart6=hiteffect2
GroupPart6Type=Simple
SimulateEveryFrame=1

[hiteffect]
e-life=0.30000000000000004
e-rate=20
p-bindtoemitter=1 1
p-frameRate=0
p-life=0.2
p-linger=0
p-offset=0 0 0
p-quadrot=360
p-quadrotP1=0 0
p-quadrotP2=1 1
p-rgba=color-bellcurve-Blue2.tga
p-rotvel=1
p-rotvel1=0 0
p-rotvel2=0.30000000000000004 0
p-rotvel3=0.6499999761581421 0
p-rotvel4=1 0
p-scale=16
p-startframe=1
p-texdiv=2 1
p-texture=SpellBlock03.tga
p-xscale=1
p-xscale1=0 10
p-xscale2=0.5 10
p-xscale3=1 10

[hiteffect2]
e-life=0.30000000000000004
e-rate=40
p-bindtoemitter=1 1
p-frameRate=0
p-life=0.30000000000000004
p-linger=0
p-offset=0 0 0
p-quadrot=360
p-quadrotP1=0 0
p-quadrotP2=1 1
p-rgba=color-bellcurve-Blue2.tga
p-rotvel=1
p-rotvel1=0 0
p-rotvel2=0.30000000000000004 0
p-rotvel3=0.6499999761581421 0
p-rotvel4=1 0
p-scale=16
p-texdiv=2 1
p-texture=SpellBlock03.tga
p-xscale=1
p-xscale1=0 10
p-xscale2=0.5 10
p-xscale3=1 10

[UNKNOWN_HASHES]
unk015F857F=0
unk0782CF29=0 0
unk0782CF2A=0.30000000000000004 0
unk0782CF2B=0.6499999761581421 0
unk0782CF2C=1 0
unk0ADC7789=20
unk0D1BA0CD=SpellBlock02.tga
unk12F0E808=9
unk14DFE73D=0 2
unk14DFE73E=0.5 8
unk14DFE73F=1 11.70302963256836
unk14ED69B6=color-rampdown.tga
unk154986B4=1 1
unk16AEC194=2
unk1783A288=0 0
unk1783A289=1 1
unk19811368=6
unk22612C6C=2 2
unk23274668=1
unk2C56D142=0 0
unk2C56D143=0.30000000000000004 0
unk2C56D144=0.6499999761581421 0
unk2C56D145=1 0
unk320EDAAF=1
unk39B3E956=0 10
unk39B3E957=0.5 10
unk39B3E958=1 10
unk3A8142B1=0
unk416568DB=0 0
unk416568DC=1 360
unk42F37D81=0 80 0
unk4C93F74B=0
unk5255BCCE=316
unk59867FCC=2 2
unk5F7995F4=1
unk686E1413=2 2
unk6CC6382E=316
unk70FCD201=13.200000000000001
unk7441E7FD=0 0.8
unk7441E7FE=1 1
unk75A19134=1
unk76373899=SpellBlock02.tga
unk7DF2B065=1
unk82F3996A=1
unk83F6BBFD=0 0
unk83F6BBFE=0.30000000000000004 0
unk83F6BBFF=0.6499999761581421 0
unk83F6BC00=1 0
unk8A0A82B0=20
unk8F0B6BB5=20
unk90A7B3F9=SpellBlock02.tga
unk9153D411=0 0
unk9153D412=0.5 1
unk9153D413=1 2
unk919A3A47=0
unk941B74DD=color-rampdown.tga
unk94F5A89E=20
unk953B2A3C=50
unk969EE954=1
unk991C5DE2=color-rampdown.tga
unk9D50EE94=8
unkA10D7AE9=20
unkA251D799=20
unkA4A8F588=1 1
unkA5867D9B=1
unkAB1E6D16=color-rampdown.tga
unkAC00CA98=2 2
unkB0E1A485=0
unkB2281B54=1 1
unkB453E6CD=2
unkB57BB612=SpellBlock02.tga
unkB953DF55=0 80 0
unkCEE4BA1A=1
unkD6E56FCF=25 0 0
unkDD98D319=1
unkE806F7E5=0
unkE9193420=1
unkE93A2502=316
unkEAFC0406=1
unkEC01F308=1
unkED1253C9=0 360
unkED1253CA=0.30000001192092896 180
unkED1253CB=0.6499999761581421 0
unkED1253CC=1 0
unkEFBCC2AB=0
unkF07932B5=0 80 0
unkF2FF4844=0
unkF6EE8C2C=0
unkFA6F6BDD=0 10
unkFA6F6BDE=0.5 10
unkFA6F6BDF=1 10
unkFC2BD34D=1 1
unkFEC4A53E=1
unkFF60C6FC=0 80 0
