[System]
GroupPart1=shieldInside
GroupPart1Type=Simple
GroupPart2=jizballs
GroupPart2Type=Simple
GroupPart3=shieldOUT
GroupPart3Type=Simple
GroupPart4=shield_4
GroupPart4Type=Simple
GroupPart5Type=Simple
GroupPart6Type=Simple
group-scale-cap=-1

[jizballs]
e-life=20
e-rate=20
e-rotation1=1
e-rotation1P1=0 0
e-rotation1P2=1 360
p-bindtoemitter=1 1
p-life=1
p-linger=0.30000000000000004
p-offset=0 80 0
p-quadrot=316
p-rgba=color-rampdown.tga
p-rotvel=1
p-rotvel1=0 0
p-rotvel2=0.30000000000000004 0
p-rotvel3=0.6499999761581421 0
p-rotvel4=1 0
p-scale=50
p-scaleP1=0 0.8
p-scaleP2=1 1
p-startframe=1
p-texdiv=2 2
p-texture=SpellBlock02.tga
p-vel=25 0 0
p-xscale=1
p-xscale1=0 0
p-xscale2=0.5 1
p-xscale3=1 2

[shieldInside]
e-life=20
e-rate=4
p-bindtoemitter=1 1
p-life=1
p-linger=0.30000000000000004
p-offset=0 80 0
p-quadrot=316
p-rgba=color-rampdown.tga
p-rotvel=1
p-rotvel1=0 0
p-rotvel2=0.30000000000000004 0
p-rotvel3=0.6499999761581421 0
p-rotvel4=1 0
p-scale=6
p-texdiv=2 2
p-texture=SpellBlock02.tga
p-xscale=1
p-xscale1=0 2
p-xscale2=0.5 8
p-xscale3=1 11.70302963256836

[shieldOUT]
e-life=20
p-bindtoemitter=1 1
p-life=20
p-linger=0.30000000000000004
p-offset=0 80 0
p-quadrot=316
p-rgba=color-rampdown.tga
p-rotvel=1
p-rotvel1=0 360
p-rotvel2=0.30000001192092896 180
p-rotvel3=0.6499999761581421 0
p-rotvel4=1 0
p-scale=9
p-texdiv=2 2
p-texture=SpellBlock02.tga
p-xscale=1
p-xscale1=0 10
p-xscale2=0.5 10
p-xscale3=1 10
single-particle=1

[shield_4]
e-life=20
e-rate=8
p-bindtoemitter=1 1
p-life=1
p-linger=0.30000000000000004
p-offset=0 80 0
p-quadrot=0
p-quadrotP1=0 0
p-quadrotP2=1 1
p-rgba=color-rampdown.tga
p-rotvel=1
p-rotvel1=0 0
p-rotvel2=0.30000000000000004 0
p-rotvel3=0.6499999761581421 0
p-rotvel4=1 0
p-scale=13.200000000000001
p-startframe=2
p-texdiv=2 2
p-texture=SpellBlock02.tga
p-xscale=1
p-xscale1=0 10
p-xscale2=0.5 10
p-xscale3=1 10

[UNKNOWN_HASHES]
unk00AF9FAB=1
unk07589EED=color-bellcurve-Blue2.tga
unk108E18A4=40
unk22C99C37=360
unk29CE7E4D=2 1
unk2D4AF588=0 0
unk2D4AF589=0.30000000000000004 0
unk2D4AF58A=0.6499999761581421 0
unk2D4AF58B=1 0
unk3AA80D9C=0 10
unk3AA80D9D=0.5 10
unk3AA80D9E=1 10
unk3B410C78=0 0
unk3B410C79=1 1
unk46AB1802=SpellBlock03.tga
unk5217AE3C=0
unk5A89E90C=0 80 0
unk66E6E7D5=1
unk7487179F=0.2
unk809EE9EA=0.30000000000000004
unk86BC3947=16
unk8AAFDC17=color-bellcurve-Blue2.tga
unk8D37FCBF=1
unk928E5E8D=360
unk93E555CE=20
unkB66FDA58=SpellBlock03.tga
unkB84EF666=0
unkBAF2B1CE=1
unkBB1E03CE=0 0
unkBB1E03CF=1 1
unkBD863332=0 0
unkBD863333=0.30000000000000004 0
unkBD863334=0.6499999761581421 0
unkBD863335=1 0
unkC0C13136=0 80 0
unkC3973623=2 1
unkCAE34B46=0 10
unkCAE34B47=0.5 10
unkCAE34B48=1 10
unkE3794D3D=1 1
unkE8672E93=1 1
unkF12FDA75=0.30000000000000004
unkF36F44E9=1
unkF71A2BF1=16
unkFD47ACC0=0.30000000000000004
