[System]
GroupPart1=slash
GroupPart1Type=Complex
GroupPart2Type=Simple

[slash]
e-life=0.8
e-linger=0
e-local-orient=0
e-rate=70
e-rotation1=1
e-rotation1P1=0 0
e-rotation1P2=1 90
e-rotation2=0
e-rotation2-axis=1 0 0
e-rotation2P1=0 0
e-rotation2P2=1 180
p-backfaceon=1
p-flexscale=0.004999999888241291
p-life=0.2
p-lifeP1=0 1
p-lifeP2=1 1.4000000000000001
p-mesh=wolfclaw.sco
p-meshtex=MummyClaw.tga
p-offset=0 0 0
p-postoffset=50 0 0
p-quadrot=360 360 360
p-quadrotXP1=0 0
p-quadrotXP2=1 1
p-quadrotYP1=0 0
p-quadrotYP2=1 1
p-quadrotZP1=0 0
p-quadrotZP2=1 1
p-rgba=color-mummyslash.tga
p-rotvel=0 0 360
p-scale=0.5 0.5 0.5
p-scale1=0 0.8 0.8 0.8
p-scale2=1 1.5 1.5 1.5
p-scaleXP1=0 1
p-scaleXP2=1 2
p-scaleYP1=0 1
p-scaleYP2=1 2
p-scaleZP1=0 1
p-scaleZP2=1 2
p-simpleorient=2
p-type=3
p-xrgba=1 1 1 1
p-xrgba1=0 1 1 1 1
p-xrgba2=1 1 1 1 0
p-xscale=1 1 1
p-xscale1=0 1 1 1
p-xscale2=0.5 1.5 1.5 1.5
p-xscale3=1 1 1 1

[UNKNOWN_HASHES]
unk073E7CA8=1 1 1
unk0AD9BD67=1 3
unk1E1E667D=1 1
unk27F6C175=0 0.8
unk27F6C176=1 1.2000000000000002
unk2F205180=0 0
unk3EE6A5F2=0.5
unk4508AD89=0 0.2 0.2 0.2
unk4508AD8A=1 1 1 1
unk470893A1=0
unk4AFE783D=0.6000000000000001
unk550F6A6A=color-rampdown.tga
unk55D37D3B=0 0
unk55D37D3C=1 360
unk56E3E804=0
unk58A68B39=0
unk5E44E421=10
unk93C6D9BC=1000
unk9CEEFE7A=1
unkBB082670=1
unkC0D07A45=mummyrips.tga
unkCA261320=1 1
unkCE4B24ED=2
unkE2933FB4=300
unkE37EE8B3=0 1
unkE37EE8B4=1 1.3
