[Hit]
e-life=1
e-rate=1
e-rateP1=0 1
e-rateP2=1 2.9000000000000004
flag-disable-z=1
p-flexscale=0.004999999888241291
p-frameRate=60
p-life=0.25
p-linger=0.25
p-numframes=16
p-quadrot=1 0 0
p-quadrotXP1=0 0
p-quadrotXP2=1 360
p-rgba=Gnar_Base_BA_Hit_rgba.dds
p-scale=120 120 0
p-scaleXP1=0 0.8
p-scaleXP2=1 1
p-scaleYP1=0 0.8
p-scaleYP2=1 1
p-texdiv=4 4
p-texture=Gnar_Base_BA_Hit.dds
p-xscale=1 1 1
p-xscale1=0 0.5 0.5 0
p-xscale2=0.2 1 1 0
p-xscale3=1 2 2 0
single-particle=1

[Spike]
e-life=1
e-rate=8
e-rateP1=0 0.2
e-rateP2=1 1
flag-disable-z=1
p-flexscale=0.004999999888241291
p-life=0.25
p-lifeP1=0 0.5
p-lifeP2=1 1
p-linger=0.25
p-numframes=4
p-quadrot=1 1 0
p-quadrotXP1=0 0
p-quadrotXP2=1 360
p-quadrotYP1=0 0
p-quadrotYP2=1 360
p-randomstartframe=1
p-rgba=Gnar_Base_BA_Hit_rgba.dds
p-scale=50 50 20
p-scaleXP1=0 0.5
p-scaleXP2=1 1
p-scaleYP1=0 0.5
p-scaleYP2=1 1
p-texdiv=2 2
p-texture=Gnar_Base_BA_Hit_Spike.dds
p-type=2
p-xscale=1 1 1
p-xscale1=0 1 1 1
p-xscale2=0.5 1 2 2
p-xscale3=1 1 2 3
single-particle=1

[System]
GroupPart1=Hit
GroupPart2=Spike
SimulateEveryFrame=1
SoundOnCreate=Play_sfx_Gnar_GnarBigQMissile_hit

[UNKNOWN_HASHES]
unk0E3604F3=1
unk11185D87=255 255 255 255
unk1B735CB5=GnarBig_Base_BA_dome_tar.sco
unk4970630B=0
unk4FBC5362=5 5 5
unk5E86CA37=0 1 1 1
unk5E86CA38=1 3 1 3
unk646D3292=0 1
unk646D3293=1 360
unk66361F1B=0 50 0
unk6AF94742=3
unk6EAA450D=0 0 0 0 0
unk6EAA450E=0.01 1 1 1 1
unk6EAA450F=1 1 1 1 0
unk7CA75AD2=GnarBig_Base_BA_dome_ani.dds
unk8B2DC8A5=60
unk926A52AE=1
unk952E7784=1
unkB66D1B28=0 1 0
unkBA22871A=1
unkBAEFEAF2=4 4
unkCB3E3B60=1
unkDDE40004=16
unkEED7C6C4=0.25
unkFAEF990F=1
