[BlueBack]
e-life=3
e-rate=30
p-backfaceon=1
p-coloroffset=0.5 0
p-colorscale=0.5 1
p-colortype=1 3
p-fresnel=1
p-fresnel-color=1 1 1 1
p-life=0.5
p-linger=0.5
p-local-orient=1
p-rgba=Gnar_Base_Q_Quad_rgba.dds
p-simpleorient=3
p-texture=Gnar_Base_P_Speed_Trail.dds
p-type=11
p-uvscroll-rgb=0.5 0
p-uvscroll-rgbXP1=0 -0.5
p-uvscroll-rgbXP2=1 -1
p-vel=0 0 -100
p-vel1=0 0 0 1
p-vel2=1 0 0 0.3
p-xscale=1
p-xscale1=0 1
p-xscale2=1 1.0099999904632568
pass=150
rendermode=4

[Speed]
e-rate=50
p-life=0.44999998807907104
p-lifeP1=0 1
p-lifeP2=1 0.5
p-offset=1 1 2
p-offsetXP1=0 30
p-offsetXP2=1 -30
p-offsetYP1=0 40
p-offsetYP2=1 -70
p-postoffset=0 110 10
p-quadrot=1 1 0
p-quadrotXP1=0 90
p-scale=5 35 0
p-texture=Global_SS_Ghost_Linger.dds
p-type=1
p-uvscroll-no-alpha=1
p-uvscroll-rgb=10 1
p-vel=0 0 -200
p-velZP1=0 1
p-velZP2=1 2
p-xquadrot-on=1
p-xrgba=1 1 1 1
p-xrgba1=0 1 1 1 0
p-xrgba2=0.3 1 1 1 1
p-xrgba3=1 1 1 1 0
p-xscale=1 1 1
p-xscale1=0.15000000596046448 2 0.30000001192092896 1
p-xscale2=0.3499999940395355 1 0.6000000238418579 1
p-xscale3=1 0.1 1 1
pass=20
rendermode=4

[System]
GroupPart1=BlueBack
GroupPart1Type=Simple
GroupPart2=Speed
SimulateEveryFrame=1

