[DirtBits]
e-disabled=1
e-life=1
e-rate=100
e-rotation1=1
e-rotation1-axis=0 1 0
e-rotation1P1=0 0
e-rotation1P2=1 360
p-bindtoemitter=1 1
p-life=0.5
p-lifeP1=0 0.5
p-lifeP2=0.9 0.6000000000000001
p-lifeP3=1 1
p-mesh=gnarbig_base_q_rock.scb
p-meshtex=GnarBig_Base_Q_Rock.dds
p-offset=80 1 0
p-offsetXP1=0 0.5
p-offsetXP2=1 1
p-offsetYP1=0 0
p-offsetYP2=1 100
p-quadrot=1 1 0
p-quadrotXP1=0 0
p-quadrotXP2=1 360
p-quadrotYP1=0 0
p-quadrotYP2=1 360
p-rotvel=1 0 0
p-rotvelXP1=0 -2000
p-rotvelXP2=1 2000
p-scale=0.30000000000000004 0.30000000000000004 0.30000000000000004
p-scaleXP1=0 0.2
p-scaleXP2=1 1
p-scaleYP1=0 0.2
p-scaleYP2=1 1
p-scaleZP1=0 0.2
p-scaleZP2=1 1
p-shadow=1
p-type=3
p-vel=0 400 0
p-velYP1=0 0.2
p-velYP2=1 1.5
p-xscale=1 1 1
p-xscale1=0 1 1 1
p-xscale2=1 0 0 0
rendermode=1
single-particle=1

[Dust_01]
e-disabled=1
e-life=0.2199999988079071
e-local-orient=0
e-rate=320
e-rotation1=360
e-rotation1-axis=1 0 0
e-rotation1P1=0 0
e-rotation1P2=1 1
e-rotation2=360
e-rotation2-axis=0 0 1
e-rotation2P1=0 0
e-rotation2P2=1 1
field-drag-1=SmokeDrag
p-life=0.30000000000000004
p-lifeP1=0 0.9
p-lifeP2=1 1.1
p-linger=0
p-offset=0 30 0
p-postoffset=0 -7 50
p-quadrot=1
p-quadrotP1=0 0
p-quadrotP2=1 360
p-rgba=color-smoke32.dds
p-rotvel=1
p-rotvelP1=0 -60
p-rotvelP2=1 60
p-scale=60
p-scaleP1=0 1
p-scaleP2=1 1.8
p-texture=sand_04.dds
p-vel=0 90 0
p-velYP1=0 0.35
p-velYP2=1 1.1
p-xquadrot=0
p-xscale=1
p-xscale1=0 0 0 0
p-xscale2=0.1 1 1 1
p-xscale3=1 2 2 2
rendermode=1

[Dust_02]
e-disabled=1
e-life=0.5
e-rate=20
e-rotation1=1
e-rotation1P1=0 0
e-rotation1P2=1 360
field-drag-1=dustdrag
p-life=1
p-lifeP1=0 0.2
p-lifeP2=1 1
p-linger=0
p-offset=5 40 5
p-offsetYP1=0 1
p-offsetYP2=1 7
p-postoffset=0 -200 0
p-quadrot=1
p-quadrotP1=0 0
p-quadrotP2=1 360
p-rgba=color-smoke32_03.dds
p-rotvel=60
p-rotvelP1=0 -1
p-rotvelP2=1 1
p-scale=120
p-scaleP1=0 0.5
p-scaleP2=1 1.6
p-texture=sand_04.dds
p-vel=200 1800 200
p-velXP1=0 0.6
p-velXP2=1 1
p-xquadrot=0
p-xscale=1
p-xscale1=0 0 0 0
p-xscale2=0.2 1.3 1.3 1.3
p-xscale3=0.25 1.399999976158142 1.399999976158142 1.399999976158142
p-xscale4=1 1.7000000000000002 1.7000000000000002 1.7000000000000002
rendermode=1
single-particle=1

[GotRock]
e-disabled=1
e-life=1
e-linger=1
e-rate=40
e-rotation1=1
e-rotation1-axis=0 1 0
e-rotation1P1=0 0
e-rotation1P2=1 360
p-bindtoemitter=1 1
p-life=1.5
p-linger=1.5
p-mesh=gnarbig_base_q_rock.scb
p-meshtex=GnarBig_Base_Q_Rock.dds
p-offset=80 1 0
p-offsetXP1=0 0.5
p-offsetXP2=1 1
p-offsetYP1=0 0
p-offsetYP2=1 100
p-orbitvel=0 10 0
p-quadrot=1 1 0
p-quadrotXP1=0 0
p-quadrotXP2=1 360
p-quadrotYP1=0 0
p-quadrotYP2=1 360
p-rotvel=1 1 0
p-rotvelXP1=0 -720
p-rotvelXP2=1 720
p-rotvelYP1=0 -720
p-rotvelYP2=1 720
p-scale=0.30000000000000004 0.30000000000000004 0.30000000000000004
p-scaleXP1=0 0.2
p-scaleXP2=1 1
p-scaleYP1=0 0.2
p-scaleYP2=1 1
p-scaleZP1=0 0.2
p-scaleZP2=1 1
p-shadow=1
p-type=3
p-vel=-10 -100 0
p-velYP1=0 0.5
p-velYP2=1 1.5
p-xscale=1 1 1
p-xscale1=0 1 1 1
p-xscale2=1 0 0 0
rendermode=1

[SmokeDrag]
f-drag=2
f-radius=10000

[System]
GroupPart1=Dust_01
GroupPart1Importance=High
GroupPart1Type=Simple
GroupPart2=Dust_02
GroupPart2Importance=High
GroupPart2Type=Simple
GroupPart3=WhiteFlash
GroupPart3Type=Simple
GroupPart4=DirtBits
GroupPart5=streak
GroupPart6=GotRock
SimulateEveryFrame=1
SoundOnCreate=Play_sfx_Gnar_GnarBigQ_pickup_OnBuffActivate

[WhiteFlash]
e-life=1
e-rate=1
p-backfaceon=1
p-life=0.30000000000000004
p-local-orient=1
p-quadrot=0
p-rgba=GnarBig_Base_W_FlashWhite_rgba.dds
p-rotvel=0
p-scale=1.0099999904632568
p-simpleorient=3
p-texture=GnarBig_Base_W_FlashWhite.dds
p-type=11
p-xquadrot=0
p-xscale=1
pass=100
rendermode=1
single-particle=1

[dustdrag]
f-drag=7
f-radius=400

[streak]
e-disabled=1

[UNKNOWN_HASHES]
unk01E97008=1
unk7975A7AB=1
