[Splashy]
e-life=1
e-linger=0
e-local-orient=1
e-rate=150
e-rgba=255 255 255 255
e-rotation1=1
e-rotation1-axis=0 0 1
e-rotation1P1=0 10
e-rotation1P2=1 20
e-rotation2=1
e-rotation2-axis=0 1 0
e-rotation2P1=0 -90
e-rotation2P2=1 90
p-accel=0 -100 0
p-bindtoemitter=0
p-drag=2 0 2
p-frameRate=30
p-life=0.550000011920929
p-lifeP1=0 0.5
p-lifeP2=1 1
p-linger=0
p-local-orient=0
p-numframes=16
p-offset=20 0 0
p-offsetXP1=0 0.8
p-offsetXP2=1 1
p-postoffset=0 0 0
p-postoffsetYP1=0 0
p-postoffsetYP2=1 1
p-scale=60 30 50
p-scaleXP1=0 -0.30000001192092896
p-scaleXP2=0.5 -1
p-scaleXP3=0.5001000165939331 1
p-scaleXP4=1 0.30000000000000004
p-scaleYP1=0 0.5
p-scaleYP2=1 1.5
p-scaleZP1=0 0.30000000000000004
p-scaleZP2=1 1
p-shadow=0
p-startframe=0
p-texdiv=4 4
p-texture=Gragas_Skin06_Z_Splashes_Anim_4x4.tga
p-type=0
p-vecalign=1
p-vel=500 0 0
p-velXP1=0 0.1
p-velXP2=1 1
p-velYP1=0 0.8
p-velYP2=1 1
p-xrgba1=0 1 1 1 1
p-xrgba2=0.2 1 1 1 1
p-xrgba3=0.6 1 1 1 1
p-xrgba4=1 1 1 1 1
p-xscale1=0 0.6 0.1 0.6
p-xscale2=0.4 0.8 1.2000000000000002 0.8
p-xscale3=1 1 1.1 1
pass=2
rendermode=1
single-particle=0

[System]
GroupPart1=Splashy
GroupPart1Importance=High
SimulateEveryFrame=1

[UNKNOWN_HASHES]
unk3F13B516=1
