[BodyGlow]
e-life=0.2
e-linger=0
e-rate=5
p-bindtoemitter=1
p-life=0.25
p-linger=0.25
p-local-orient=1
p-offset=0 0 0
p-quadrot=1 1 0
p-quadrotXP1=0 90
p-quadrotYP1=0 1
p-quadrotYP2=1 360
p-scale=100 100 100
p-texture=Gragas_Skin06_Z_Glow01.tga
p-type=1
p-xquadrot-on=1
p-xrgba=1 1 1 1
p-xrgba1=0 1 1 1 1
p-xrgba2=0.35 1 1 1 1
p-xrgba3=1 1 1 1 0
p-xscale1=0 2 2 0
p-xscale2=1 1 1 1
pass=0
rendermode=2
single-particle=1

[BubblesUp]
e-life=0.2
e-linger=0
e-local-orient=0
e-rate=30
e-rotation1=1
e-rotation1-axis=0 0 1
e-rotation1P1=0 30
e-rotation1P2=1 -30
e-rotation2=1
e-rotation2-axis=0 1 0
e-rotation2P1=0 0
e-rotation2P2=1 360
field-noise-1=noise
flag-disable-z=1
p-bindtoemitter=1
p-drag=0 2 0
p-life=0.55
p-lifeP1=0 0.5
p-lifeP2=1 1
p-linger=0.5
p-numframes=4
p-offset=0 0 0
p-randomstartframe=1
p-scale=6 6 6
p-scaleXP1=0.3 0.75
p-scaleXP2=1 2
p-scaleYP1=0.3 0.75
p-scaleYP2=1 2
p-startframe=0
p-texdiv=2 2
p-texture=gragas_Skin06_q_bubbles.tga
p-type=0
p-vel=0 1000 0
p-velYP1=0 0
p-velYP2=1 1
p-xrgba=1 1 1 1
p-xrgba1=0 1 1 1 1
p-xrgba2=0.5 1 1 1 1
p-xrgba3=1 1 1 1 0
p-xscale=1 1 1
p-xscale1=0 0.2 0.2 0.2
p-xscale2=0.2 2.5 2.5 2.5
p-xscale3=0.935 2 2 2
p-xscale4=1 5 5 5
rendermode=1
single-particle=1
uniformscale=1

[SplashUp]
e-life=1
e-linger=0
e-local-orient=0
e-rate=10
e-rgba=255 255 255 255
e-rotation1=1
e-rotation1-axis=0 0 1
e-rotation1P1=0 10
e-rotation1P2=1 20
e-rotation2=1
e-rotation2-axis=0 1 0
e-rotation2P1=0 -90
e-rotation2P2=1 90
flag-disable-z=1
p-accel=0 -500 0
p-bindtoemitter=1
p-flexoffset=0.004999999888241291
p-frameRate=30
p-life=0.550000011920929
p-lifeP1=0 0.5
p-lifeP2=1 1
p-linger=0
p-local-orient=0
p-numframes=16
p-offset=10 30 0
p-offsetXP1=0 0.8
p-offsetXP2=1 1
p-postoffset=0 0 0
p-postoffsetYP1=0 0
p-postoffsetYP2=1 1
p-scale=120 70 50
p-scaleXP1=0 -0.30000001192092896
p-scaleXP2=0.5 -1
p-scaleXP3=0.5001000165939331 1
p-scaleXP4=1 0.30000000000000004
p-scaleYP1=0 0.5
p-scaleYP2=1 1.5
p-scaleZP1=0 0.30000000000000004
p-scaleZP2=1 1
p-shadow=0
p-startframe=0
p-texdiv=4 4
p-texture=Gragas_Skin06_Z_Splashes_Anim_4x4.tga
p-type=0
p-vecalign=1
p-vel=50 700 50
p-velXP1=0 -1
p-velXP2=1 1
p-velYP1=0 0.5
p-velYP2=1 1
p-velZP1=0 -1
p-velZP2=1 1
p-xrgba1=0 1 1 1 1
p-xrgba2=0.2 1 1 1 1
p-xrgba3=0.6 1 1 1 1
p-xrgba4=1 1 1 1 1
p-xscale1=0 0.6 0.5 0.6
p-xscale2=0.4 0.8 1.2000000000000002 0.8
p-xscale3=1 1 1.1 1
pass=2
rendermode=1
single-particle=1

[System]
GroupPart1=SplashUp
GroupPart2=BubblesUp
GroupPart3=BodyGlow
GroupPart3Importance=High
GroupPart4=flash
GroupPart4Importance=High
GroupPart4Type=Simple
PersistThruDeath=1
SimulateEveryFrame=1
SoundOnCreate=Play_sfx_Gragas_GragasW_hit

[flash]
e-life=0.5
e-linger=0
e-local-orient=0
e-rate=1
flag-disable-z=1
p-bindtoemitter=1
p-life=0.2
p-linger=0.2
p-offset=0 0 0
p-postoffset=0 60 0
p-quadrot=1
p-quadrotP1=0 0
p-quadrotP2=1 360
p-scale=100
p-texture=Gragas_Skin06_W_Flare.tga
p-type=0
p-xscale=1
p-xscale1=0 0.2
p-xscale2=1 2
pass=1
rendermode=0
single-particle=1

[noise]
f-axisfrac=1 1 1
f-period=0.1
f-pos=0 10 0
f-radius=300
f-veldelta=20

[UNKNOWN_HASHES]
unkA0BBEE66=1
