[HandGlow]
e-life=4
e-rate=3
p-bindtoemitter=1
p-life=1
p-linger=0
p-offset=0 0 0
p-scale=115 100 115
p-texture=Gragas_Skin01_Z_Glow01.tga
p-type=0
p-xrgba=1 1 1 1
p-xrgba1=0 1 1 1 1
p-xrgba2=0.85 1 1 1 1
p-xrgba3=1 1 1 1 0
p-xscale1=0 0 0 0
p-xscale2=0.5 0.5 0.5 1
p-xscale3=1 1 1 1
rendermode=2

[Splashy]
e-life=4
e-linger=0
e-local-orient=1
e-rate=100
e-rgba=255 255 255 255
e-rotation1=1
e-rotation1-axis=0 0 1
e-rotation1P1=0 10
e-rotation1P2=1 20
e-rotation2=1
e-rotation2-axis=0 1 0
e-rotation2P1=0 1
e-rotation2P2=1 360
p-accel=0 -100 0
p-bindtoemitter=1
p-drag=2 0 2
p-frameRate=30
p-life=0.3499999940395355
p-lifeP1=0 0.5
p-lifeP2=1 1
p-linger=0.5
p-local-orient=0
p-numframes=16
p-offset=20 0 0
p-offsetXP1=0 0.8
p-offsetXP2=1 1
p-postoffset=0 0 0
p-postoffsetYP1=0 0
p-postoffsetYP2=1 1
p-scale=40 20 50
p-scaleXP1=0 -0.30000001192092896
p-scaleXP2=0.5 -1
p-scaleXP3=0.5001000165939331 1
p-scaleXP4=1 0.30000000000000004
p-scaleYP1=0 0.5
p-scaleYP2=1 1
p-scaleZP1=0 0.30000000000000004
p-scaleZP2=1 1
p-shadow=0
p-startframe=0
p-texdiv=4 4
p-texture=Gragas_Skin01_Z_Splashes_Anim_4x4.tga
p-type=0
p-vecalign=1
p-vel=200 0 0
p-velXP1=0 0.1
p-velXP2=1 1
p-velYP1=0 0.8
p-velYP2=1 1
p-xrgba1=0 1 1 1 1
p-xrgba2=0.2 1 1 1 1
p-xrgba3=0.6 1 1 1 1
p-xrgba4=1 1 1 1 1
p-xscale1=0 0.6 0.1 0.6
p-xscale2=0.4 0.8 1.2000000000000002 0.8
p-xscale3=1 1 1.1 1
pass=2
rendermode=1
single-particle=0

[System]
GroupPart1=cast_flash
GroupPart1Importance=High
GroupPart2=Splashy
GroupPart3=HandGlow
SimulateEveryFrame=1
SoundPersistent=Play_sfx_Gragas_GragasW_damageloop

[cast_flash]
e-life=0.2
e-rate=2
p-bindtoemitter=1 1
p-life=0.25
p-rotvel=100 0 0
p-rotvelXP1=0 -1
p-rotvelXP2=0.5 -0.5
p-rotvelXP3=0.51 0.5
p-rotvelXP4=1 1
p-scale=7 7 7
p-simpleorient=0
p-texture=Gragas_Skin01_W_Flare.tga
p-type=0
p-xrgba=1 1 1 1
p-xrgba1=0.5 1 1 1 1
p-xrgba2=1 1 1 1 0
p-xscale=1.149999976158142 1.149999976158142 1.149999976158142
p-xscale1=0 0 0 0
p-xscale2=0.5 12.5 1.25 0
p-xscale3=1 25 25 0
pass=10
rendermode=0
uniformscale=1

[UNKNOWN_HASHES]
unk3F13B516=1
unk8AA264C9=1
