[Dirtbits]
e-life=0.15000000596046448
e-rate=140
e-rotation1=1
e-rotation1-axis=0 0 1
e-rotation1P1=0 0
e-rotation1P2=1 20
e-rotation2=1
e-rotation2P1=0 0
e-rotation2P2=1 360
p-drag=1.4000000000000001 1.4000000000000001 1.4000000000000001
p-flexoffset=0.004999999888241291
p-life=0.75
p-lifeP1=0 0.75
p-lifeP2=1 1
p-numframes=4
p-offset=0 30 50
p-randomstartframe=1
p-scale=10 10 10
p-scale1=0 0.35 0.35 0.35
p-scale2=0.5 0.75 0.75 0.75
p-scale3=1 1.25 1.25 1.25
p-texdiv=2 2
p-texture=Maokai_Base_W_dirtbits.dds
p-vel=400 200 0
p-velYP1=0 0.5
p-velYP2=1 1.8
p-worldaccel=0 -1600 0
rendermode=1

[DustCloud]
e-life=1.5
e-rate=4
e-rotation1=1
e-rotation1-axis=1 0 0
e-rotation1P1=0 -90
e-rotation1P2=1 90
e-rotation2=1
e-rotation2-axis=0 1 0
e-rotation2P1=0 0
e-rotation2P2=1 360
e-uvoffset-mult=1 1
e-uvoffset-multXP1=0 0
e-uvoffset-multXP2=1 1
e-uvoffset-multYP1=0 0
e-uvoffset-multYP2=1 1
p-drag=1 1 1
p-flexscale=0.004999999888241291
p-life=1.2000000000000002
p-lifeP1=0 0.5
p-lifeP2=1 1
p-offset=10 0 0
p-offsetXP1=0 0.3
p-offsetXP2=1 2
p-postoffset=0 50 0
p-quadrot=1 0 0
p-quadrotXP1=0 0
p-quadrotXP2=1 360
p-rotvel=65 0 0
p-rotvelXP1=0 -1
p-rotvelXP2=1 1
p-scale=50 50 0
p-scaleXP1=0 1
p-scaleXP2=1 1.2000000000000002
p-scaleYP1=0 1
p-scaleYP2=1 1.2000000000000002
p-texture=Maokai_Base_Q_dustcloud.dds
p-texture-mult=Maokai_Base_Q_cloud_mult.dds
p-vel=0 150 0
p-xrgba=1 1 1 1
p-xrgba1=0 1 1 1 0
p-xrgba2=0.1 1 1 1 1
p-xrgba3=0.55 1 1 1 1
p-xrgba4=1 1 1 1 0
p-xscale=1 1 1
p-xscale1=0 0 0 0
p-xscale2=0.2 0.65 0.65 0
p-xscale3=1 1 1 1
pass=-1
rendermode=1
single-particle=1

[System]
GroupPart1=twisted_vines
GroupPart2=Dirtbits
GroupPart2Importance=Low
GroupPart3=DustCloud
GroupPart4=groundshadow
GroupPart5=cage_mesh
GroupPart5Importance=High
GroupPart6=groundshadow1
group-scale-cap=350

[cage_mesh]
e-life=1
e-rate=1
p-backfaceon=1
p-flexscale=0.004999999888241291
p-life=2
p-linger=1
p-mesh=maokai_base_w_tar_cage.scb
p-meshtex=Maokai_Base_R_teamcolor_ring.dds
p-meshtex-mult=Maokai_Base_Q_cloud_mult.dds
p-scale=0.6000000000000001 0.5 0.6000000000000001
p-type=3
p-uvscroll-no-alpha=1
p-uvscroll-rgb=0.1 0.5
p-xrgba=1 1 1 1
p-xrgba1=0 1 1 1 0
p-xrgba2=0.1 1 1 1 1
p-xrgba3=0.7 1 1 1 1
p-xrgba4=1 1 1 1 0
rendermode=4
single-particle=1

[groundshadow]
e-life=0.5
e-rate=1
p-flexscale=0.004999999888241291
p-linger=1.5
p-quadrot=90 1 90
p-scale=90 90 0
p-texture=Maokai_Base_w_targround.dds
p-type=1
p-xrgba=1 1 1 1
p-xrgba1=0 1 1 1 0
p-xrgba2=0.1 1 1 1 1
p-xrgba3=0.999 1 1 1 1
p-xrgba4=1 0 0 0 0
p-xscale=1 1 1
p-xscale1=0 0 0 0
p-xscale2=0.05000000074505806 1 1 1
p-xscale3=0.8 1 1 1
p-xscale4=1 1 1 1
pass=-5
rendermode=1
single-particle=1

[groundshadow1]
e-life=0.5
e-rate=1
e-rgba=0 255 247 255
p-flexscale=0.004999999888241291
p-linger=1.5
p-quadrot=90 1 90
p-scale=110 110 110
p-texture=Maokai_Base_Q_Cas_aoering.dds
p-type=1
p-xrgba=1 1 1 1
p-xrgba1=0 1 1 1 0
p-xrgba2=0.1 1 1 1 1
p-xrgba3=0.999 1 1 1 1
p-xrgba4=1 0 0 0 0
p-xscale=1 1 1
p-xscale1=0 0 0 0
p-xscale2=0.05000000074505806 1 1 1
pass=-5
rendermode=1
single-particle=1

[twisted_vines]
e-rate=1
p-animation=Spell2_ROOTS_Spawn.anm
p-backfaceon=1
p-flexscale=0.004999999888241291
p-linger=0
p-meshtex=Maokai_totem_W_Tar_Root_TX.dds
p-quadrot=0 180 0
p-scale=0.7000000000000001 0.6000000000000001 0.7000000000000001
p-shadow=1
p-skeleton=Spell2_Roots.skl
p-skin=Spell2_Roots.skn
p-type=3
p-xrgba=1 1 1 1
p-xrgba1=0 1 1 1 0
p-xrgba2=0.05 1 1 1 1
rendermode=1
single-particle=1

[UNKNOWN_HASHES]
unkC1B9D107=0
