[Impactadd1]
e-life=0.5
e-linger=0
e-local-orient=1
e-rate=1
e-timeoffset=0.05
e-uvoffset=0.2 0.4
p-backfaceon=1
p-bindtoemitter=0
p-colortype=1 3
p-life=0.2
p-linger=12
p-mesh=Zed_crit.sco
p-meshtex=Zed_atk_CritAdd.tga
p-offset=0 0 0
p-postoffset=0 100 230
p-quadrot=0 -90 0
p-rgba=color-rampdown.tga
p-rotvel=0 0 0
p-scale=330 190 200
p-texdiv=1.4000000000000001 1
p-type=3
p-uvscroll-rgb=0 -3
p-vel=0 0 0
p-xrgba=0 0.3 1 1
p-xscale1=0 1 1 1
p-xscale2=1 1 1 1
pass=101
rendermode=0
single-particle=1

[Impactsub1]
e-life=0.5
e-linger=0
e-local-orient=1
e-rate=1
e-timeoffset=0.05
e-uvoffset=0 0.4
p-backfaceon=1
p-bindtoemitter=0
p-colortype=1 3
p-life=0.2
p-linger=12
p-mesh=Zed_crit.sco
p-meshtex=Zed_atk_Crit.tga
p-offset=0 0 0
p-postoffset=0 100 230
p-quadrot=0 -90 0
p-rgba=color-rampdown32_03.tga
p-rotvel=0 0 0
p-scale=330 190 200
p-texdiv=1.3 1
p-type=3
p-uvscroll-rgb=0 -2
p-vel=0 0 0
p-xrgba=0 0.1 0.3 1
p-xscale1=0 1 1 1
p-xscale2=1 1 1 1
pass=100
rendermode=1
single-particle=1

[System]
GroupPart1=Impactadd1
GroupPart1Type=Complex
GroupPart2=Impactsub1
SimulateEveryFrame=1

[UNKNOWN_HASHES]
unk16419246=0.05
unk1BBD3B3F=1
unk1BD96A2A=0 -2
unk1DB386F4=90 90 0
unk2BB7141B=0 0.8
unk2C660384=0 1 1 1
unk2C660385=1 1 1 1
unk329E6F8E=-5 110 230
unk33318276=1
unk38D2A6DA=0 0.4
unk419502BF=Leona_passive_rays.tga
unk4A86941F=Zed_atk_Crit.tga
unk4C6A6349=0
unk4C964C7A=0
unk4E2D067E=12
unk569F414E=0 0 0
unk5A21B3B7=0.15
unk66398602=0.5
unk6A75C5E2=1 3
unk6B4EFEB8=0
unk7003CE0D=1
unk704A782F=color-rampdown.tga
unk786A9177=0
unk797FF1E6=2
unk844C5475=0 -90 0
unk856A352C=1
unk86BD49A8=Zed_crit.sco
unk894D5501=0 0 0
unk8E3D5E7E=1
unk9B13A10A=0
unk9BCDC87B=0
unk9CD6443F=12
unk9DEDA8E1=1 3
unkA3C16F07=0.05
unkA3E0A32F=300 200 160
unkA5487F0F=0 0 0
unkA97DDDE9=0 -3.4000000953674316
unkAB8AF242=0 0 0
unkABD8FCF0=-100
unkB44F13F1=1 0 0 1
unkB71001F8=0.15
unkBFAC8E65=1.3 1
unkC01E4C4F=6 130 170
unkC2055E2F=100
unkC327D443=0.5
unkC5CD3603=0 1 1 1
unkC5CD3604=1 1 1 1
unkCD38C670=color-rampdown.tga
unkD0C6E52E=180 80 220
unkD4A1B12D=1
unkD56003C1=0 0 0
unkD6433435=3
unkD66E4027=2
unkD7F692C2=0 0 0
unkE13555F0=1 0 0 0.7
unkE25F5A4E=1
unkE3EDC69E=color-hold.tga
