[System]
SimulateEveryFrame=1

[UNKNOWN_HASHES]
unk013B9371=0 0 0
unk06ED5D14=4
unk09902196=2 2
unk0DF4AE86=1
unk0E9E7B0A=0 0.4
unk0F71F9EC=0
unk14262428=0
unk14CB39FB=-1
unk157B8FE6=1
unk18986C17=1
unk1B22DEB0=0
unk22F13DD9=missile_txt_opt_03.tga
unk23715576=0.6000000000000001 0
unk23BFC333=0 0.6000000000000001
unk23BFC334=1 1.4000000000000001
unk23F033E3=1
unk24453F94=0 25 0
unk265B3DD7=1
unk267CF285=0 -400 0
unk26BBDED7=1
unk2714941E=0
unk27DC3B35=1
unk2AACD674=1
unk2B52D87C=2
unk2BEF3781=2
unk2FBC9FBE=0 0
unk36A2D26E=0 0
unk36A2D26F=1 1
unk3720E1EF=0 -1
unk3720E1F0=1 1
unk379EF170=0 0
unk379EF171=1 1
unk380709CC=1
unk3A4A2BA9=60 8 8
unk40D1AF47=0 1
unk40D1AF48=1 1.5
unk4217FBF9=color-hold.tga
unk459001FC=0.07999999821186066
unk467E8D84=0 0 90
unk4B4D75B0=1
unk4B8DED3B=1
unk4C1F246B=2 2
unk4D3045BB=disintegrate02.tga
unk4F71C82B=0 0 90
unk529EEEFE=0 1 1 1
unk529EEEFF=1 0.1 0.1 0.1
unk548B9A51=0 0 0
unk55A3942D=0 0 0
unk57F5133F=1 0.4
unk598709E9=0.6 0.2 0.6
unk5A9287BE=1
unk5BB8C674=color-firemissile.tga
unk5BD3FE7D=5
unk5CB6FE2F=-90 150 0
unk5E36FB13=1
unk5ECE0A2A=2 3
unk6060CD2F=1 1
unk6228314B=1
unk62AB1387=1 0.5
unk62ACEBF9=2000
unk6464563D=1
unk64EE402B=200
unk658CC072=30
unk66DC5B87=1
unk676BDCF5=0 0.4
unk68DA4E44=0
unk6A60094F=AirSpiritStreak.tga
unk71E397BC=0 0 0
unk72F3CD01=0
unk735343F6=blaster-blue.tga
unk744D31BF=0 25 0
unk7826DFBD=0 0.8
unk7826DFBE=1 2
unk79E9E541=High
unk7A84D89B=4
unk7B323CAC=1
unk7BD59C28=0
unk864AC1E2=2 2
unk87211C7E=0 -3000 0
unk881F2DDD=1 3
unk886F946E=missile_std.sco
unk8B9540AB=4
unk8E7033BE=60 4 4
unk91E5E166=0 0
unk91E5E167=1 2
unk9263F0E7=0 0
unk9263F0E8=1 2
unk92E20068=0 0
unk92E20069=1 2
unk97763154=0 0 0
unk981099AF=-1
unk98B80038=1
unk995A0F68=0.5
unk9BE673B2=1
unk9FA39775=0 0.8
unk9FA39776=1 1.4000000000000001
unkA3FA9CC7=0 0 1440
unkA4CB15B4=1
unkA4D8ECD6=Gravity
unkA810B7FF=1
unkAA853FEF=0 0 90
unkAC700968=Simple
unkB076BCEE=SparksDrag
unkB430AA57=2
unkB4568CEB=0 0.1
unkB4568CEC=1 1
unkB8B84D97=100
unkBAC8E6F6=0 0.5
unkBAF3DA2C=color-smoke32.tga
unkBB9AA62B=255 255 255 255
unkBC997C03=smokepuffs.tga
unkBD4A7BB1=0 0.55 0.35 0 0
unkBD4A7BB2=0.3 0.45 0.35 0 0.05
unkBD4A7BB3=0.5 0.35 0.35 0 0.05
unkBD4A7BB4=1 0.35 0.35 0 0
unkBE139FB5=1000
unkC02E4165=0
unkC3632B6A=1
unkC42953E3=120
unkC5AA0460=1
unkC89079EC=1
unkC93E11E5=80 30 30
unkCAC5CBD1=High
unkCBE6847D=0
unkCE66BBBA=AirSpiritStreak.tga
unkCF6C6CBD=0.5
unkD16878FF=0 1
unkD1687900=0.5109999775886536 1.5570000410079956
unkD1687901=1 0
unkD743B0EE=followsparks
unkD7F57EFB=3
unkD8BB7FF9=0 0
unkD8BB7FFA=1 360
unkDA9F9C84=-1
unkDC94060B=5 50 5
unkE24AE62A=3.5
unkE74A0653=0 0 0
unkEA580B41=0
unkEB1C4B31=1 1
unkED1EA213=0
unkED4E8243=-1
unkEDB0BE98=1 0
unkEE983C93=0 1 1 1
unkEE983C94=1 0.1 0.1 0.1
unkEECAAAEC=100
unkEEE14548=0
unkF1AD0380=255 255 255 255
unkF238B18C=1 1
unkF5C0BD13=3 3 3
unkFFD97E86=0 0.55 0.35 0.35 0.2
unkFFD97E87=0.1 0.45 0.35 0.35 0.05
unkFFD97E88=0.3 0.35 0.35 0.35 0.05
unkFFD97E89=1 0.35 0.35 0.35 0
