[System]
GroupPart4Type=Simple
SimulateEveryFrame=1
SoundOnCreate=Play_sfx_Heimerdinger_HeimerdingerESpell_hit

[UNKNOWN_HASHES]
unk05AB4C53=0
unk07475BE5=0
unk0909FF1A=1
unk09748996=0.2
unk158C5BE1=0.1
unk1847CBE7=2 2
unk1A13E52D=60 120 20
unk1F9D4E0E=zapglow.tga
unk202EFCF9=0 0.5
unk202EFCFA=1 2
unk20AD0C7A=0 0.2
unk20AD0C7B=1 3
unk216331E8=0 2 2 2
unk216331E9=1 0 0 0
unk219D772B=0
unk28D2C7C5=120
unk2A48E40B=1
unk2A8255EF=1 1 1 1
unk2CC0A88F=1
unk3074BC0B=1
unk31A0A17A=0 0.2
unk31A0A17B=1 1.2000000000000002
unk36B464C4=2 2
unk381C2682=0 0.5 0.5 0.5
unk381C2683=1 1 1 1
unk382992B7=0
unk3A161CA9=1
unk3C83DA00=0
unk3F0DB74E=2
unk4014FD69=0 0.5
unk4014FD6A=1 1.5
unk4C3B1691=5 5 5
unk586183B2=1
unk5CC3AF70=4
unk5D2FC393=60 60 60
unk63103A53=0.15
unk686C72CB=-10
unk6BAF2856=0
unk6CEE595E=1 1
unk6F280C9E=1
unk794982D9=90 0 90
unk7D3B2DF9=0
unk826E7882=2
unk85302568=1
unk85960A14=0
unk876B1171=0 90 0
unk88FA0246=1 3
unk8ADFA1F3=0 -10 0
unk8F2D685C=1 1
unk90027773=1 1 1
unk9D2AFEA4=flashblue_02.tga
unk9F224510=200
unkA4EB20DF=1
unkAF3A7ED0=40 0 0
unkAF79E6CF=4
unkB312C145=0
unkB3E3F33E=Heimerdinger_Base_Z_Electricity_2x2.dds
unkBAF75DB1=10
unkBC081239=0.32
unkC4880DC8=0.11999999731779099
unkC81FE484=0.5
unkC97A91A1=glows.tga
unkCC022602=0 1 1 1 0
unkCC022603=0.1 1 1 1 1
unkCC022604=0.4 1 1 1 0.2
unkCC022605=0.8 0.15 0 0 0
unkD1F1AA4C=0 0
unkD1F1AA4D=1 360
unkD7790B5D=0.3
unkDB665068=30
unkDDBF0991=1
unkDE9DEF06=0 1
unkDE9DEF07=1 360
unkDF1BFE87=0 1
unkDF1BFE88=1 360
unkDF31BAD1=0
unkDF9A0E08=0 1
unkDF9A0E09=1 360
unkE0E4EB10=0 70 0
unkE621ECCC=0 0.8
unkE621ECCD=1 3
unkE69FFC4D=0 0.8
unkE69FFC4E=1 3
unkE71E0BCE=0 0.8
unkE71E0BCF=1 3
unkE8C98E79=1
unkEE9AD340=100 200 0
unkF11CFC13=0
unkF18D4C2A=0 50 0
unkF75E7403=0 1 0
unkFB21572E=0
