[System]
GroupPart1=flames
GroupPart2=ribbon_trail
GroupPart3=electricity
SimulateEveryFrame=1

[electricity]
e-life=3
e-linger=0
e-local-orient=1
e-rate=35
e-rate1=0 2
e-rate2=1 1
p-bindtoemitter=0.1 0
p-life=0.15
p-lifeP1=0 0.2
p-lifeP2=1 1.5
p-linger=2
p-numframes=16
p-offset=18 15 18
p-postoffset=0 0 -100
p-quadrot=90 0 -90
p-quadrotXP1=0 1
p-quadrotXP2=1 1.2000000000000002
p-quadrotYP1=0 -1
p-quadrotYP2=1 1.2000000000000002
p-randomstartframe=1
p-rgba=Heimerdinger_Base_W_ULT_Flame_ColorMap.dds
p-scale=50 70 0
p-scale1=0 0.5 0.5 0.5
p-scale2=1 2 2 1
p-scaleXP1=0 1
p-scaleXP2=1 2
p-scaleYP1=0 1
p-scaleYP2=1 2
p-startframe=0
p-texdiv=4 4
p-texture=Heimerdinger_Base_Z_Small_Lighting_4x4.dds
p-type=1
p-vel=0 0 200
p-xscale1=0 3 0.5 1
p-xscale2=1 1 1 1
pass=10
rendermode=0

[flames]
e-life=0.65
e-linger=0
e-local-orient=1
e-rate=35
e-rate1=0 2
e-rate2=1 1
p-bindtoemitter=0.4 0
p-life=0.15
p-lifeP1=0 0.5
p-lifeP2=1 1.5
p-linger=0
p-numframes=4
p-offset=5 -12 5
p-quadrot=90 0 -90
p-randomstartframe=1
p-rgba=Heimerdinger_Base_W_ULT_Flame_ColorMap.dds
p-scale=40 40 0
p-scale1=0 0.5 0.5 0.5
p-scale2=1 2 2 1
p-scaleXP1=0 1
p-scaleXP2=1 2
p-scaleYP1=0 1
p-scaleYP2=1 2
p-startframe=0
p-texdiv=2 2
p-texture=Heimerdinger_Base_W_Missile_Flames.dds
p-type=1
p-xrgba=1 1 1 1
p-xrgba1=0 0 0 0 0
p-xrgba2=0.25 1 1 1 1
p-xrgba3=1 1 1 1 0
p-xscale1=0 3 0.5 1
p-xscale2=1 1 1 1
pass=10
rendermode=0

[ribbon_trail]
e-life=1
e-linger=0
e-local-orient=1
e-rate=120
e-timeoffset=0.05
e-uvoffset=1 0
p-bindtoemitter=0 0.4
p-frameRate=0
p-life=0.3
p-linger=0
p-numframes=4
p-postoffset=0 -10 0
p-quadrot=90 0 90
p-rgba=Heimerdinger_Base_W_ULT_Flame_ColorMap.dds
p-scale=180 58 8
p-startframe=2
p-texdiv=2 2
p-texture=Heimerdinger_Base_W_Missile_Flames.dds
p-type=1
p-uvscroll-rgb=-0.65 0
p-uvscroll-rgbXP1=0 0.1
p-uvscroll-rgbXP2=1 0.5
p-vel=0 0 0
p-xrgba=1 1 1 1
p-xrgba1=0 1 1 1 0
p-xrgba2=0.2 1 1 1 0.4
p-xrgba3=0.65 1 1 1 0
p-xscale1=0 1 1 1
p-xscale2=1 0.1 0.1 0.1
rendermode=4

[UNKNOWN_HASHES]
unk023CD67F=90 0 90
unk143ECF5C=1
unk18280A39=190 117 117
unk1FA7487C=0
unk261E524A=AirSpiritStreak.tga
unk268BBE4C=0 0 0
unk52C961F4=0
unk5C889B85=0 0.4
unk6B5DEA2D=0.5
unk725D7FDB=1
unk780343F6=0 0.55 0.35 0.35 0.25
unk780343F7=0.1 0.45 0.35 0.35 0.05
unk780343F8=0.3 0.35 0.35 0.35 0.05
unk780343F9=1 0.35 0.35 0.35 0
unk8ABC285C=120
unk8D9E80F0=255 255 255 255
unkAA56858E=0 1 1 1
unkAA56858F=1 3 0.1 0.1
unkC448E9DB=2 2
unkC5319883=1
unkE77F6AAB=1
unkF8A491ED=0
