[System]
GroupPart1=shield_ball
GroupPart1Importance=High
GroupPart2=flash
GroupPart2Type=Simple
GroupPart3=energy_break
SimulateEveryFrame=1

[energy_break]
e-life=0.15
e-linger=0
e-rate=40
e-rateP1=0 1
e-rateP2=0.7000000000000001 0.5
e-rateP3=1 0
p-backfaceon=0
p-bindtoemitter=1 1
p-coloroffset=0 0
p-colorscale=1 1
p-colortype=1 3
p-frameRate=0
p-life=0.15
p-life1=0 1
p-life2=0.5 1.25
p-life3=1 1.5
p-linger=0
p-mesh=magicball.sco
p-meshtex=Riven_Skin05_E_Shield_Interupt.dds
p-numframes=1
p-postoffset=0 130 0
p-quadrot=360 360 360
p-quadrotXP1=0 0
p-quadrotXP2=1 1
p-quadrotYP1=0 0
p-quadrotYP2=1 1
p-quadrotZP1=0 0
p-quadrotZP2=1 1
p-rgba=TF_Card_Red_Hit_RGB.tga
p-rotvel=0 140 140
p-rotvel1=0 1 1 1
p-rotvel2=1 0.1 0.1 0.1
p-rotvelYP1=0 -1
p-rotvelYP2=1 1
p-rotvelZP1=0 -1
p-rotvelZP2=1 1
p-scale=8.149999618530273 8.149999618530273 8.149999618530273
p-startframe=0
p-texdiv=1 1
p-type=3
rendermode=0

[flash]
e-life=0.15
e-linger=0
e-rate=5
p-bindtoemitter=1 1
p-life=0.05
p-linger=0
p-offset=1 1 1
p-postoffset=0 130 0
p-quadrot=360
p-quadrotP1=0 0
p-quadrotP2=1 1
p-rgba=color-smoke32_07.tga
p-rotvel=100
p-rotvelP1=0 0.5
p-rotvelP2=1 -0.5
p-scale=410
p-texture=Riven_Skin05_E_Interupt_Flash.dds
p-vel=0 0 0
p-xrgba=1 1 1 1
p-xrgba1=0 0 0 0 1
p-xrgba2=1 1 1 1 1
p-xscale=1 1 1
p-xscale1=0 0 0 0
p-xscale2=1 1 1 1
rendermode=0

[shield_ball]
e-life=0.75
e-linger=0
e-rate=1
p-backfaceon=0
p-bindtoemitter=1 1
p-life=0.25
p-mesh=sphere_01.sco
p-meshtex=ghost_overlay_18.tga
p-postoffset=0 130 0
p-quadrot=360 360 360
p-quadrotXP1=0 0
p-quadrotXP2=1 1
p-quadrotYP1=0 0
p-quadrotYP2=1 1
p-quadrotZP1=0 0
p-quadrotZP2=1 1
p-scale=6.800000000000001 6.800000000000001 6.800000000000001
p-type=3
p-xrgba=1 1 1 1
p-xrgba1=0 1 1 1 0
p-xrgba2=0.5 1 1 1 1
p-xrgba3=1 1 1 1 0
p-xscale1=0 1 1 1
p-xscale2=0.5 1.1 1.1 1.1
p-xscale3=1 1.2000000000000002 1.2000000000000002 1.2000000000000002
rendermode=0
single-particle=1

[UNKNOWN_HASHES]
unk7E98E49D=1
