[Glow_Flash]
e-life=1
e-linger=0
e-local-orient=0
e-rate=2
p-bindtoemitter=1 1
p-coloroffset=0 0
p-colorscale=1 1
p-colortype=1 3
p-life=0.3
p-linger=0.3
p-quadrot=1
p-quadrotP1=0 0
p-quadrotP2=1 360
p-rgba=color-rampdown.tga
p-scale=400
p-simpleorient=2
p-texture=disintegrate-light_frost.tga
p-type=1
p-xscale1=0 0.5
p-xscale2=1 1
pass=100
rendermode=0
single-particle=1

[Speed_Rings]
e-life=-1
e-linger=0
e-rate=15
p-bindtoemitter=1 0
p-life=0.4
p-lifeP1=0 1
p-lifeP2=1 1.4000000000000001
p-linger=0
p-postoffset=0 50 0
p-quadrot=1 0 0
p-quadrotXP1=0 0
p-quadrotXP2=1 360
p-rgba=color-bluepoof.tga
p-rotvel=1
p-rotvelP1=0 -350
p-rotvelP2=1 350
p-scale=45
p-scaleP1=0 0.3
p-scaleP2=1 1
p-simpleorient=2
p-texture=speed_blur_02.tga
p-type=1
p-vel=130 0 130
p-velXP1=0 -1
p-velXP2=1 1
p-velZP1=0 -1
p-velZP2=1 1
p-xscale1=0 0.6
p-xscale2=1 2
rendermode=0

[System]
GroupPart1=Glow_Flash
GroupPart1Type=Simple
GroupPart2=Speed_Rings
GroupPart2Type=Simple
SimulateEveryFrame=1

[UNKNOWN_HASHES]
unk07A6B167=0.5
unk13BE83B2=1
unk1ADE49D4=0 0
unk1ADE49D5=0.30000000000000004 0.8
unk1ADE49D6=1 1
unk1DCF75DF=color-rampdown.tga
unk2704EF96=1
unk39BB7F7D=1
unk3C8FE432=1 0
unk554B117F=200
unk630549C2=0
unk6E53DF27=0
unk72C49AC5=1
unk76B4C617=0 3 0
unk80BCF272=1 1
unk83C831E5=1
unk8789A406=0 0
unk8789A407=1 360
unk96A61690=blast_ring_aqua.tga
unkA8016BBD=0
unkA9A71F96=0
unkACF90662=2
unkB5BB8121=1
unkD72DB415=1 1
unkF08689A8=0 0.5
unkF08689A9=1 1
