[System]
GroupPart1=Flam
GroupPart1Type=Simple
GroupPart2=hitflash
GroupPart2Type=Simple

[hitflash]
e-life=10
e-linger=0
e-rate=20
p-bindtoemitter=1 1
p-coloroffset=0.7000000000000001 0
p-colorscale=0.30000000000000004 1
p-colortype=1 0
p-life=0.5
p-linger=-1
p-offset=0 -5 0
p-rotvel=-720
p-scale=60
p-simpleorient=2
p-texture=sword_blur_ult_03.dds
p-type=1

[UNKNOWN_HASHES]
unk0755AFD1=0 0.5
unk0755AFD2=1 2
unk08C7E336=0 0
unk08C7E337=1 360
unk184944D1=0 1
unk184944D2=1 1.2000000000000002
unk1ABB25A7=SivirSparks.tga
unk1BCBE49E=0
unk2D0C60C2=FlameAccel
unk3C08D8C6=1.2000000000000002
unk4007CC17=0
unk522CBB5B=1
unk5E9A0EA9=20 25 0
unk614A576A=0 1 0
unk685B71F4=5
unk685B71F5=1
unk7460D7C9=1 3
unk7E8B8E02=FlameDrag
unk81E16CD7=0 1
unk81E16CD8=1 1.2000000000000002
unk8740B110=0.5
unk8D70E757=0
unk9358835B=0.1
unk95E32227=0 0 10
unk9D697588=color-sivirsparks.tga
unk9EF358EB=0 1
unk9EF358EC=0.2814815044403076 2.2224440574645996
unk9EF358ED=0.6592593193054199 2.965925931930542
unk9EF358EE=1 3.1492960453033447
unkA69EEF3F=250
unkAFC0A95A=0 0 1
unkB381534C=0 0 0
unkB55ED767=0 0 0
unkBAA8267C=1000
unkBBD9FC16=13
unkBF5A979D=0 0
unkBF5A979E=1 360
unkDE37C612=0 1
unkDE37C613=1 1.3
unkF6D9A9DC=1
