[System]
GroupPart1=anim
GroupPart1Importance=High
GroupPart1Type=Simple
GroupPart2=glow_flash
GroupPart2Type=Simple
SimulateEveryFrame=1
group-vis=5000

[anim]
e-life=1
e-rate=1
p-flexoffset=0.004999999888241291
p-flexscale=0.004999999888241291
p-frameRate=15
p-life=0.24
p-numframes=12
p-postoffset=0 0 0
p-quadrot=1
p-quadrotP1=0 1
p-quadrotP2=1 360
p-rgba=color-incinerate.tga
p-scale=130
p-startframe=1
p-texdiv=6 2
p-texture=Heimerdinger_Base_Z_Impact_Anim.dds
p-type=0
rendermode=4
single-particle=1

[glow_flash]
e-life=0.1
e-linger=0
e-local-orient=0
e-rate=1
p-bindtoemitter=1 1
p-coloroffset=0 0.30000000000000004
p-colorscale=1 2
p-colortype=1 0
p-flexoffset=0.004999999888241291
p-flexscale=0.004999999888241291
p-frameRate=0
p-life=0.3
p-linger=0
p-numframes=1
p-offset=0 50 0
p-postoffset=0 -50 0
p-rgba=color-incinerate.tga
p-scale=60
p-startframe=0
p-texture=Heimerdinger_Base_Q_Turret_Cas_Glow.dds
p-type=0
p-xscale1=0 0
p-xscale2=1 2
rendermode=0
single-particle=1

[UNKNOWN_HASHES]
unk07475BE5=0
unk0909FF1A=1
unk2E43E11C=0 1 1 1 0
unk2E43E11D=0.1 1 1 1 0.2
unk2E43E11E=0.28 1 1 1 0
unk2E43E11F=1 1 1 1 0
unk3A161CA9=1
unk3F0DB74E=2
unk5D2FC393=80 80 80
unk63103A53=1
unk686C72CB=-10
unk6CEE595E=1 1
unk6D9E3455=1 1 1 1
unk6F280C9E=0.1
unk794982D9=90 0 90
unk826E7882=2
unk88FA0246=1 3
unk9D2AFEA4=Heimerdinger_Base_Q_Turret_Cas_Glow.dds
unkA4EB20DF=1
unkDF31BAD1=0
unkF11CFC13=4
unkF18D4C2A=0 0 -20
