[System]
GroupPart1=XP_Add
GroupPart1Type=Simple
GroupPart2=XP_Smoke
GroupPart3=vecalign
GroupPart3Importance=High
PersistThruDeath=1
SimulateEveryFrame=1
SoundOnCreate=Play_sfx_KhazixDroid_KhazixWMissile_hit

[XP_Add]
e-life=1
e-linger=0
e-rate=20
e-rotation1=1
e-rotation1-axis=1 0 0
e-rotation1P1=0 0
e-rotation1P2=1 360
e-rotation2=1
e-rotation2-axis=0 1 0
e-rotation2P1=0 0
e-rotation2P2=1 360
field-drag-2=XP_Drag
p-bindtoemitter=1 1
p-frameRate=0
p-life=0.2
p-lifeP1=0 1
p-lifeP2=1 2
p-linger=0.3
p-numframes=1
p-offset=1 1 1
p-quadrot=1
p-quadrotP1=0 0
p-quadrotP2=1 360
p-randomstartframe=1
p-rgba=Khazix_Skin01_Z_Rampdown_Immediate_RGB.tga
p-scale=30
p-scaleP1=0 1
p-scaleP2=1 1.5
p-startframe=0
p-texdiv=2 2
p-texture=Khazix_Skin01_W_Explo_2x2.tga
p-type=0
p-vel=100 100 100
p-velXP1=0 -4
p-velXP2=1 4
p-velYP1=0 -4
p-velYP2=1 4
p-velZP1=0 -4
p-velZP2=1 4
pass=2
rendermode=0
single-particle=1

[XP_Drag]
f-drag=8
f-pos=0 0 0
f-radius=500

[vecalign]
e-life=0.05
e-local-orient=1
e-rate=20
e-rotation1=1
e-rotation1-axis=1 0 0
e-rotation1P1=0 0
e-rotation1P2=1 360
e-rotation2=1
e-rotation2-axis=0 1 0
e-rotation2P1=0 0
e-rotation2P2=1 360
p-life=0.2
p-lifeP1=0 0.5
p-lifeP2=0.5 0.5
p-lifeP3=1 2
p-randomstartframe=1
p-rgba=Khazix_Skin01_Z_Rampdown_Immediate_RGB.tga
p-scale=1 5 0
p-scaleXP1=0 1
p-scaleXP2=1 2
p-startframe=0
p-texdiv=2 2
p-texture=Khazix_Skin01_Z_Sparks_2x2.tga
p-type=0
p-vec-velocity-minscale=1.3
p-vec-velocity-scale=0.00800000037997961
p-vecalign=1
p-vel=500 500 500
p-velXP1=0 -1
p-velXP2=1 1
p-velYP1=0 -1
p-velYP2=1 1
p-velZP1=0 -1
p-velZP2=1 1
p-xscale1=0 1 1 1
rendermode=0
single-particle=1

[UNKNOWN_HASHES]
unk08C45BE3=1
unk0E6A0F21=0 1 0
unk0EE883C6=2 2
unk1251436C=1
unk1251436D=1
unk17A6A52B=0 0.5
unk17A6A52C=1 1.2000000000000002
unk1C0AC7C7=10
unk1D50331F=Khazix_Skin01_W_Smoke_2x2.tga
unk28415959=0 0.6
unk2841595A=1 1.5
unk2D7E692D=0 0
unk2D7E692E=1 360
unk2DFC78AE=0 0
unk2DFC78AF=1 360
unk32675490=1
unk3CA2ECDA=0 0
unk4A079421=100 100 100
unk580E67E5=0 0
unk580E67E6=1 360
unk7344A1EE=0
unk7576D58C=1
unk78CE0A16=0
unk79EC458E=40 40 40
unk8A5AB650=1 1 1 1
unk8CDF8DF0=2 2 2
unk97824630=4
unk99984910=1
unk9BA658AA=0
unk9D68FBDF=1.2000000000000002
unkA1886663=0 0.75
unkA1886664=1 1.6
unkA5DB36AF=1 1 1
unkAEBFE658=1
unkC2A2DDE1=0 0.5 0.2 0.2 1
unkC2A2DDE2=0.2 0.3 0.2 0.1 1
unkC2A2DDE3=0.8 0.2 0.2 0.2 0.4
unkC2A2DDE4=1 0.2 0.2 0.2 0
unkDD055695=1
unkF83DADE2=1 0 0
unkF96EB754=1 1 1
unkFCAC8998=1
unkFEA09E47=1
