[Bola]
e-life=1
e-linger=0
e-rate=3
p-bindtoemitter=1 1
p-flexoffset=0.007499999832361937
p-flexscale=0.007499999832361937
p-life=2.5
p-mesh=Rengar_Base_E_Bola.sco
p-meshtex=Rengar_Base_E_Bola.tga
p-offset=0 20 0
p-quadrot=1 1 1
p-quadrotYP1=0 1
p-quadrotYP2=1 360
p-scale=100 100 100
p-shadow=1
p-type=3
p-xquadrot=1 -1 1
p-xquadrot-on=1
p-xquadrot1=0 0 40 0
p-xquadrot2=0.75 0 0 0
p-xquadrot3=1 0 0 0
p-xrgba=1 1 1 1
p-xrgba1=0 1 1 1 1
p-xrgba2=0.2 1 1 1 1
p-xrgba3=0.7 1 1 1 1
p-xrgba4=1 1 1 1 0
p-xscale1=0 1 1 1
p-xscale2=0.5 1 1 1
p-xscale3=1 0.8 0.8 0.8 0.8
rendermode=1
single-particle=1

[System]
GroupPart1=cursebandages
GroupPart2=Bola
PersistThruDeath=1
SimulateEveryFrame=1
SoundOnCreate=Play_sfx_Rengar_RengarE_hit

[cursebandages]
e-life=1
e-linger=0
e-local-orient=1
e-rate=8
e-uvoffset=1 0
e-uvoffsetXP1=0 0
e-uvoffsetXP2=1 1
p-backfaceon=1
p-bindtoemitter=1
p-flexoffset=0.007000000216066837
p-flexscale=0.007000000216066837
p-life=1.5
p-mesh=Rengar_Base_E_Wrap.sco
p-meshtex=Rengar_Base_E_Wrap.tga
p-offset=0 20 0
p-quadrot=30 1 30
p-quadrotXP1=0 -1
p-quadrotXP2=1 1
p-quadrotYP1=0 -360
p-quadrotYP2=1 360
p-quadrotZP1=0 -1
p-quadrotZP2=1 1
p-scale=10 20 10
p-scaleXP1=0 1
p-scaleXP2=1 1.2000000000000002
p-scaleYP1=0 1
p-scaleYP2=1 1.2000000000000002
p-scaleZP1=0 1
p-scaleZP2=1 1.2000000000000002
p-type=3
p-xrgba=1 1 1 1
p-xrgba1=0 1 1 1 0
p-xrgba2=0.2 1 1 1 1
p-xrgba3=0.8 1 1 1 1
p-xrgba4=1 1 1 1 0
p-xscale=0.5 0.5 0.5
p-xscale1=0 0 0 0
p-xscale2=0.30000000000000004 1 1 1
p-xscale3=0.9 0.8 0.8 0.8
p-xscale4=1 1 0 1
rendermode=1

