[System]
GroupPart1=stringy_smoke
SimulateEveryFrame=1

[stringy_smoke]
e-life=-1
e-linger=1
e-rate=13
p-bindtoemitter=1 0
p-drag=2 2 2
p-dragXP1=0 0
p-dragXP2=1 3
p-dragYP1=0 0
p-dragZP2=0 0
p-life=1
p-linger=1
p-numframes=8
p-offset=20 1 0
p-offsetXP1=0 1
p-offsetXP2=1 -1
p-offsetYP1=0 -10
p-offsetYP2=1 20
p-orbitvel=0 2 0
p-orbitvelXP1=0 -1
p-orbitvelXP2=1 1
p-postoffset=0 10 0
p-quadrot=1 1 1
p-quadrotXP1=0 1
p-quadrotXP2=1 360
p-quadrotYP1=0 1
p-quadrotYP2=1 360
p-quadrotZP1=0 1
p-quadrotZP2=1 0
p-randomstartframe=1
p-rgba=Twitch_Base_Z_Poision_Smoke_Colormap.tga
p-rotvel=0 130 0
p-rotvelYP1=0 -1
p-rotvelYP2=1 1
p-scale=20 20 20
p-scaleXP1=0 0.75
p-scaleXP2=1 1.5
p-scaleYP1=0 0.75
p-scaleYP2=1 1.5
p-startframe=1
p-texdiv=4 2
p-texture=Twitch_Base_P_Poison_Smoke.dds
p-type=0
p-vel=10 40 0
p-velXP1=0 0.6000000000000001
p-velXP2=1 2.25
p-worldaccel=0 130 30
p-xrgba=1 1 1 1
p-xrgba1=0 1 1 1 0
p-xrgba2=0.1 1 1 1 0.65
p-xrgba3=0.7 1 1 0.75 0.55
p-xrgba4=1 0.2 1 0.6 0
p-xscale=1 1 1
p-xscale1=0 1 1 1
p-xscale2=1 3 4 3
pass=-100
rendermode=4

[UNKNOWN_HASHES]
unk06ED5D14=8
unk0DF4AE86=1
unk14CB39FB=1
unk1D3D74CB=60 1 0
unk2AACD674=4
unk2C624E5B=0
unk2FBC9FBE=0 0
unk34092EAC=-125
unk34FE1A0C=4 4 4
unk36BD65DE=0 2
unk36BD65DF=1 4
unk3A051BFD=0 1 1 1 0
unk3A051BFE=0.1 1 1 1 1
unk3A051BFF=0.4 0.3 1 0 0.5
unk3A051C00=1 0 1 0 0
unk40D1AF47=0 0 0 0
unk40D1AF48=1 3 3 3
unk658CC072=30 30 30
unk6645C59D=0
unk68908870=1
unk6D87A874=0 0 0
unk6E0A03D5=1 1
unk72875B10=0 0
unk72875B11=1 360
unk75FB3134=1 1 1 1
unk81BC5A50=1
unk864AC1E2=4 2
unk8AF84105=250 40 0
unk8E31F2F4=0 0.6000000000000001
unk8E31F2F5=1 1
unk8EA3B6CF=1
unk978873AE=0 0.5
unk978873AF=1 1.2000000000000002
unk98B80038=1 1 1
unk9FA39775=0 0.6000000000000001
unk9FA39776=1 1
unkA4CB15B4=0.7
unkA6DDEC87=1
unkB040CDDD=0.15
unkB0E2E7FF=1
unkB285329A=Twitch_Base_P_Impact.dds
unkBC58A028=1
unkBC997C03=Twitch_Base_E_Posion_Smoke_Cloud.dds
unkC3632B6A=1 1 1
unkC42953E3=30
unkC6699255=alpha_12.tga
unkCF9F0C0C=1
unkDA4D0A01=0 -90
unkDA4D0A02=1 360
unkDACB1982=0 -90
unkDACB1983=1 360
unkDB492903=0 -90
unkDB492904=1 360
unkDC94060B=0 60 0
unkDD044E11=0 0
unkDD044E12=1 360
unkEFAE1289=70
