[System]
GroupPart1=smoke
GroupPart1Importance=Low
SimulateEveryFrame=1

[smoke]
e-life=-1
e-local-orient=0
e-rate=6
e-rotation1=360
e-rotation1-axis=1 0 0
e-rotation1P1=0 0
e-rotation1P2=1 1
e-rotation2=360
e-rotation2-axis=0 1 0
e-rotation2P1=0 0
e-rotation2P2=1 1
p-bindtoemitter=1 0
p-life=4
p-offset=10 20 1
p-postoffset=0 15 0
p-quadrot=1 1 1
p-quadrotXP1=0 0
p-quadrotXP2=1 360
p-quadrotYP1=0 0
p-quadrotYP2=1 360
p-quadrotZP1=0 0
p-quadrotZP2=1 360
p-rotvel=10 100 0
p-scale=100 100 100
p-scaleP1=0 0.8 0.8 0.8
p-scaleP2=1 1.4000000000000001 4 1.4000000000000001
p-texture=Twitch_Base_Q_Smoke.dds
p-type=0
p-uvscroll-no-alpha=1
p-uvscroll-rgb=0.5 0.5
p-uvscroll-rgbXP1=0 0
p-uvscroll-rgbXP2=1 1
p-uvscroll-rgbYP1=0 0
p-uvscroll-rgbYP2=1 1
p-vel=0 20 0
p-velYP1=0 0.35
p-velYP2=1 1.1
p-worldaccel=10 10 0
p-xrgba=1 1 1 1
p-xrgba1=0 1 1 1 0
p-xrgba2=0.2 1 1 1 0.75
p-xrgba3=0.3 1 1 1 0.4
p-xrgba4=1 1 1 1 0
pass=-100
rendermode=4

