[HeatHaze]
e-life=1
e-linger=0
e-local-orient=1
e-rate=4
e-rotation1=1
e-rotation1-axis=1 0 0
e-rotation1P1=0 0
e-rotation1P2=1 40
e-rotation2=1
e-rotation2-axis=0 1 0
e-rotation2P1=0 0
e-rotation2P2=1 360
field-accel-1=HeatAccel
field-drag-1=HeatDrag
p-bindtoemitter=0.8 0
p-coloroffset=0 0
p-distortion-mode=1
p-distortion-power=0.2
p-frameRate=0
p-life=0.75
p-linger=1
p-normal-map=distort-heat.dds
p-offset=5 10 0
p-offsetXP1=0 0.5
p-offsetXP2=1 1
p-postoffset=0 10 0
p-quadrot=1
p-quadrotP1=0 0
p-quadrotP2=1 360
p-rgba=color-distortbell32.dds
p-scale=80
p-texture=color-hold.dds
p-type=0
p-xscale1=0 1
p-xscale2=1 2
pass=100
rendermode=1

[System]
GroupPart1=shadow_spotlight
GroupPart2=smoke_black
GroupPart3=HeatHaze
GroupPart3Type=Simple
SimulateEveryFrame=1

[shadow_spotlight]
e-life=3
e-linger=1
e-rate=1
p-bindtoemitter=1 1
p-life=4
p-linger=1
p-quadrot=90 0 90
p-scale=170 170 170
p-simpleorient=2
p-texture=Twitch_Base_Q_Cas_Dots.dds
p-type=1
p-xrgba=1 1 1 1
p-xrgba1=0 1 1 1 0
p-xrgba2=0.1 1 1 1 1
p-xrgba3=0.9 1 1 1 1
p-xrgba4=1 1 1 1 0
pass=1
rendermode=2
single-particle=1

[smoke_black]
e-life=-1
e-linger=1
e-rate=6
e-rotation1=1
e-rotation1P1=0 0
e-rotation1P2=1 360
p-bindtoemitter=1 1
p-drag=1 3 1
p-life=1
p-linger=1
p-numframes=8
p-offset=40 1 0
p-offsetXP1=0 1
p-offsetXP2=1 -1
p-offsetYP1=0 -10
p-offsetYP2=1 20
p-orbitvel=0 0 0
p-orbitvelXP1=0 -1
p-orbitvelXP2=1 1
p-postoffset=0 0 0
p-quadrot=1 1 1
p-quadrotXP1=0 1
p-quadrotXP2=1 360
p-quadrotYP1=0 1
p-quadrotYP2=1 360
p-quadrotZP1=0 1
p-quadrotZP2=1 360
p-randomstartframe=1
p-rotvel=0 10 0
p-rotvelYP1=0 -1
p-rotvelYP2=1 1
p-scale=30 30 30
p-startframe=1
p-texdiv=4 2
p-texture=Twitch_Base_Z_Poison_Smoke_Black.dds
p-type=0
p-vel=0 540 0
p-velXP1=0 0.6000000000000001
p-velXP2=1 2.25
p-worldaccel=0 30 0
p-xrgba=1 1 1 1
p-xrgba1=0 1 1 1 0
p-xrgba2=0.1 1 1 1 1
p-xrgba3=0.5 1 1 0.75 0.5
p-xrgba4=1 0.2 1 0 0
p-xscale=1 1 1
p-xscale1=0 1 1 1
p-xscale2=1 3 3 7
pass=100
rendermode=1

[UNKNOWN_HASHES]
unk0F2DB820=2 1
unk11713600=1 0.5
unk1C1C7DBA=0.25
unk1F9DD867=1 3
unk23715576=0.7000000000000001 0
unk28345005=30
unk28525AB4=22
unk294EC9F0=1
unk29648BF0=0 0
unk29648BF1=1 1
unk29E29B71=0 0
unk29E29B72=1 1
unk2A60AAF2=0 0
unk2A60AAF3=1 1
unk2A9B59EC=12
unk2B1A5BCC=0
unk2DA56C46=0 0 1
unk32035328=0 0
unk32035329=1 1
unk32454232=color-movequick.tga
unk328162A9=0 0
unk328162AA=1 1
unk32FF722A=0 0
unk32FF722B=1 1
unk354F39D1=3 25 3
unk3B7ABBE9=100
unk3BAC1245=1 0.4
unk3ED0997A=1
unk459001FC=0.8
unk4A1D7CB2=1
unk4C4621A8=1
unk4D3045BB=Movequick01.tga
unk51A7D447=30
unk55610B7D=1 0.25
unk559DC538=0.9 0
unk5BB8C674=color-movequick.tga
unk5ECE0A2A=2 1
unk62AB1387=1 0.5
unk62B21545=Movequick01.tga
unk64EE402B=120
unk67334ABD=0 0
unk67334ABE=1 1
unk6A97983B=0 0
unk6A97983C=1 360
unk6DFEF87D=Movequick01.tga
unk73365F73=0 0
unk73365F74=1 360
unk762122EA=50
unk7826DFBD=0 0.8
unk7826DFBE=1 2
unk7C19C808=1
unk7C19C809=1
unk80165FC9=0 0
unk80165FCA=1 360
unk80946F4A=0 0
unk80946F4B=1 360
unk881F2DDD=1 3
unk8B9540AB=1
unk8EFBB9B2=50
unk90B0CAF2=0.25
unk91E5E166=0 0
unk91E5E167=1 1
unk9263F0E7=0 0
unk9263F0E8=1 1
unk92E20068=0 0
unk92E20069=1 1
unk94A1BEF4=50
unk9BE673B2=1
unk9BEB8D04=0
unk9CC89D3D=30
unk9E5C86E8=2 1
unkA6206B09=3 25 3
unkA6D98F6A=color-movequick.tga
unkB00F0921=150
unkB4568CEB=0 0.30000000000000004
unkB4568CEC=1 1
unkBAC8E6F6=0 0.5
unkC9D85C75=0 0.9
unkC9D85C76=1 1.1
unkD16878FF=0 1
unkD1687900=0.5 1
unkD1687901=1 0
unkD318EDB1=0 0
unkD318EDB2=1 360
unkD5253FAD=0 0.9
unkD5253FAE=1 1.1
unkDB74F070=1
unkE0CBC2BD=0 40 0
unkE24AE62A=8
unkE6EA4889=0 0.5
unkE6EA488A=0.2 1
unkE6EA488B=0.7000000000000001 0.5
unkE6EA488C=0.949999988079071 0.10000000149011612
unkE6EA488D=1 0.1
unkEB8BDF0E=0
unkF2372BC1=0 0.4
unkF2372BC2=0.5 1.5
unkF2372BC3=0.7000000000000001 0.8
unkF2372BC4=0.949999988079071 0.4000000059604645
unkF2372BC5=1 0.2
unkF5C0BD13=5 25 5
