[SmokeDrag3]
f-drag=3.5
f-pos=0 0 0
f-radius=1000

[System]
GroupPart1=stink
GroupPart1Importance=High
GroupPart1Type=Simple
SimulateEveryFrame=1

[stink]
e-life=-1
e-local-orient=0
e-rate=34
e-rotation1=360
e-rotation1-axis=1 0 0
e-rotation1P1=0 0
e-rotation1P2=1 1
e-rotation2=360
e-rotation2-axis=0 1 0
e-rotation2P1=0 0
e-rotation2P2=1 1
field-drag-1=SmokeDrag3
p-bindtoemitter=1 0
p-colorscale=1 0.7000000000000001
p-colortype=1 0
p-life=2
p-lifeP1=0 0.75
p-lifeP2=0.800000011920929 0.75
p-lifeP3=1 1
p-offset=23 28 23
p-postoffset=0 15 -10
p-quadrot=1
p-quadrotP1=0 0
p-quadrotP2=1 360
p-rgba=color-smoke32_garbage_03.tga
p-rotvel=1
p-rotvelP1=0 -40
p-rotvelP2=1 40
p-scale=85
p-scaleP1=0 0.8
p-scaleP2=1 1.4000000000000001
p-texture=Twitch_Base_Q_Smoke.dds
p-type=0
p-uvscroll-no-alpha=1
p-uvscroll-rgb=0.5 0.5
p-uvscroll-rgbXP1=0 0
p-uvscroll-rgbXP2=1 1
p-uvscroll-rgbYP1=0 0
p-uvscroll-rgbYP2=1 1
p-vel=10 10 10
p-velYP1=0 0.35
p-velYP2=1 1.1
p-xscale=1
p-xscale1=0 0.5
p-xscale2=0.5 0.75
p-xscale3=1 1
rendermode=4

[UNKNOWN_HASHES]
unk3338EECF=10000
unk551330D7=0 600 0
unk56BE19D4=0 0 0
unk5EFF3708=1000
unk6876CB5D=0 1 0
unk8E3A18C9=10000
unk90F9BDF5=0 1 0
unk9CF498B2=70
unkB9785392=1000
unkC4690725=0
unkF3A66671=0.7000000000000001
unkFCEC3B38=2
