[System]
GroupPart1=smoke_green
GroupPart1Importance=High
GroupPart5=shadow_spotlight
GroupPart5Type=Simple
SimulateEveryFrame=1

[shadow_spotlight]
e-life=3
e-linger=1
e-rate=2
p-bindtoemitter=1 1
p-life=3
p-linger=1
p-rgba=alpha_12.tga
p-scale=200
p-simpleorient=2
p-texture=Twitch_Base_Q_Cas_Dots.dds
p-type=0
p-xscale=1
p-xscale1=0 0
p-xscale2=1 2
pass=1
rendermode=2
single-particle=1

[smoke_green]
e-life=1
e-linger=0
e-rate=6
e-rotation1=1
e-rotation1P1=0 0
e-rotation1P2=1 360
p-bindtoemitter=1 1
p-drag=1 3 1
p-life=1
p-linger=1
p-numframes=8
p-offset=30 1 0
p-offsetXP1=0 1
p-offsetXP2=1 -1
p-offsetYP1=0 -10
p-offsetYP2=1 20
p-orbitvel=-0.15 1 0.15
p-orbitvelXP1=0 -1
p-orbitvelXP2=1 1
p-postoffset=0 0 0
p-quadrot=1 1 1
p-quadrotXP1=0 1
p-quadrotXP2=1 360
p-quadrotYP1=0 1
p-quadrotYP2=1 360
p-quadrotZP1=0 1
p-quadrotZP2=1 360
p-randomstartframe=1
p-rotvel=0 1120 0
p-rotvelYP1=0 -1
p-rotvelYP2=1 1
p-scale=45 50 45
p-startframe=1
p-texdiv=4 2
p-texture=Twitch_Base_Z_Poison_Smoke.dds
p-type=0
p-vel=0 340 0
p-velXP1=0 0.6000000000000001
p-velXP2=1 2.25
p-worldaccel=0 0 60
p-xrgba=1 1 1 1
p-xrgba1=0 1 1 1 0
p-xrgba2=0.1 1 1 1 1
p-xrgba3=0.5 1 1 0.75 0.5
p-xrgba4=1 0.2 1 0 0
p-xscale=1 1 1
p-xscale1=0 1 1 1
p-xscale2=1 3 3 3
pass=100
rendermode=1

[UNKNOWN_HASHES]
unk01BBB1D9=1 1
unk02D480FD=1
unk02F159E2=0 1
unk02F159E3=0.6000000000000001 1
unk02F159E4=1 0
unk069AC895=1
unk069AC896=1
unk0D53B482=1 1
unk0EAA07F0=1
unk13CF0E16=Twitch_Base_Q_Bamf_Swirl_Mult.dds
unk1481BAA6=Twitch_Base_Q_Bamf_Swirl.dds
unk1AA82FDB=1 0.25
unk1AC1DA3B=0.5
unk1C66E1F3=0 0.5
unk1C66E1F4=1 1
unk1E0E56D5=200
unk1ECA7D49=distort-heat.dds
unk1F85E9D6=0 0
unk1F85E9D7=1 40
unk2003F957=0 0
unk2003F958=1 360
unk26B5FCC8=color-hold.dds
unk26FA676B=1
unk2DDD3A2D=3
unk2E08461F=5
unk2F16F076=1
unk2FE53305=100
unk37577DAC=0 0
unk37577DAD=1 360
unk38C01B37=2 2 2
unk391593FA=0
unk3AA67188=0.2
unk3B459DE1=twitch_base_bamf_swirl.scb
unk3BF6F199=0 1
unk3BF6F19A=1 3
unk3C75011A=0 1
unk3C75011B=1 3
unk3CC680C9=0 0.8
unk3CC680CA=1 1
unk438AE7BD=1
unk444876E3=HeatAccel
unk46279D34=0
unk492E8BF9=1 1 1 1
unk4D68961A=0 0.2
unk4D68961B=0.8999999761581421 0.25
unk4D68961C=1 0.4
unk4E477AFC=0 60 0
unk4EBDF3E1=0 1
unk53C00CB0=4
unk560EA1AD=0
unk5A387103=0 0
unk5AD5FBF9=1 0 0
unk5C8B3083=1 1
unk5D99EE3E=0 0
unk5D99EE3F=1 360
unk60DB9F6F=4
unk60F7DE47=0 50 0
unk65A65D36=2 2 2
unk6770ED41=0
unk6A88DFF2=FlameAttract
unk71025D38=0 1 0
unk71282A0F=1
unk7614CDF8=1 1 1 1
unk7B1A8827=Twitch_Base_Q_Bamf_Swirl.dds
unk7CE856D9=1
unk7E6694C1=0
unk7EB9269E=Twitch_Base_Q_Cas_Dots.dds
unk802937F6=1
unk83C64B85=1
unk846893B7=80
unk862A9A57=Twitch_Base_Q_Bamf_Swirl_Mult.dds
unk889B72C6=5 10 0
unk89002924=-1
unk8A7E07A7=100
unk8ACB886E=3
unk8E6D7278=0 1 1 1 0
unk8E6D7279=0.3 1 1 1 1
unk8E6D727A=0.6 1 1 1 1
unk8E6D727B=1 1 1 1 0
unk94D00ADC=1 0.25
unk955F1935=0
unk9B12D299=2
unk9C469508=15
unk9CC5F545=0 1 0
unk9E2B8451=0 150 0
unkA453DEF9=0 0 0
unkAA3F66A0=80 120 0
unkAAEE300C=0 1
unkAAEE300D=1 2
unkB1BBB9AF=1
unkB2967280=1
unkB4E0487D=30 -60 0
unkB61A2B02=0
unkBC96CD37=1
unkBDB2C2BE=1
unkBDD38BFA=0.5
unkC0CD956B=1
unkC1198022=0 1
unkC29038A0=1
unkC6C2DFA1=HeatDrag
unkC87586EF=1
unkCB027370=80 10 0
unkD119F7DE=5
unkD3780186=0 50 0
unkD5E4C88D=11.449999809265137
unkD92C287B=FlameOrbit
unkD9ED212F=0.75
unkDC17F251=1
unkDD16B039=0 1 1 1 0
unkDD16B03A=0.3 1 1 1 1
unkDD16B03B=0.6 1 1 1 1
unkDD16B03C=1 1 1 1 0
unkDE574FA0=twitch_base_bamf_swirl.scb
unkE2FAA3D5=0
unkE604F37A=1
unkE9047EE8=100
unkF015E5A7=color-distortbell32.dds
unkF2FD1CBA=0 0 0
unkF622A903=0.8 0
unkF909D757=0
unkF94B5F5E=4
unkFD962906=0 10 0
unkFF30E027=100
