[Motes_Skin04]
e-life=0.7000000000000001
e-rate=4
field-noise-1=moteNoise
p-colorscale=0.5 0.5
p-colortype=1 3
p-drag=3 3 3
p-life=1
p-lifeP1=0 0.5
p-lifeP2=1 1.5
p-rgba=Karma_Skin04_Q_color_09.dds
p-scale=13 20 10
p-scaleXP1=0 0.6
p-scaleXP2=1 2
p-texture=Nidalee_Glowspecks.dds
p-vec-velocity-scale=0.009999999776482582
p-vecalign=1
p-vel=100 100 140
p-velXP1=0 -1
p-velXP2=1 1
p-velYP1=0 -1
p-velYP2=1 1
p-velZP1=0 0.3
p-velZP2=1 1
p-xrgba=0.9254900217056274 0.7254899740219116 1 1
p-xrgba1=0 1 1 1 1
p-xrgba2=0.6 0.772549 0.392157 0.8 1
p-xrgba3=0.8 0 0.4 0 0
p-xscale=1 1 1
p-xscale1=0 0 0 0
p-xscale2=0.2 1 1 1
p-xscale3=1 0.5 0.5 0.5
rendermode=4
single-particle=1
uniformscale=1

[System]
GroupPart1=flash_Skin04
GroupPart1Importance=High
GroupPart1Type=Simple
GroupPart2=Motes_Skin04
GroupPart2Importance=High
SimulateEveryFrame=1

[flash_Skin04]
e-life=0.41999998688697815
e-local-orient=0
e-rate=2
p-life=0.18000000715255737
p-postoffset=0 20 0
p-quadrot=45
p-rgba=alpha_02.tga
p-rotvel=0
p-scale=150
p-simpleorient=2
p-texture=Karma_Skin04_Q_flash_01.dds
p-xquadrot=0
p-xscale=1
p-xscale1=0 1 1 1
p-xscale2=0.5 0.5 0.5 0.5
p-xscale3=1 0 0 0

[moteNoise]
f-period=0.1
f-radius=1000
f-veldelta=20

[UNKNOWN_HASHES]
unk47E8E525=0 0 0
