[Dark]
e-life=1.350000023841858
e-rate=32
e-tilesize=0 120 0
e-tilesizeYP1=0 2.5
e-tilesizeYP2=1 3.5
e-uvoffset=1 0
e-uvoffsetXP1=0 0
e-uvoffsetXP2=1 1
p-bindtoemitter=1 0
p-colortype=1 3
p-life=1
p-lifeP1=0 0.2
p-lifeP2=1 1
p-linger=0
p-numframes=4
p-quadrot=90 0 0
p-randomstartframe=1
p-rgba=alpha_20.tga
p-scale=30 1 1
p-scaleXP1=0 1
p-scaleXP2=1 1.5
p-texdiv=2 2
p-texture=DarkSov_Force2.dds
p-type=6
p-uvscroll-rgb=0.8 0
p-uvscroll-rgbXP1=0 0.75
p-uvscroll-rgbXP2=1 1.5
p-xrgba=0 0 0 0.5
rendermode=1

[System]
GroupPart1=bright
GroupPart2=Dark
SimulateEveryFrame=1

[bright]
e-life=1.8
e-rate=4
e-rate1=0 1
e-rate2=0.5 1
e-rate3=1 15
e-rgba=255 255 255 255
e-rgba1=0 1 1 1 0.5
e-rgba2=0.7 0.55 0.7 1 0.75
e-rgba3=1 1 0 0 0.5
e-tilesize=0 120 0
e-tilesizeYP1=0 2.5
e-tilesizeYP2=1 3.5
e-uvoffset=1 0
e-uvoffsetXP1=0 0
e-uvoffsetXP2=1 1
p-bindtoemitter=1 0
p-colortype=1 3
p-life=1.3
p-life1=0 1
p-life2=1 0.30000000000000004
p-lifeP1=0 0.7
p-lifeP2=1 1
p-linger=0.30000000000000004
p-numframes=4
p-quadrot=90 0 0
p-randomstartframe=1
p-rgba=color-hold.tga
p-scale=200 1 1
p-scale1=0 0.8 1 1
p-scale2=0.6499999761581421 0.20000000298023224 1 1
p-scale3=0.8999999761581421 0.05000000074505806 1 1
p-scaleXP1=0 -1
p-scaleXP2=0.5 -0.699999988079071
p-scaleXP3=0.5000100135803223 0.699999988079071
p-scaleXP4=1 1
p-texture=karma_spiritbeam.dds
p-type=6
p-uvscroll-rgb=0.3 0
p-uvscroll-rgbXP1=0 -1
p-uvscroll-rgbXP2=1 1
p-xrgba=1 1 1 1
p-xrgba1=0 1 1 1 1
p-xrgba2=0.2 1 0.35 0.65 1
p-xrgba3=0.7 1 0.35 0.65 0.45
p-xrgba4=1 1 0.15 0.25 0
p-xscale=1 1 1
p-xscale1=0 0.1 1 1
p-xscale2=1 5 1 1
pass=10
rendermode=4

