[Flare]
e-disabled=1
e-life=1
e-rate=2
flag-disable-z=1
p-bindtoemitter=1 1
p-flexoffset=0.004999999888241291
p-life=0.30000000000000004
p-linger=0
p-quadrot=1 0 0
p-quadrotXP1=0 1
p-quadrotXP2=1 360
p-rgba=color-poison_fade.tga
p-rotvel=0 400 0
p-scale=90 90 0
p-texture=glowflare.dds
p-type=1
p-xscale=1 1 1
p-xscale1=0 0 0 0
p-xscale2=0.30000000000000004 0.7000000000000001 0.7000000000000001 0.7000000000000001
p-xscale3=1 1 1 1
single-particle=1

[Flash]
e-disabled=1
e-life=1
e-rate=1
flag-disable-z=1
p-bindtoemitter=1 1
p-flexoffset=0.004999999888241291
p-life=0.15000000596046448
p-linger=0
p-quadrot=-90 0 0
p-rgba=color-hold.tga
p-rotvel=0 400 0
p-scale=250 250 0
p-texture=flare-sun_15.dds
p-type=1
p-xscale=1 1 1
p-xscale1=0 0 0 0
p-xscale2=0.2 1 1 1
p-xscale3=1 0 0 0
single-particle=1

[Motes]
KeywordsExcluded=KarmaLunar Skin04
e-rate=3
field-noise-1=moteNoise
p-bindtoemitter=1 0
p-colorscale=0.5 0.5
p-colortype=1 3
p-drag=3 3 3
p-life=2
p-lifeP1=0 0.5
p-lifeP2=0.9 1.5
p-lifeP3=1 3
p-offset=10 0 0
p-rgba=color-flicker_teal.tga
p-scale=13 20 10
p-scaleXP1=0 0.4
p-scaleXP2=1 1.5
p-texture=Nidalee_Glowspecks.dds
p-vecalign=1
p-vel=10 10 10
p-velXP1=0 -1
p-velXP2=1 1
p-velYP1=0 -1
p-velYP2=1 1
p-velZP1=0 0.3
p-velZP2=1 1
p-xrgba=1 1 1 1
p-xrgba1=0 1 1 1 1
p-xrgba2=0.6 0 0.8 0.5 1
p-xrgba3=0.8 0 0.4 0 0
p-xscale=1 1 1
p-xscale1=0 0 0 0
p-xscale2=0.2 1 1 1
p-xscale3=1 0.5 0.5 0.5
rendermode=4
uniformscale=1

[Motes_Skin04]
KeywordsRequired=KarmaSkin04
e-rate=3
field-noise-1=moteNoise
p-bindtoemitter=1 0
p-colorscale=0.5 0.5
p-colortype=1 3
p-drag=3 3 3
p-life=2
p-lifeP1=0 0.5
p-lifeP2=0.9 1.5
p-lifeP3=1 3
p-offset=10 0 0
p-rgba=Karma_Skin04_idle_glow.tga
p-scale=14 22 11
p-scaleXP1=0 0.4
p-scaleXP2=1 1.5
p-texture=Nidalee_Glowspecks.dds
p-vecalign=1
p-vel=10 10 10
p-velXP1=0 -1
p-velXP2=1 1
p-velYP1=0 -1
p-velYP2=1 1
p-velZP1=0 0.3
p-velZP2=1 1
p-xrgba=1 1 1 1
p-xrgba1=0 1 1 1 1
p-xrgba2=1 0.709804 0.843137 1 1
p-xscale=1 1 1
p-xscale1=0 0 0 0
p-xscale2=0.2 1 1 1
p-xscale3=1 0.5 0.5 0.5
rendermode=4
uniformscale=1

[Motes_lunar]
KeywordsRequired=KarmaLunar
e-rate=3
field-noise-1=moteNoise
p-bindtoemitter=1 0
p-colorscale=0.5 0.5
p-colortype=1 3
p-drag=3 3 3
p-life=2
p-lifeP1=0 0.5
p-lifeP2=0.9 1.5
p-lifeP3=1 3
p-offset=10 0 0
p-rgba=color-flicker_purp.tga
p-scale=14 22 11
p-scaleXP1=0 0.4
p-scaleXP2=1 1.5
p-texture=Nidalee_Glowspecks.dds
p-vecalign=1
p-vel=10 10 10
p-velXP1=0 -1
p-velXP2=1 1
p-velYP1=0 -1
p-velYP2=1 1
p-velZP1=0 0.3
p-velZP2=1 1
p-xrgba=0.8 0.6000000000000001 1 1
p-xrgba1=0 1 1 1 1
p-xrgba2=1 0.2 0 0.4 1
p-xscale=1 1 1
p-xscale1=0 0 0 0
p-xscale2=0.2 1 1 1
p-xscale3=1 0.5 0.5 0.5
rendermode=4
uniformscale=1

[System]
GroupPart1=glow
GroupPart1Importance=High
GroupPart1Type=Simple
GroupPart2=Motes
GroupPart3=glow_lunar
GroupPart3Importance=High
GroupPart3Type=Simple
GroupPart4=Motes_lunar
GroupPart5=Flare
GroupPart6=glow_Skin04
GroupPart7=Motes_Skin04
GroupPart8=Flash
SimulateEveryFrame=1

[glow]
KeywordsExcluded=KarmaLunar
e-rate=1
flag-disable-z=1
p-bindtoemitter=1 1
p-flexoffset=0.004999999888241291
p-life=1
p-linger=0
p-quadrot=1
p-quadrotP1=0 1
p-quadrotP2=1 360
p-rgba=color-karma_idle.tga
p-rotvel=0
p-scale=50
p-texture=glow-soft.dds
p-type=1
p-xquadrot=0
p-xscale=1

[glow_Skin04]
KeywordsRequired=KarmaSkin04
e-disabled=1
e-rate=1
flag-disable-z=1
p-bindtoemitter=1 1
p-flexoffset=0.004999999888241291
p-life=1
p-linger=0
p-quadrot=1 0 0
p-quadrotXP1=0 1
p-quadrotXP2=1 360
p-rgba=Karma_Skin04_idle_glow.tga
p-scale=55 55 0
p-texture=glow-soft.dds
p-type=1

[glow_lunar]
KeywordsRequired=KarmaLunar
e-rate=1
flag-disable-z=1
p-bindtoemitter=1 1
p-flexoffset=0.004999999888241291
p-life=1
p-linger=0
p-quadrot=1
p-quadrotP1=0 1
p-quadrotP2=1 360
p-rgba=color-Karma_Idle_purp.tga
p-rotvel=0
p-scale=55
p-texture=glow-soft.dds
p-type=1
p-xquadrot=0
p-xscale=1

[moteNoise]
f-period=0.1
f-radius=1000
f-veldelta=20

[UNKNOWN_HASHES]
unk2D6ABB85=0 0 0
unk47E8E525=0 0 0
unk6F1DC26E=0 0 0
