[Flare]
e-life=1
e-local-orient=0
e-rate=2
p-flexoffset=0.004999999888241291
p-flexscale=0.004999999888241291
p-life=0.2
p-linger=0
p-quadrot=90 1 0
p-quadrotYP1=0 0
p-quadrotYP2=1 360
p-rgba=Karma_Skin04_Q_color_07.dds
p-scale=250 250 0
p-texture=karma_blastwave.dds
p-type=1
p-xscale=1 1 1
p-xscale1=0 0 0 0
p-xscale2=0.30000000000000004 0.7000000000000001 0.7000000000000001 0.7000000000000001
p-xscale3=1 1 1 1
single-particle=1

[Flash]
e-life=1
e-local-orient=0
e-rate=1
p-bindtoemitter=1 1
p-flexoffset=0.004999999888241291
p-life=0.15000000596046448
p-linger=0
p-quadrot=-90 0 0
p-rgba=color-hold.tga
p-rotvel=0 400 0
p-scale=350 350 0
p-texture=Karma_Skin04_Q_flash_01.dds
p-type=1
p-xscale=1 1 1
p-xscale1=0 0 0 0
p-xscale2=0.2 1 1 1
p-xscale3=1 0 0 0
single-particle=1

[Shockwave]
e-life=1
e-local-orient=0
e-rate=3
p-flexoffset=0.004999999888241291
p-flexscale=0.004999999888241291
p-life=0.25
p-linger=0
p-quadrot=90 1 0
p-quadrotYP1=0 0
p-quadrotYP2=1 360
p-rgba=Karma_Skin04_Q_color_07.dds
p-scale=120 120 0
p-texture=shockwave_simple_01.dds
p-type=1
p-xscale=1 1 1
p-xscale1=0 0 0 0
p-xscale2=0.30000000000000004 0.7000000000000001 0.7000000000000001 0.7000000000000001
p-xscale3=1 1 1 1
single-particle=1

[System]
GroupPart1=damage_ring
GroupPart2=Flash
GroupPart3=Flare
GroupPart4=glow
GroupPart4Type=Simple
GroupPart5=Shockwave
SimulateEveryFrame=1

[damage_ring]
KeywordsExcluded=KarmaLunar
e-life=1
e-local-orient=0
e-rate=2
p-bindtoemitter=1 1
p-flexoffset=0.004999999888241291
p-life=0.3499999940395355
p-linger=0
p-quadrot=-90 0 0
p-rgba=color-rampdown.tga
p-rotvel=0 500 0
p-scale=150 150 0
p-texture=karma_e_shieldring.dds
p-type=1
p-xrgba=1 1 1 1
p-xrgba1=0 1 0.654902 0.654902 1
p-xrgba2=0.75 1 0 0 1
p-xrgba3=1 0 1 0.6 0
single-particle=1

[glow]
e-life=1
e-local-orient=0
e-rate=3
p-bindtoemitter=1 1
p-life=0.2
p-linger=2.5
p-quadrot=0
p-rgba=Karma_Skin04_Q_color_02.dds
p-rotvel=0
p-scale=150
p-simpleorient=2
p-texture=glow-soft.dds
p-xquadrot=0
p-xscale=1
single-particle=1

[UNKNOWN_HASHES]
unk1D06CFEB=0.1
unk892A03E5=50
unkAE54AD7C=1000
