[Rings]
e-life=0.2
e-rate=10
p-drag=3 3 3
p-life=0.30000000000000004
p-lifeP1=0 0.8
p-lifeP2=1 1
p-linger=2
p-quadrot=90 90 0
p-rgba=color-rampdown.tga
p-scale=30 30 50
p-texture=karma_shockwave_01.tga
p-type=1
p-vel=0 230 0
p-velZP1=0 -1
p-velZP2=1 1
p-xrgba=1 1 1 1
p-xrgba1=0 0.847059 0.494118 0.843137 0.721569
p-xrgba2=1 0.286275 0.039216 0.294118 0.74902
p-xscale=1 1 1
p-xscale1=0 0.1 0.1 0.1
p-xscale2=0.7000000000000001 1 1 1

[Spiritbolt]
KeywordsExcluded=KarmaLunar
e-life=1
e-rate=220
e-rotation1=1
e-rotation1-axis=0 1 0
e-rotation1P1=0 0
e-rotation1P2=1 360
p-bindtoemitter=0.5 0
p-colortype=1 3
p-drag=2 2 2
p-dragYP1=0 0.1
p-dragYP2=1 1
p-life=0.25
p-lifeP1=0 0.5
p-lifeP2=0.9 1
p-lifeP3=0.9000999927520752 2
p-linger=0
p-numframes=16
p-offset=1 30 0
p-orbitvel=0 4 0
p-orbitvelYP1=0 -1
p-orbitvelYP2=1 1
p-randomstartframe=1
p-rgba=color-hold.tga
p-rotvel=300 0 0
p-rotvelXP1=0 -1
p-rotvelXP2=1 1
p-scale=50 50 12
p-scaleXP1=0 0.4
p-scaleXP2=1 1
p-texdiv=4 4
p-texture=soulflames.tga
p-uvscroll-rgb=0.2 0.2
p-uvscroll-rgbXP1=0 -1
p-uvscroll-rgbXP2=0.5 -0.5
p-uvscroll-rgbXP3=0.5000100135803223 0.5
p-uvscroll-rgbXP4=1 1
p-uvscroll-rgbYP1=0 -1
p-uvscroll-rgbYP2=0.5 -0.5
p-uvscroll-rgbYP3=0.5000100135803223 0.5
p-uvscroll-rgbYP4=1 1
p-vel=10 -150 0
p-velXP1=0 -1
p-velXP2=1 1
p-velYP1=0 0.4
p-velYP2=1 1
p-xrgba=0.9176470041275024 0.5019609928131104 1 1
p-xrgba1=0 0.964706 0.560784 1 1
p-xrgba2=0.7 0.94902 0.733333 1 1
p-xrgba3=1 0 0 0 0
p-xscale=1 1 1
p-xscale1=0 0.2 0.2 0.2
p-xscale2=0.2 1 1 1
p-xscale3=1 0.30000000000000004 0.30000000000000004 0.30000000000000004
pass=1
rendermode=4
uniformscale=1

[Streaks]
KeywordsExcluded=KarmaLunar
e-life=0.5
e-rate=200
p-colortype=1 3
p-life=0.30000000000000004
p-linger=1
p-local-orient=1
p-quadrot=0 0 90
p-rgba=color-rampdown.tga
p-scale=60 35 0
p-texture=Karma_basic_projectile.tga
p-type=1
p-vel=0 100 0
p-xrgba=0.992156982421875 0.6549019813537598 1 1
p-xrgba1=0 0.494118 0.333333 0.482353 1
p-xrgba2=0.2 0.513725 0.337255 0.301961 1
pass=500

[System]
GroupPart1=Spiritbolt
GroupPart2=Rings
GroupPart3=Streaks
GroupPart4=mist
SimulateEveryFrame=1

[UNKNOWN_HASHES]
unk1D06CFEB=0.2
unk892A03E5=80
unkAE54AD7C=1000
unkFD0E9207=1
