[Groundglow]
e-life=0.8
e-local-orient=0
e-rate=5
p-bindtoemitter=1 0
p-life=1
p-lifeP1=0 0.8
p-lifeP2=1 1
p-linger=1
p-offset=0 10 0
p-quadrot=90 1 0
p-quadrotYP1=0 1
p-quadrotYP2=1 360
p-rgba=color-bellcurve.tga
p-scale=200 200 0
p-texture=karma_blastwave.dds
p-type=1
p-xrgba=1 1 1 0.6440070271492004
p-xrgba1=0 1 1 1 1
p-xrgba2=0.2 0.901961 0.698039 1 1
p-xrgba3=0.7 0.827451 0.34902 0.870588 1
p-xrgba4=1 0 0 0 0
p-xscale=1 1 1
p-xscale1=0 0.3 0.3 0.3
p-xscale2=0.5 0.7000000000000001 0.7000000000000001 0.7000000000000001
p-xscale3=1 1 1 1

[Helix]
e-life=0.2
e-rate=2
p-backfaceon=1
p-bindtoemitter=1 0
p-colortype=1 1
p-flexoffset=0.004999999888241291
p-flexscale=0.004999999888241291
p-life=1.5
p-mesh=tapered_helix_02.sco
p-meshtex=Karma_Skin04_Q_bolt_03.dds
p-numframes=4
p-offset=0 100 0
p-quadrot=0 0 90
p-quadrotXP1=0 0.9
p-quadrotXP2=1 1.1
p-quadrotYP1=0 1
p-quadrotYP2=1 360
p-randomstartframe=1
p-rgba=color-hold.tga
p-rotvel=0 -600 0
p-scale=-15 25 25
p-scaleXP1=0 1.2
p-scaleXP2=1 1.6
p-texdiv=2 2
p-type=3
p-xrgba=1 0.784314 0 1
p-xrgba1=0 1 0.85098 0.090196 1
p-xrgba2=0.1 0.968627 0.729412 0.12549 1
p-xrgba3=1 0 0.7 0.3 0
p-xscale=1 1 1
p-xscale1=0 1 1 1
p-xscale2=0.2 0.5 0.7000000000000001 0.7000000000000001
p-xscale3=1 0.2 0.6000000000000001 0.6000000000000001
pass=1
single-particle=1

[RootRing2]
e-life=1
e-local-orient=0
e-rate=3
p-flexoffset=0.004999999888241291
p-flexscale=0.004999999888241291
p-life=1.2000000000000002
p-linger=1
p-offset=0 10 0
p-quadrot=-90 0 0
p-rgba=color-hold.tga
p-scale=110 110 0
p-texture=shockwave_simple_01.dds
p-type=1
p-xrgba=0.7254899740219116 0.2627449929714203 0.8156859874725342 1
p-xrgba1=0 1 1 1 1
p-xrgba2=0.2 1 1 1 1
p-xrgba3=0.6 0.760784 0.443137 0.737255 1
p-xrgba4=1 0 0 0 0
p-xscale=1 1 1
p-xscale1=0 1 1 1
p-xscale2=0.2 0.8 0.8 0.8
p-xscale3=0.4 0.7000000000000001 0.7000000000000001 0.7000000000000001
single-particle=1

[System]
GroupPart1=flash
GroupPart1Type=Simple
GroupPart2=Groundglow
GroupPart3=RootRing2
GroupPart4=Helix
SimulateEveryFrame=1
group-scale-cap=-1

[flash]
e-life=1
e-rate=1
flag-disable-z=1
p-bindtoemitter=1 0
p-life=0.15000000596046448
p-linger=0
p-offset=0 5 0
p-rgba=color-hold.tga
p-scale=370
p-texture=Karma_Skin04_Q_flash_01.dds
p-xscale=1
p-xscale1=0 0 0 0
p-xscale2=0.2 1 1 1
p-xscale3=1 0 0 0
single-particle=1

