[UNKNOWN_HASHES]
unk00954C72=0 0 0
unk01E160B9=0 0
unk01E160BA=1 0
unk02AD8E31=0.35
unk0411E554=0 0 0
unk04CF60B9=0
unk0D5C5BA2=1
unk0D8557C5=cast_star_01.tga
unk0E12D174=0 0.75
unk0E12D175=1 1.2000000000000002
unk0EC5607C=0.25
unk14BDE555=4
unk16A126F0=0 0 1
unk18D652A9=color-Darkmissile.tga
unk1C0B6DB8=0
unk1C7240F8=0
unk1CC11EC7=0 0 0
unk1CD844F4=0.35
unk1DCE10ED=0
unk200B6132=60
unk20736CCC=0 0.5
unk220BCC60=1
unk247DA888=0 300 0
unk27813C7F=1 1
unk287AA54A=1
unk28F0173F=0.25
unk2CCD882F=0 1 0
unk2D7B8E71=0 0 0
unk2E03757B=0
unk3264A8C1=0 0.1
unk3264A8C2=1 1.25
unk331BD673=0 0 0
unk33C99B42=0
unk369A83BC=0 0
unk369A83BD=1 0
unk3B8A504C=0 0
unk3C368323=1
unk4053BCC3=cast_star_01.tga
unk43C38CC8=1
unk46963046=0 0 0
unk481341FC=1
unk494CBAAA=1
unk4A48E845=0
unk4C0B8B7A=0
unk4EB6216B=0 0.3
unk4EB6216C=1 1
unk504A2781=0 0.5
unk50937493=0 230 0
unk51E4F146=Disintegrate06.tga
unk52BB2315=0 0 0
unk5415CDB5=0
unk5A61D070=0 0 0
unk5ABCE63B=0
unk5BD1B42A=0 0.3
unk5BD1B42B=1 1
unk5D81B1F1=0
unk62FBA872=0.35
unk64CC60D7=1
unk67FECBDF=2 3
unk68ED46E9=0 0.3
unk68ED46EA=1 1
unk6F137ABD=0.25
unk706B41C5=0 0 0
unk70AB0D00=5
unk759A003C=1 0.5
unk76B8B880=1 1
unk798AC5A6=0.35
unk7B0918AE=0
unk8259E6A1=1
unk830B0E79=0
unk836FBDE6=1 3
unk85A297F1=0.2
unk882B58DE=1
unk882B58DF=1
unk8F4D98D4=2 3
unk8FB38A1E=color-Darkmissile.tga
unk9430BEB3=1 3
unk97B2D967=0 1
unk97B2D968=0.25 0.5
unk97B2D969=1 0
unk98E903D5=150
unk98F22606=0
unk9AB4C93B=0
unk9AF19ABB=0 0
unk9AF19ABC=1 0
unk9E842D60=4
unkA16460D6=0 0 0
unkA5173567=1
unkA649BE81=0
unkA6EC8A44=Disintegrate06.tga
unkA75CE5C6=0
unkAACF5466=0
unkAB017C3E=0 0 0
unkABFA3F28=1
unkB61F1909=1
unkB90B3876=0 0.75
unkB90B3877=1 1.2000000000000002
unkBD8B1361=2 3
unkBFE9F6B3=0.35
unkC1497803=0
unkC63EDD34=60
unkC6FED948=0 0 0
unkC8A03487=1
unkCB3E6191=Disintegrate02.tga
unkCB8785BE=1 0.5
unkCC01C8FE=0.25
unkCD3D097A=0
unkCE697DBA=0 0
unkCE697DBB=1 0
unkD0C50081=1 1
unkD5F50DA8=0 0.3
unkD5F50DA9=1 1
unkD612BB2B=color-Darkmissile.tga
unkD642C5B4=0
unkD849C07E=1 1
unkDDDC15C0=0
unkDF2A7E87=0 0
unkDF2A7E88=1 0
unkDF4834E2=1
unkE35E5873=0
unkE5C0E59F=0 0
unkE5C0E5A0=1 120
unkE63EF520=0 0
unkE63EF521=1 360
unkE83CC2FC=0
unkE9A3DBFA=0
unkEBA0C3E8=1 3
unkEBD3B831=1 0.5
unkF079EB32=0
unkF3251F33=100
unkF471B2E2=4
unkF4BCA0C3=0
unkF67F43F8=0
unkF8C56735=100
unkFAA37CE9=1
unkFB40027F=0 0.5
unkFB9FAA84=0
unkFC9B5AD5=1
unkFD2EDB93=0 0 0
unkFD624DB9=0
