[Distortion]
e-life=1
e-linger=1
e-rate=1
p-bindtoemitter=1 1
p-distortion-mode=2
p-distortion-power=0.09
p-life=1
p-linger=1
p-normal-map=Diana_Skin01_W_Distortion_Map.tga
p-postoffset=0 100 0
p-rgba=Diana_Skin01_W_Distortion_RGBA.tga
p-scale=220
p-texture=Diana_Skin01_W_Distortion.tga
p-type=0
p-xscale1=0 0
p-xscale2=1 3
pass=100
rendermode=1
single-particle=1

[System]
GroupPart1=Distortion
GroupPart1Type=Simple
GroupPart2=Energy_Valkyrie
GroupPart3=Dust_Valkyrie
GroupPart3Type=Simple
SimulateEveryFrame=1

[UNKNOWN_HASHES]
unk07876CE8=0 30 0
unk0A8D5696=0 0.5
unk0A8D5697=1 1
unk0CD0BBFD=1000
unk107A25A1=0 0.1
unk128FBE67=0
unk15293C8D=4
unk1707B8EB=80 100 0
unk1787590C=2
unk24726637=1 1
unk279F42AA=0 1
unk279F42AB=1 1.4000000000000001
unk2C06E7A9=2 2
unk2FE5FB40=0 0.3 1 0
unk2FE5FB41=0.3 1 1.8 0
unk2FE5FB42=1 1 5 0
unk33EE18BB=0 -1
unk33EE18BC=1 1
unk346C283C=0 0.1
unk346C283D=1 1
unk34EA37BD=0 -1
unk34EA37BE=1 1
unk3B001849=0 0
unk3B00184A=1 360
unk455FBD3C=0 0.5
unk455FBD3D=1 1.2000000000000002
unk4CA488BB=2
unk510F926D=0 0
unk5A30FAA3=0
unk5BF39DD8=0.6
unk5D464EE9=1
unk5F3C9555=140
unk6465D8A8=50 100 0
unk652D6EFB=0.8
unk65B06C33=1
unk71454146=1
unk71B5D208=1 3
unk74E8D811=0.6
unk7B563373=Diana_Skin01_Z_Rampdown_Green_RGB.tga
unk7BFA9512=0 0
unk7BFA9513=1 1
unk7DA98BC5=0 1 0
unk7F85939B=1
unk8100AA5C=0.3
unk82E87A1C=1 1
unk848BAD2A=100
unk85B00151=0
unk87CC4C31=0 1 0
unk88D6010A=0 0
unk88D6010B=1 360
unk8AA71BD1=0
unk8B119C89=Diana_Skin01_Z_Rampdown_Purple_RGB.tga
unk8FF839C9=1
unk94471640=100
unk9BFD9F9E=1 3
unk9D5E2C60=0 0.4
unk9D5E2C61=1 1
unkA3670F66=Diana_Skin01_BA_Dust.tga
unkA7501DDB=0 1 0
unkA7D96A9F=1.5
unkABADC7FC=Diana_Skin01_Z_EnergyStreak_2x2.tga
unkB58B478E=0 0.5
unkB58B478F=1 1
unkB609570F=0 0.5
unkB6095710=1 1.5
unkB82A1206=1 1
unkB8C4BC8D=0
unkBA875FC2=1
unkBCAF91DC=0 0
unkBCAF91DD=1 360
unkC273052E=0
unkC2F99A92=10 -5 0
unkCFF31768=50 1000 50
unkD0B42383=DustDrag
unkD38825FE=10 20 10
unkD55A56D1=0 -1
unkD55A56D2=1 1
unkD5C79E74=0 0
unkD5C79E75=1 360
unkD5D86652=0 0
unkD5D86653=1 1
unkD65675D3=0 -1
unkD65675D4=1 1
unkE1143F2A=2
unkE14EEF79=1
unkE9F64129=0 0 0
unkEAD37B73=100
unkF10A588F=1
unkF42C12CD=2
