[System]
GroupPart2=flies
GroupPart2Importance=High
GroupPart2Type=Simple
GroupPart3=stink
GroupPart3Importance=High
GroupPart3Type=Simple
GroupPart4=crossbones1
GroupPart4Type=comple

[crossbones1]
e-life=1
e-linger=0
e-local-orient=0
e-rate=1
flag-disable-z=1
p-bindtoemitter=1 1
p-colorscale=1 1
p-colortype=1 0
p-flexoffset=0.0024999999441206455
p-flexscale=0.007000000216066837
p-life=10
p-linger=0
p-mesh=Twitch_Venom_Counter.sco
p-meshtex=Sejuani_Frost_Color.tga
p-offset=0 40 -150
p-quadrot=0 0 0
p-rgba=color-hold.tga
p-scale=60 60 60
p-type=3
p-xscale1=0 2 2 2
p-xscale2=0.05000000074505806 1 1 1
p-xscale3=1 1 1 1
rendermode=1
single-particle=1

[UNKNOWN_HASHES]
unk009F14F3=1000
unk3338EECF=10000
unk33CE5E95=3.5
unk551330D7=0 600 0
unk56BE19D4=0 0 0
unk5EFF3708=1400
unk6876CB5D=0 1 0
unk8E3A18C9=10000
unk9CF498B2=70
unkB9785392=1000
unkBCB6EFB3=0 0 0
unkF3A66671=0.7000000000000001
unkFCEC3B38=2
