[System]
PersistThruDeath=0
SimulateEveryFrame=1

[UNKNOWN_HASHES]
unk06F3281B=90
unk0A188B8A=0
unk0BC7A5BF=1
unk0BDB2EBF=0
unk1186A938=1
unk144D698F=0 0 0
unk16749F2C=flare-Rainbow_blue_02.tga
unk176198DD=1 1 1 1
unk20A37C1E=sejuani_frost_04.tga
unk32E5195D=0
unk34A7BC92=0
unk3C937567=1 1
unk3D19F762=1 1 1
unk45659EA2=0 0
unk45659EA3=1 1
unk46262A15=1
unk46FB7D42=0 30 0
unk51822C78=100
unk59E19E94=0 0 0 0 1
unk59E19E95=1 1 1 1 1
unk5D99FEC3=0.45
unk67642D2E=0 0 0
unk67AAF0F0=alpha_20_09.tga
unk6AC37D8B=0
unk6FC80B15=100
unk70E06AA7=2
unk7E1DC269=Nexus_Gem.sco
unk8139EC56=0 0.5
unk8139EC57=1 -0.5
unk99E3C1FA=1 1
unk9AACD270=0 0 0 0
unk9AACD271=0.5 1 1 1
unk9AACD272=1 0 0 0
unkB028B6CF=0 355 0
unkB91A91A2=0 350 0
unkCDA3ACF6=3
unkCF8333CB=0.5
unkDB9B0616=-1
unkDDF1DED6=0 0.7
unkDDF1DED7=0.30000001192092896 1.850000023841858
unkDDF1DED8=1 0.7
unkE33FAE01=1 1 1
unkE5ABF843=color-smoke32_07.tga
unkEEE171FA=3
unkF2932361=360
unkFD5F5AAE=1.1 1.6 1.1
