[UNKNOWN_HASHES]
unk009BFB29=1
unk00E3B257=color-smoke32.tga
unk0328ADC6=0 0 0
unk06E919DB=1
unk0A192C0E=400
unk0A7760FA=0 1
unk0A7760FB=1 1
unk0B6A82A0=0 0.6000000000000001
unk0B6A82A1=1 1
unk0CD0BBFD=400
unk0CD59CE9=0 0.6000000000000001
unk0CD59CEA=1 1
unk10DBAA29=1.9500000476837158
unk10EF126A=0 -60
unk10EF126B=1 60
unk11D6FB48=0 1
unk11D6FB49=1 1.8
unk150D8292=0 0 0 0
unk150D8293=0.2 1.3
unk150D8294=0.25 1.399999976158142
unk150D8295=1 1.7000000000000002
unk15FD7483=0 1
unk15FD7484=1 8
unk1C9FD289=0
unk1CDC2721=0 0.2
unk1CDC2722=1 1
unk1CF37C74=0.2
unk1D30D757=sand_04.tga
unk1E47416A=0 0.2
unk1E47416B=1 1
unk201A2DF0=150 730 150
unk2430E7DD=28
unk27046EA1=color-smoke32.tga
unk2EE8E75C=0 0
unk2EE8E75D=0.1 1
unk2EE8E75E=1 2
unk2F0E2820=140 0 140
unk3039E858=7
unk338F7059=200 1800 200
unk38B0D5E9=1
unk3970E51E=0 0.5
unk3970E51F=1 1.6
unk3F607520=0 0.35
unk3F607521=1 1.1
unk409BBB16=1
unk4206D55F=1
unk450F6389=1.9500000476837158
unk47A2A451=SmokeDrag
unk47DF2542=2
unk47F310A9=1 0 0
unk4B2C5DC4=0 0
unk4B2C5DC5=1 360
unk4B405020=1
unk4BB23F50=250 830 250
unk4ECCF65C=0 0
unk4ECCF65D=1 360
unk4F2744B4=0 -1
unk4F2744B5=1 1
unk50540A20=0 0.9
unk50540A21=1 1.1
unk512735D4=0.4
unk5153BB60=1.75
unk5682D132=0 0 0 0
unk5682D133=0.2 1.3
unk5682D134=0.25 1.399999976158142
unk5682D135=1 1.7000000000000002
unk56B2714D=0 0
unk56B2714E=1 360
unk5B382801=color-smoke32.tga
unk5D6B8DAB=0.4
unk5E1F71E8=0 0 1
unk5FAEB835=0
unk61B6BEEB=0 -1
unk61B6BEEC=1 1
unk61BC3BD3=60
unk646DA1B8=22
unk66DC6E5D=0
unk677C7FD8=color-smoke32_03.tga
unk6CF3D383=1
unk70B1F98F=20
unk720ED7E5=360
unk720ED7E6=360
unk73BDF307=17
unk73EFA4FC=0 0
unk73EFA4FD=1 360
unk74139E15=1
unk7E75EDB6=0 -7 70
unk80D985C6=43
unk81056853=0 0
unk8238AE1A=0 90 0
unk82A536BB=1
unk84571E87=0 0.5
unk84571E88=1 1.6
unk86CF384D=1
unk90D54F4E=sand_04.tga
unk9203C9A7=1
unk9216493D=20
unk95EFD565=0 0
unk95EFD566=1 360
unk96DA2052=dustdrag
unk98715019=0 0
unk9871501A=1 1
unk98EF5F9A=0 1
unk98EF5F9B=1 6
unk996D6F1B=0 0
unk996D6F1C=1 1
unk9A760477=5 40 5
unk9B475126=0 0
unk9B475127=1 1
unk9BC560A7=0 0
unk9BC560A8=1 1
unk9BE11EC0=20 6 20
unkA002A649=0 0.6000000000000001
unkA002A64A=1 1
unkA1690A9B=0 0 0 0
unkA1690A9C=0.2 1.3
unkA1690A9D=0.25 1.399999976158142
unkA1690A9E=1 1.7000000000000002
unkA32F2F49=1
unkA7D96A9F=7
unkAAB0B418=sand_04.tga
unkAD52519B=dustdrag
unkAE692223=1
unkB1744ACA=0 0.2
unkB1744ACB=1 1
unkB9A59E14=0 -1
unkB9A59E15=1 1
unkBB79FAFB=dustdrag
unkC6B1BD12=0
unkC90DFD8E=0 0
unkC90DFD8F=1 360
unkCD24182A=60
unkCDAD69B7=0 -200 50
unkCDEDE776=0 30 0
unkCE153129=0
unkCE8F3273=60
unkD24A9DEE=sand_04.tga
unkD533DEBF=1
unkD9A45C64=0 0
unkD9A45C65=1 360
unkE1DD5520=10000
unkE4259B00=0 0 40
unkE9F64129=0 0 0
unkEABAEDDF=0.45
unkF24D4460=0 30 40
unkF42D381B=1
unkF6D2C02A=0.12
unkF7FB967E=0 0.5
unkF7FB967F=1 1.6
unkF94F5B8C=1
unkFA78A39F=1
unkFF85A5C4=1
unkFFB34BA4=1
