[System]
GroupPart1=ring
GroupPart1Type=Simple
SimulateEveryFrame=1

[ring]
e-life=1
e-linger=0
e-rate=1
p-bindtoemitter=1 1
p-colorscale=1 1
p-colortype=1 0
p-flexoffset=0.006
p-life=4
p-linger=0
p-offset=0 1 0
p-rgba=color-hold.tga
p-scale=100
p-simpleorient=2
p-texdiv=1 1
p-texture=Vi_E_ArmorShred_Ring.dds
p-type=1
p-xscale1=0 2
p-xscale2=0.05000000074505806 1
p-xscale3=1 1
rendermode=4
single-particle=1

[UNKNOWN_HASHES]
unk07AC4E9F=1 0
unk1A238F38=0
unk33D25CEA=1
unk484E5AC1=0 1 1 1
unk484E5AC2=0.1 1.5 1.5 1.5
unk484E5AC3=0.30000000000000004 1 1 1
unk654DC6B8=0.5 0
unk6BC71611=80 100 -10
unk71476CCC=0
unk7B7C4AD1=0 0 0
unk7F3CE6C5=0
unk93BB6310=0
unk9843F203=0 1 1 1 1
unk9843F204=0.5 1 1 1 0.1
unk9843F205=1 0 0 0 0
unk9E020EBA=1.3
unkA034ABB2=0 0 0
unkAA19E105=1
unkADD5097A=1
unkB31A08EC=35 35 35
unkB42AD332=color-hold.tga
unkBD604CE9=2
unkC0D9CAB2=100
unkC38879AE=1 1 1 1
unkC416277D=Vi_Shield_Txt_Minion_1.dds
unkCE54A67F=0 0 0
unkE7282345=0.5 0.5
unkFAFE7438=1 1
