[System]
GroupPart1=hit_flash
GroupPart3=hulk_shockwave
GroupPart4=firehit
GroupPart4Type=Simple
PersistThruDeath=1
SimulateEveryFrame=1

[firehit]
e-life=0.1
e-rate=60
p-coloroffset=0 0.550000011920929
p-colorscale=1 0.44999998807907104
p-colortype=1 3
p-flexoffset=0.004999999888241291
p-frameRate=0
p-life=0.15000000596046448
p-numframes=1
p-postoffset=0 130 0
p-quadrot=1
p-quadrotP1=0 0
p-quadrotP2=1 360
p-rgba=color-incinerate.tga
p-scale=150
p-scaleP1=0 0.3
p-scaleP2=1 1
p-startframe=0
p-texdiv=2 2
p-texture=FireHit.tga
p-type=0
p-xscale=1
p-xscale1=0 0.2
p-xscale2=1 1.4000000000000001
rendermode=0

[hit_flash]
e-life=1
e-linger=1
e-local-orient=1
e-rate=1
flag-disable-z=1
p-bindtoemitter=1 1
p-frameRate=0
p-life=0.2
p-linger=0
p-numframes=1
p-offset=0 50 0
p-rgba=Jayce_Color_Fade2.tga
p-scale=110 110 110
p-startframe=0
p-texture=SowFlash.tga
p-type=0
p-xscale1=0 1 1 1
p-xscale2=0.2 3 3 3
p-xscale3=1 2 2 2
pass=1
rendermode=4
single-particle=1

[hulk_shockwave]
e-life=0.1
e-local-orient=1
e-rate=5
p-bindtoemitter=1 1
p-frameRate=0
p-life=0.13
p-linger=0
p-numframes=1
p-offset=0 50 0
p-rgba=alpha_12.tga
p-scale=30 30 30
p-simpleorient=1
p-startframe=0
p-texture=Vi_Shockwave_01.tga
p-type=0
p-vel=0 50 300
p-xrgba=1 1 1 1
p-xrgba1=0 1 1 1 1
p-xrgba2=0.6 1 1 1 0.1
p-xrgba3=1 0 0 0 0
p-xscale1=0 1 1 1
p-xscale2=0.1 2 2 2
p-xscale3=1 10 10 10
pass=1
rendermode=4
single-particle=1

[UNKNOWN_HASHES]
unk074C2BDD=3
unk0B1225D5=1 1
unk0F3F890C=0
unk1363FE28=1
unk1460549A=Vi_Energy_Burst_01.tga
unk1D74F055=Jayce_Color_Fade2.tga
unk26AA6A0C=1
unk2E8F286F=1
unk3051CBA4=0
unk306D22CC=0
unk38C40674=0 350 0
unk43E60E87=1
unk80C289F8=1
unk83235A2B=1
unk836DAC5B=0
unk989887DE=0 1 1 1
unk989887DF=0.2 3 3 3
unk989887E0=1 2 2 2
unk9D33239D=4
unkB0107A33=1
unkB97A3489=310 310 310
unkE49F0955=1
