[System]
GroupPart1=slice
GroupPart1Type=Simple
SimulateEveryFrame=1

[slice]
e-life=0.2
e-rate=2
e-rotation1=1
e-rotation1-axis=1 0 0
e-rotation1P1=0 10
e-rotation1P2=1 40
e-rotation2=1
e-rotation2-axis=0 1 0
e-rotation2P1=0 0
e-rotation2P2=1 360
p-alphaslicerange=0.019999999552965164
p-bindtoemitter=0.5 0.5
p-coloroffset=0.5 0
p-colorscale=0.5 0.5400000214576721
p-colortype=1 0
p-frameRate=0
p-life=2
p-lifeP1=0 0.2
p-lifeP2=0.8999999761581421 0.25
p-lifeP3=1 2
p-linger=1
p-numframes=16
p-offset=0 0 0
p-offsetXP1=0 0.1
p-offsetXP2=1 1
p-postoffset=0 10 0
p-quadrot=1
p-quadrotP1=0 -30
p-quadrotP2=1 30
p-randomstartframe=1
p-rgba=color-beacontrail32.tga
p-rotvel=120
p-rotvelP1=0 -1
p-rotvelP2=0.10000000149011612 -0.30000001192092896
p-rotvelP3=0.9 0.30000000000000004
p-rotvelP4=1 1
p-scale=25
p-scaleP1=0 1
p-scaleP2=1 1.2000000000000002
p-startframe=0
p-texdiv=4 4
p-texture=alphaslice.tga
p-type=0
p-xrgba=1 1 1 1
p-xrgba1=0 1 1 1 1
p-xrgba2=0.2 1 1 1 0.5
p-xrgba3=1 1 1 1 0
p-xscale=1.149999976158142
p-xscale1=0 0.2
p-xscale2=0.4 1.5
p-xscale3=0.6000000000000001 3
p-xscale4=1 0.1
rendermode=4

