[LightBeams]
e-life=0.1
e-local-orient=0
e-rate=10
e-rgba=255 200 150 255
e-rgbaAP1=0 0.8
e-rgbaAP2=1 1
flag-disable-z=1
p-bindtoemitter=1 1
p-colortype=1 3
p-flexscale=0.005
p-life=1
p-lifeP1=0 0.4
p-lifeP2=1 0.75
p-linger=0.4
p-numframes=4
p-quadrot=1 1 0
p-quadrotXP1=0 0
p-quadrotXP2=0.5 -45
p-quadrotXP3=0.5001000165939331 -135
p-quadrotXP4=1 -180
p-quadrotYP1=0 0
p-quadrotYP2=1 -180
p-randomstartframe=1
p-rgba=Azir_Base_P_Turret_Beam_RGBA.dds
p-scale=48 50 30
p-scale1=0 1 1 0.1
p-scale2=1 1 1 1
p-scaleXP1=0 0.30000000000000004
p-scaleXP2=1 1
p-scaleYP1=0 0.5
p-scaleYP2=1 1.5
p-texdiv=4 1
p-texture=Azir_Base_P_Turret_Beams_4x1.dds
p-type=2
p-xrgba=1 1 1 0.7810029983520508
p-xrgba1=0 1 1 1 0
p-xrgba2=0.5 1 1 1 1
p-xrgba3=1 1 1 1 0
p-xscale=1 1 1
p-xscale1=0 0 0 1
p-xscale2=0.2 8 3 1.2000000000000002
p-xscale3=0.75 3 5 1.75
p-xscale4=1 0 7 2
rendermode=4
single-particle=1

[System]
GroupPart1=hagaSphere
GroupPart1Importance=High
GroupPart2Importance=High
GroupPart2Type=Simple
GroupPart3=flash
GroupPart3Importance=High
GroupPart3Type=Simple
GroupPart4=LightBeams
GroupPart4Importance=High
PersistThruDeath=1
SimulateEveryFrame=1
SoundOnCreate=Play_sfx_Env_TurretBasicAttack_hit

[flash]
KeywordsExcluded=AzirSkin01
e-life=1
e-linger=1
e-rate=1
flag-disable-z=1
p-bindtoemitter=1 1
p-colorscale=1 1
p-colortype=1 0
p-flexscale=0.003
p-life=0.44999998807907104
p-linger=0
p-quadrot=180
p-quadrotP1=0 0
p-quadrotP2=1 2
p-rgba=color-rampdown.tga
p-scale=100
p-texture=Azir_base_Z_Solarflare.tga
p-type=0
p-xscale1=0 1
p-xscale2=0.7000000000000001 1.6
p-xscale3=1 1.8
pass=0
rendermode=0
single-particle=1

[hagaSphere]
e-life=1
e-linger=0
e-local-orient=0
e-rate=4
e-rgba=255 255 255 255
e-rgbaAP1=0 1
e-rgbaAP2=1 0.5
e-timeoffset=0.05000000074505806
p-backfaceon=1
p-bindtoemitter=1 1
p-flexscale=0.004999999888241291
p-fresnel=-0.14
p-fresnel-color=0.2 0.5 0.5 1
p-life=0.3499999940395355
p-mesh=Azir_Base_P_Turret_SphereGeo.sco
p-meshtex=Azir_Base_P_Turret_SphereDif.tga
p-quadrot=0 1 1
p-quadrotYP1=0 1
p-quadrotYP2=1 360
p-quadrotZP1=0 1
p-quadrotZP2=1 360
p-scale=1.5 1.5 1.5
p-type=3
p-uvscroll-rgb=0 -0.800000011920929
p-xrgba=1 1 1 1
p-xrgba1=0 0 0 0 1
p-xrgba2=0.1 0.75 0.75 0.75 1
p-xrgba3=1 1 1 1 0
p-xscale1=0 0.5 0.5 0.5
p-xscale2=0.4 0.8 0.8 0.8
p-xscale3=1 1 1 1
pass=12
rendermode=4
single-particle=1

[UNKNOWN_HASHES]
unk06E033AA=0.8500000238418579 1
unk12A35530=1
unk328BC751=100
unk38638797=110
unk4E7F9FB8=0.007
unk4EF8A817=1
unk4FBC608D=10
unk5C450362=Azir_base_BA_Hit.tga
unk8CAA47A7=0
unk914F9B30=AzirSkin01
unkA6C16715=0.2
unkB2D93960=1
unkBC9C289D=1 1
unkBCEA2B8D=Azir_base_BA_hit_rgb.tga
unkC61FA544=1
unkC98D395F=-20
unkCB3331B4=0 1 1 1 1
unkCB3331B5=1 1 1 1 0.75
unkE07D36A6=0 1
unkE07D36A7=1 1.5
unkF570114F=1
