[DustRing01]
e-life=3
e-linger=1
e-rate=3
e-uvoffset=1 0
e-uvoffsetXP1=0 0
e-uvoffsetXP2=1 1
p-backfaceon=1
p-life=1.5
p-lifeP1=0 0.75
p-lifeP2=1 1.5
p-linger=2
p-mesh=Azir_Base_Z_Recall_Dust01.scb
p-meshtex=Azir_Base_Z_Recall_DustCrescent01.tga
p-postoffset=0 250 0
p-quadrot=0 1 0
p-quadrot1=0.5 0 1 0
p-quadrot2=0.75 0 10 0
p-quadrotYP1=0 0
p-quadrotYP2=1 360
p-rotvel=0 100 0
p-rotvel1=0 0 5 0
p-rotvel2=0.5 0 1 0
p-scale=2 2 2
p-scale1=0 0.25 0.25 0.25
p-scale2=1 1 1 1
p-type=3
p-uvscroll-rgb=0.7 0
p-uvscroll-rgbXP1=0 0.5
p-uvscroll-rgbXP2=1 1
p-vel=0 50 0
p-xquadrot=1 1 1
p-xquadrot-on=1
p-xquadrot1=0 0 2 0
p-xquadrot2=0.5 0 0.5 0
p-xquadrot3=1 0 0.35 0
p-xrgba=0.95 0.75 0.5 0.25
p-xrgba1=0 1 1 1 0
p-xrgba2=0.3 1 1 1 1
p-xrgba3=0.6 1 1 1 1
p-xrgba4=0.99 1 1 1 0
p-xscale1=0 0.3 0.3 0.3
p-xscale2=1 1.3 2 1.3
pass=100
rendermode=1

[DustRing02]
e-life=3
e-linger=1
e-rate=5
e-uvoffset=1 0
e-uvoffsetXP1=0 0
e-uvoffsetXP2=1 1
p-backfaceon=1
p-life=1.5
p-lifeP1=0 0.5
p-lifeP2=1 1
p-linger=2
p-mesh=Azir_Base_Z_Recall_Dust02.scb
p-meshtex=Azir_Base_Z_Recall_DustCrescent02.tga
p-postoffset=0 250 0
p-quadrot=0 1 0
p-quadrotYP1=0 0
p-quadrotYP2=1 360
p-rotvel=0 100 0
p-rotvel1=0 0 5 0
p-rotvel2=0.5 0 1 0
p-scale=2 2 2
p-scale1=0 0.25 0.25 0.25
p-scale2=1 1 1 1
p-type=3
p-uvscroll-rgb=0.5 0
p-uvscroll-rgbXP1=0 0.5
p-uvscroll-rgbXP2=1 1
p-vel=0 50 0
p-xquadrot=1 1 1
p-xquadrot-on=1
p-xquadrot1=0 0 3 0
p-xquadrot2=0.5 0 2 0
p-xquadrot3=1 0 1 0
p-xrgba=0.95 0.75 0.5 0.5
p-xrgba1=0 1 1 1 0
p-xrgba2=0.5 1 1 1 1
p-xrgba3=0.99 1 1 1 0
p-xscale1=0 0.3 0.3 0.3
p-xscale2=1 1.3 2 1.3
pass=500
rendermode=1

[System]
GroupPart1=DustRing01
GroupPart1Importance=High
GroupPart2=DustRing02
GroupPart2Importance=High
GroupPart3=rays
SimulateEveryFrame=1

[rays]
e-life=0.2
e-linger=0
e-local-orient=0
e-rate=50
flag-disable-z=1
p-bindtoemitter=1
p-colortype=1 0
p-life=0.5
p-lifeP1=0 1
p-lifeP2=1 0.30000000000000004
p-linger=0
p-offset=0 0 0
p-postoffset=0 170 0
p-quadrot=1 1 1
p-quadrotXP1=0 0
p-quadrotXP2=1 360
p-quadrotYP1=0 0
p-quadrotYP2=1 360
p-rgba=Azir_base_BA_Yellow_Ray_rgba.tga
p-scale=30 50 -10
p-scaleXP1=0 0.6000000000000001
p-scaleXP2=1 1
p-scaleYP1=0 0.2
p-scaleYP2=1 1
p-texture=Azir_base_BA_Yellow_Ray.tga
p-type=2
p-xrgba=1 1 1 0.5
p-xrgba1=0 1 1 1 1
p-xrgba2=0.35 1 1 1 1
p-xrgba3=0.7 1 1 1 0
p-xscale1=0 4 0 0
p-xscale2=0.15000000596046448 5 5 3
p-xscale3=0.79 1 7 10
pass=25
rendermode=1

[UNKNOWN_HASHES]
unk73A1EDC9=0 0 0 0
unk73A1EDCA=1 0 1 0
