[ShieldLeftAnim]
e-alpharef=14
e-disabled=1
e-life=1
e-rate=1
flag-force-animated-mesh-z-write=0
p-bindtoemitter=1 1
p-life=0.9900000095367432
p-linger=0
p-mesh=sion_skin04_passive_weapon.scb
p-meshtex=Sion_Skin04_TX_CM.dds
p-postoffset=-5 2 -2
p-quadrot=0 180 0
p-scale=1.0700000524520874 1.0700000524520874 1.0700000524520874
p-type=3
p-xrgba=0.75 0.75 0.75 1
p-xrgba1=0 1 1 1 1
p-xrgba2=0.02 1 1 1 1
p-xrgba3=0.05 1 1 1 1
p-xrgba4=0.15 1 1 1 0.6
p-xrgba5=0.3 1 1 1 0.3
p-xrgba6=0.4 1 1 1 0.1
p-xrgba7=1 0.5 0.5 0.5 0
rendermode=3
single-particle=1

[System]
GroupPart1=ShieldLeftAnim
GroupPart1Importance=High
GroupPart2=dust
GroupPart3=shadow
PersistThruDeath=1
SimulateEveryFrame=1

[dust]
e-alpharef=50
e-life=0.4
e-rate=50
e-shape-use-normal-for-birth=0
flag-disable-z=1
p-drag=2 4 2
p-life=1
p-lifeP1=0 0.5
p-lifeP2=1 1
p-numframes=4
p-offset=1 1 120
p-offsetXP1=0 -1
p-offsetXP2=1 1
p-offsetYP1=0 -1
p-offsetYP2=1 1
p-offsetZP1=0 -1
p-offsetZP2=1 1
p-postoffset=-130 0 -50
p-randomstartframe=1
p-scale=10 40 0
p-scaleXP1=0 0.1
p-scaleXP2=1 1
p-scaleYP1=0 0.2
p-scaleYP2=1 1
p-texdiv=2 2
p-texture=Sion_Skin04_Passive_Axe_shards.dds
p-worldaccel=0 1 0
p-worldaccelYP1=0 450
p-worldaccelYP2=0.8 850
p-worldaccelYP3=1 1200
p-xrgba=1 1 1 1
p-xrgba1=0 0.666667 0 0 0
p-xrgba2=0.2 0.333333 0 0 1
p-xrgba3=0.4 0 0 0 0.6
p-xrgba4=1 0 0 0 0
p-xscale=1 1 1
p-xscale1=0 1 1 0
p-xscale2=0.1 5 2 0
p-xscale3=1 3 5 0
pass=50
rendermode=1

[shadow]
e-life=5.1000000000000005
e-rate=2
p-life=1.5
p-postoffset=-130 0 -50
p-quadrot=-90 90 0
p-scale=180 160 0
p-texture=Sion_Base_Passive_weaponshadow.dds
p-type=1
p-xrgba=1 1 1 1
p-xrgba1=0 1 1 1 0
p-xrgba2=0.01 0 0 0 1
p-xrgba3=0.5 0.231373 0.231373 0.231373 1
p-xrgba4=1 0.388235 0.388235 0.388235 0
pass=-4
rendermode=1
single-particle=1
uniformscale=1

