[DustEnd]
KeywordsExcluded=AzirSkin01
Particle-Acceleration=1 0 0
Particle-Acceleration1=0 0 0 0
Particle-Acceleration2=0.8 0 0 0
Particle-Acceleration3=0.8500000238418579 8000 0 0
Particle-Acceleration4=0.8999999761581421 -8000 0 0
Particle-Acceleration5=0.949999988079071 8000 0 0
Particle-Acceleration6=1 -8000 0 0
e-life=1
e-linger=1
e-local-orient=0
e-rate=300
e-rotation1=1
e-rotation1-axis=0 1 0
e-rotation1P1=0 0
e-rotation1P2=1 360
p-accel=0 100 0
p-bindtoemitter=1 1
p-coloroffset=0 0
p-colorscale=1 1
p-colortype=1 3
p-drag=5 1 5
p-life=1
p-lifeP1=0 0.4
p-lifeP2=1 1
p-linger=1
p-offset=-150 -50 0
p-offset1=0 1 0 0
p-offset2=1 0 1 0
p-offsetXP1=0 0.2
p-offsetXP2=1 1
p-orbitvel=0 2 0
p-orbitvelYP1=0 0.8
p-orbitvelYP2=1 1.2000000000000002
p-rgba=Azir_base_E_dustdevil_rgba.tga
p-scale=30 30 0
p-scaleXP1=0 0.8
p-scaleXP2=0 1
p-scaleYP1=0 0.8
p-scaleYP2=0 1
p-texture=Azir_base_E_dustdevil.tga
p-type=0
p-vel=-500 400 0
p-velYP1=0 0.8
p-velYP2=1 1
p-xscale1=0 1 1 0
p-xscale2=1 2 2 0
pass=1
rendermode=1

[System]
GroupPart1=Turn_Back
GroupPart1Type=Simple
GroupPart2=DustEnd
PersistThruDeath=1
SimulateEveryFrame=1

[Turn_Back]
MaterialOverride1Priority=5000
MaterialOverride1Texture=Azir_Base_P_empty32.tga
MaterialOverrideTransMap=Azir_Base_P_transition.tga
e-life=1
p-colorscale=1 1
p-colortype=1 0
p-life=2
p-linger=2
p-rgba=Azir_Base_P_transition_rgba.tga
p-trans-sample=8
pass=1000
rendermode=1

[UNKNOWN_HASHES]
unk060C2975=1
unk0B24ACE2=0 0.8
unk0B24ACE3=0 1
unk0BA2BC63=0 0.8
unk0BA2BC64=0 1
unk0EA83D66=0 2 0
unk0F3228CD=0
unk12118F4A=1 3
unk13F1B319=0 1 0
unk1BD842D3=0 0.2
unk1BD842D4=1 1
unk1C9D57AA=-500 400 0
unk2343ACA7=5 1 5
unk24FA00EC=0 1 1 0
unk24FA00ED=1 2 2 0
unk2A94DAB6=0 0
unk2A94DAB7=1 360
unk2D5392A5=0
unk4EFB1EC7=1
unk54D21ED4=0 0.8
unk54D21ED5=1 1.2000000000000002
unk5FA0BCE0=0 0 0 0
unk5FA0BCE1=0.8 0 0 0
unk5FA0BCE2=0.8500000238418579 8000 0 0
unk5FA0BCE3=0.8999999761581421 -8000 0 0
unk5FA0BCE4=0.949999988079071 8000 0 0
unk5FA0BCE5=1 -8000 0 0
unk5FF88BE1=1
unk61BB2F16=1
unk654761E3=0 0
unk667A2791=1 0 0
unk6A2D69E6=-150 -50 0
unk8B130FCB=0 1 0 0
unk8B130FCC=1 0 1 0
unk9310A84F=1
unk9B46D497=30 30 0
unk9F287A9A=1
unkA0C1CDA8=Azir_skin01_E_dustdevil.tga
unkA23DEE0F=1
unkA9396CC7=Azir_base_E_dustdevil_rgba.tga
unkB26EE67E=300
unkB6BE0D5A=1 1
unkC7F0F71F=AzirSkin01
unkD59D43D5=0 100 0
unkDB9FF790=0 0.8
unkDB9FF791=1 1
unkEC938C90=0 0.4
unkEC938C91=1 1
unkF70729E3=1 1
