[System]
GroupPart2=glyph
SimulateEveryFrame=1

[glyph]
Particle-Acceleration=0 1 0
Particle-Acceleration1=0 0 20 0
Particle-Acceleration2=0.20000000298023224 0 -20 0
Particle-Acceleration3=0.4 0 20 0
Particle-Acceleration4=0.6000000238418579 0 -20 0
Particle-Acceleration5=0.8 0 20 0
Particle-Acceleration6=1 0 -20 0
e-life=1
e-linger=0
e-local-orient=0
e-rate=1
e-rgba=255 255 255 100
p-bindtoemitter=1 1
p-life=11
p-linger=0
p-mesh=Azir_base_R_glyph.sco
p-meshtex=Azir_Base_Z_Soldier_TX_CM.tga
p-offset=0 100 0
p-quadrot=0 0 0
p-scale=0.5 0.5 0.5
p-type=3
p-xrgba1=0 1 1 1 0
p-xrgba2=0.01 1 1 1 0
p-xrgba3=0.025 1 1 1 1
p-xrgba4=0.95 1 1 1 1
p-xrgba5=1 1 1 1 0
pass=1
rendermode=1
single-particle=1

[UNKNOWN_HASHES]
unk00581185=0 4 0
unk082CD8AA=11
unk11268CA2=1
unk14333A6E=1 1
unk1444AAF5=1
unk16221136=1
unk18FE91FE=0 0 0
unk1D1FB8B7=0 1 1 1 0
unk1D1FB8B8=0.01 1 1 1 0
unk1D1FB8B9=0.025 1 1 1 1
unk1D1FB8BA=0.95 1 1 1 1
unk1D1FB8BB=1 1 1 1 0
unk278B16D9=1
unk2A6D6F6D=255 255 255 100
unk340E956C=Azir_base_Z_Weapon_Glow1.tga
unk34C86E9B=Azir_base_R_glyphglow.sco
unk46C17711=Azir_base_Z_Weapon_Glow2.tga
unk48364D00=0
unk4A0E69D8=0.5 1
unk4DD0B62E=1
unk4F2E0648=1 1
unk50AAEF6E=5
unk5CC2C1B9=1
unk5ED242B3=0
unk6094E5E8=0
unk690720B8=0 4 0
unk6AC3A9A5=1 1
unk6DD455C2=0 0 0
unk70092D9D=1
unk72EB8631=255 255 255 100
unk762FCEEA=-0.20000000298023224 0
unk76F5722C=1
unk7CCFC291=1 1
unk7D46855F=Azir_base_R_disc.sco
unk80D12821=5
unk81B05CDC=0.30000000000000004 0
unk844E5928=3
unk85CEC7EA=0 1 1 1 0
unk85CEC7EB=0.01 1 1 1 0
unk85CEC7EC=0.025 1 1 1 1
unk85CEC7ED=0.95 1 1 1 1
unk85CEC7EE=1 1 1 1 0
unk86B6E799=1
unk8801EEFA=1
unk89871C76=0 1 0
unk89FF1888=Azir_base_Z_Weapon_Glow2.tga
unk8B5D5538=1 1 1
unk8CE8FA6C=1
unk9562FBA1=-0.30000001192092896 0
unk9D784945=1 1 1
unk9D91BAFC=1.4000000000000001 1.4000000000000001 1.4000000000000001
unkA02F6650=1
unkA311BEE4=255 255 255 255
unkAD6CBE12=Azir_base_R_discglow.sco
unkB1808F35=Azir_base_Z_Weapon_Glow1.tga
unkB5A3AB43=1
unkC4EDFE53=0.1 0
unkCB055BE1=4
unkCCCC6FEC=3
unkD0BCC566=1
unkD2146DCF=1 1
unkD63F5F79=1
unkD6CC3EBC=0
unkD88EE1F1=0
unkDD4E2884=1 1
unkDF38D1A8=Azir_Base_Z_Soldier_TX_CM.tga
unkE04593E8=1
unkE1011CC1=0 100 0
unkEB464F8B=0 0 0
unkF22FE36A=4
unkF4B6013B=0 0 20 0
unkF4B6013C=0.20000000298023224 0 -20 0
unkF4B6013D=0.4 0 20 0
unkF4B6013E=0.6000000238418579 0 -20 0
unkF4B6013F=0.8 0 20 0
unkF4B60140=1 0 -20 0
unkF6233380=0
unkF7E5D6B5=0
unkFCF2A89F=3
unkFDC8C3F3=0 1 1 1 0
unkFDC8C3F4=0.01 1 1 1 0
unkFDC8C3F5=0.025 1 1 1 1
unkFDC8C3F6=0.95 1 1 1 1
unkFDC8C3F7=1 1 1 1 0
