[System]
GroupPart1=crack
GroupPart2=crack_skin01
SimulateEveryFrame=1
group-vis=5000

[crack]
KeywordsExcluded=AzirSkin01
e-alpharef=64
e-life=0.4
e-linger=0
e-local-orient=1
e-rate=120
e-tilesize=400 -1 0
p-bindtoemitter=0 0
p-coloroffset=0 0
p-colorscale=1 1
p-colortype=1 3
p-life=5
p-life1=0 1
p-life2=1 0.8
p-linger=5
p-offset=50 1 0
p-offset1=0 1 -100 0
p-offset2=1 1 100 0
p-offsetXP1=0 -1
p-offsetXP2=0.11500000208616257 -0.453000009059906
p-offsetXP3=0.25099998712539673 -0.17900000512599945
p-offsetXP4=0.36399999260902405 -0.05299999937415123
p-offsetXP5=0.5 0
p-offsetXP6=0.6240000128746033 0.04699999839067459
p-offsetXP7=0.7509999871253967 0.18400000035762787
p-offsetXP8=0.8899999856948853 0.4880000054836273
p-offsetXP9=1 1
p-quadrot=-5 0 0
p-rgba=Azir_base_W_Crack_Trail_rgba.tga
p-scale=70 70 0
p-texture=Azir_base_W_Crack_trail.tga
p-trailmode=1
p-type=5
p-xscale1=0 1.3 1 0
p-xscale2=1 1.3 1 0
pass=-1000
rendermode=1

[crack_skin01]
KeywordsRequired=AzirSkin01
e-alpharef=64
e-life=0.4
e-linger=0
e-local-orient=1
e-rate=120
e-tilesize=400 -1 0
p-bindtoemitter=0 0
p-coloroffset=0 0
p-colorscale=1 1
p-colortype=1 3
p-life=5
p-life1=0 1
p-life2=1 0.8
p-linger=5
p-offset=50 1 0
p-offset1=0 1 -100 0
p-offset2=1 1 100 0
p-offsetXP1=0 -1
p-offsetXP2=0.11500000208616257 -0.453000009059906
p-offsetXP3=0.25099998712539673 -0.17900000512599945
p-offsetXP4=0.36399999260902405 -0.05299999937415123
p-offsetXP5=0.5 0
p-offsetXP6=0.6240000128746033 0.04699999839067459
p-offsetXP7=0.7509999871253967 0.18400000035762787
p-offsetXP8=0.8899999856948853 0.4880000054836273
p-offsetXP9=1 1
p-quadrot=-5 0 0
p-rgba=Azir_base_W_Crack_Trail_rgba.tga
p-scale=70 70 0
p-texture=Azir_skin01_W_Crack_trail.tga
p-trailmode=1
p-type=5
p-xscale1=0 1.3 1 0
p-xscale2=1 1.3 1 0
pass=-1000
rendermode=1

