[System]
GroupPart1=flash
GroupPart1Type=Simple
SimulateEveryFrame=1

[flash]
e-life=1
e-linger=0
e-local-orient=0
e-rate=4
p-bindtoemitter=0 0
p-coloroffset=0.5 0
p-colorscale=0.5 1
p-colortype=1 3
p-life=0.5
p-lifeP1=0 1
p-lifeP2=1 1.2000000000000002
p-linger=0
p-offset=0 -20 0
p-quadrot=1
p-quadrotP1=0 0
p-quadrotP2=1 360
p-rgba=color-bellramp.tga
p-scale=100
p-scaleP1=0 1
p-scaleP2=1 1.2000000000000002
p-simpleorient=2
p-texture=Azir_base_W_Staff_Hit.tga
p-type=0
p-xscale1=0 0.2
p-xscale2=0.4 1
p-xscale3=1 1.3
rendermode=0
single-particle=1

[UNKNOWN_HASHES]
unk0DE1663F=1 0
unk12850F1D=Azir_base_Z_Solarflare.tga
unk39CAEF98=0
unk5C77EBD8=0 0
unk67454C47=0
unk72991319=100
unk764A0370=1
unk85D8F3A5=1 1
unk954BD48A=1
unkA2849D2C=0
unkA4474061=0
unkACB97B31=0 10 0
unkB20A5A8C=Azir_base_W_crack.troy
unkBDA96F1A=0.12999999523162842
unkC9C14165=1
unkD3D23392=color-eyefade.tga
unkDCEF2E1F=-6000 0 0
unkDD07AD49=1
unkDDAAC08C=50 50 0
unkE2C009DA=0
unkEDA75269=100
unkEEA39352=0 0 0
