[DustDevil_Wind]
e-life=3
e-linger=0.75
e-local-orient=0
e-rate=1
e-rate1=0.25 2
e-rate2=0.5 10
e-rate3=1 25
e-rgba=255 255 255 255
e-rgba1=0 1 1 1 0.2
e-rgba2=0.3 1 1 1 0.4
e-rgba3=0.75 1 1 1 0.5
e-rgba4=1 1 1 1 0.6
e-uvoffset=1 1
e-uvoffsetXP1=0 0
e-uvoffsetXP2=1 1
p-backfaceon=1
p-bindtoemitter=1 1
p-life=0.75
p-lifeP1=0 0.5
p-lifeP2=1 1
p-linger=10
p-mesh=Azir_Base_P_wind.scb
p-meshtex=Azir_Base_W_Main.tga
p-meshtex-mult=Azir_Base_P_Wind2.tga
p-numframes=8
p-offset=-1 1 1
p-offset1=0.5 0 100 0
p-offset2=1 0 200 0
p-offsetXP1=0 -10
p-offsetXP2=1 10
p-offsetYP1=0 0.5
p-offsetYP2=1 1
p-offsetZP1=0 -10
p-offsetZP2=1 10
p-postoffset=0 50 0
p-quadrot=0 1 0
p-quadrotYP1=0 0
p-quadrotYP2=1 -360
p-randomstartframe=1
p-rgba=1 1 1 1
p-scale=4 5 4
p-scaleXP1=0 1
p-scaleXP2=1 1.2000000000000002
p-scaleYP1=0 1
p-scaleYP2=1 2
p-scaleZP1=0 1
p-scaleZP2=1 1.2000000000000002
p-shadow=0
p-texdiv=1 1
p-texdiv-mult=1 1
p-type=3
p-uvscroll-rgb=0 -1
p-uvscroll-rgbYP1=0 0.5
p-uvscroll-rgbYP2=1 1
p-vel=0 -1 0
p-vel1=0 0 0 0
p-vel2=0.75 0 0.5 0
p-vel3=1 0 1 0
p-velYP1=0 300
p-velYP2=1 500
p-xquadrot=0 -1 0
p-xquadrot-on=1
p-xquadrot1=0 0 10 0
p-xquadrot2=0.7 0 5 0
p-xquadrot3=1 0 5 0
p-xrgba1=0 1 1 1 0
p-xrgba2=0.2 1 1 1 1
p-xrgba3=0.5 1 1 1 1
p-xrgba4=1 1 1 1 0
p-xscale1=0 0.5 1.2 0.5
p-xscale2=1 1.25 0.5 1.25
pass=5
rendermode=1

[Dustfill]
e-life=4
e-linger=1
e-local-orient=0
e-rate=1
e-rate1=0 5
e-rate2=0.5 10
e-rate3=1 35
e-rotation1=1
e-rotation1-axis=0 0 1
e-rotation11=0 0
e-rotation12=1 50
e-rotation2=1
e-rotation2-axis=0 1 0
e-rotation2P1=0 1
e-rotation2P2=1 360
e-timeoffset=0
p-bindtoemitter=0 0
p-colorscale=1 1
p-colortype=1 3
p-drag=2 1 2
p-life=1.25
p-life1=0.3 3
p-life2=0.5 1
p-lifeP1=0 0.75
p-lifeP2=1 1
p-linger=10
p-offset=-50 0 0
p-offsetXP1=0 0.2
p-offsetXP2=1 1
p-postoffset=0 20 0
p-quadrot=1 0 0
p-quadrotXP1=0 0
p-quadrotXP2=1 360
p-rgba=Azir_base_Q_Dust_rgba.tga
p-rotvel=50 0 0
p-rotvel1=0 0.2 0 0
p-rotvel2=0.25 0.5 0 0
p-rotvel3=1 1 0 0
p-rotvelXP1=0 -1
p-rotvelXP2=1 1
p-scale=50 50 50
p-scaleP1=0 0.5 0.5 0.5
p-scaleP2=1 1 1 1
p-texture=Azir_base_W_blowing_sand.tga
p-type=0
p-vel=200 100 200
p-vel1=0 1 1 1
p-vel2=1 0.25 0.5 0.25
p-velXP1=0 -1
p-velXP2=1 1
p-velYP1=0 0.3
p-velYP2=1 1
p-velZP1=0 -1
p-velZP2=1 1
p-xscale1=0 0.3 0.3 0.3
p-xscale2=1 2.2 2.2 2.2
pass=5
rendermode=1

[SandShake]
e-alpharef=64
e-life=4
e-linger=0
e-rate=30
e-rotation1=1
e-rotation1-axis=0 0 1
e-rotation1P1=0 10
e-rotation1P2=1 -10
e-rotation2=1
e-rotation2-axis=0 1 0
e-rotation2P1=0 0
e-rotation2P2=1 360
p-accel=0 -250 0
p-life=1.2000000000000002
p-linger=10
p-offset=0 1 0
p-offset1=0.5 0 100 0
p-offset2=1 0 200 0
p-offsetYP1=0 0.5
p-offsetYP2=1 1
p-quadrot=1 0 0
p-quadrotXP1=0 0
p-quadrotXP2=1 360
p-scale=50 50 50
p-scale1=0.5 1 1 1
p-scale2=1 1.5 1.5 1.5
p-texture=Azir_base_Z_Sanddots.tga
p-type=0
p-vel=0 100 0
p-velYP1=0 0
p-velYP2=1 1
p-xrgba=1 1 1 1
p-xrgba1=0 1 1 1 0
p-xrgba2=0.25 1 1 1 0.5
p-xrgba3=1 1 1 1 0
p-xscale1=0 0.5 0.5 0.5
p-xscale2=1 1 1 1
pass=10
rendermode=1

[System]
GroupPart1=SandShake
GroupPart1Importance=High
GroupPart2=Dustfill
GroupPart2Importance=High
GroupPart3=DustDevil_Wind
GroupPart3Importance=High
SimulateEveryFrame=1
SoundPersistent=Play_sfx_Azir_AzirWSpawnSound_buffdeactivate

[UNKNOWN_HASHES]
unk458C6052=1
