[System]
GroupPart1=lines
GroupPart2=flash
GroupPart3=dots
SimulateEveryFrame=1

[dots]
KeywordsExcluded=AzirSkin01
e-life=0.1
e-local-orient=1
e-rate=100
e-rotation1=180
e-rotation1-axis=0 1 0
p-accel=0 -100 0
p-bindtoemitter=1
p-coloroffset=0.5 0
p-colorscale=0.5 1
p-colortype=1 0
p-drag=2 2 2
p-flexoffset=0.004999999888241291
p-life=0.8
p-lifeP1=0 0.8
p-lifeP2=1 1
p-offset=1 1 0
p-offsetXP1=0 -50
p-offsetXP2=0.20000000298023224 -10
p-offsetXP3=0.8 10
p-offsetXP4=1 50
p-offsetYP1=0 0
p-offsetYP2=0.20000000298023224 30
p-offsetYP3=0.800000011920929 50
p-offsetYP4=1 100
p-postoffset=0 0 0
p-rgba=Azir_Base_P_Staff_rgba.tga
p-scale=8 8 0
p-scaleXP1=0 0.5
p-scaleXP2=1 1
p-texture=Azir_base_Z_Solarflare.tga
p-type=0
p-vec-velocity-minscale=1
p-vec-velocity-scale=0.003000000026077032
p-vel=0 0 800
p-velZP1=0 0
p-velZP2=0.8 0.4
p-velZP3=1 1
p-xscale1=0 1 1 0
p-xscale2=1 0 0 0
rendermode=0
uniformscale=1

[flash]
KeywordsExcluded=AzirSkin01
e-life=1
e-linger=0
e-rate=1
flag-disable-z=1
p-bindtoemitter=1 1
p-colorscale=1 1
p-colortype=1 0
p-flexoffset=0.004999999888241291
p-flexscale=0.004999999888241291
p-life=0.30000000000000004
p-offset=0 40 0
p-quadrot=1 0 0
p-quadrotXP1=0 0
p-quadrotXP2=1 360
p-rgba=color-hit-physical.tga
p-scale=150
p-texdiv=1 1
p-texture=Azir_Base_Z_Flare01.dds
p-type=0
p-xscale1=0 1
p-xscale2=1 0
rendermode=0
single-particle=1

[lines]
KeywordsExcluded=AzirSkin01
Particle-Acceleration=2000 0 2000
Particle-Acceleration1=0 1 0 -1
Particle-Acceleration2=0.20000000298023224 -1 0 1
Particle-Acceleration3=0.4000000059604645 1 0 -1
Particle-Acceleration4=0.6000000238418579 -1 0 1
Particle-Acceleration5=0.800000011920929 1 0 -1
Particle-Acceleration6=1 -1 0 1
Particle-AccelerationXP1=0 -10
Particle-AccelerationXP2=1 10
Particle-AccelerationZP1=0 -10
Particle-AccelerationZP2=1 10
e-life=0.1
e-local-orient=1
e-rate=200
e-rotation1=180
e-rotation1-axis=0 1 0
p-bindtoemitter=1
p-coloroffset=0.5 0
p-colorscale=0.5 1
p-colortype=1 0
p-drag=1 1 1
p-flexoffset=0.004999999888241291
p-life=0.3499999940395355
p-lifeP1=0 0.2
p-lifeP2=1 1
p-offset=1 1 0
p-offsetXP1=0 -10
p-offsetXP2=1 10
p-offsetYP1=0 -10
p-offsetYP2=1 10
p-postoffset=0 0 0
p-rgba=Azir_Base_P_Staff_rgba.tga
p-scale=10 3 0
p-texture=Azir_Base_Q_Glow_01.dds
p-type=0
p-vec-velocity-minscale=1
p-vec-velocity-scale=0.003000000026077032
p-vecalign=1
p-vel=0 0 1000
p-velZP1=0 0.2
p-velZP2=1 1
rendermode=0

