[System]
GroupPart4=Tornado
GroupPart5=TornadoBottom
GroupPart6=TornadoAccent
SimulateEveryFrame=1
SoundPersistent=Play_sfx_Janna_HowlingGale_charge

[Tornado]
e-life=4
e-linger=0
e-local-orient=0
e-rate=300
e-rate1=0 0.25
e-rate2=1 1
p-bindtoemitter=0 0
p-drag=2 2 2
p-life=1
p-lifeP1=0 1
p-lifeP2=1 0.7
p-linger=0
p-mesh=Janna_Wind_Funnel.sco
p-meshtex=janna_frost_q_wind.dds
p-offset=20 1 20
p-offset1=0 0.4 0.4 0.4
p-offset2=1 1 1 1
p-offsetXP1=0 -1
p-offsetXP2=1 1
p-offsetYP1=0 0
p-offsetYP2=1 30
p-offsetZP1=0 -1
p-offsetZP2=1 1
p-quadrot=2 360 1
p-quadrotXP1=0 -1
p-quadrotXP2=1 1
p-quadrotYP1=0 -1
p-quadrotYP2=1 1
p-rotvel=20 500 20
p-rotvel1=0 1 0.1 1
p-rotvel2=1 1 2 1
p-rotvelXP1=0 -1
p-rotvelXP2=1 1
p-rotvelZP1=0 -1
p-rotvelZP2=1 1
p-scale=95 75 95
p-scale1=0 0.7 0.7 0.7
p-scale2=1 1.4000000000000001 1.4000000000000001 1.4000000000000001
p-type=3
p-vel=0 530 0
p-vel1=0 0 0.3 0
p-vel2=0.7 1 1 1
p-velYP1=0 0.8
p-velYP2=1 1
p-xrgba1=0 0.5 0.6 0.8 0
p-xrgba2=0.5 0.7 0.75 0.8 0.5
p-xrgba3=1 1 1 1 0
p-xscale1=0 1 2 1
p-xscale2=0.5 1.5 2 1.5
p-xscale3=0.8 2 2 2
p-xscale4=1 3 2 3
pass=50
rendermode=1

[TornadoAccent]
e-life=3
e-linger=0
e-local-orient=1
e-rate=4
e-rate1=0 1
e-rate2=1 0.5
e-uvoffset=0.3 0
p-backfaceon=1
p-bindtoemitter=1
p-colortype=1 1
p-drag=3 3 1
p-life=1
p-life1=0 3
p-life2=1 0.8
p-lifeP1=0 1
p-lifeP2=1 1.5
p-linger=0
p-local-orient=0
p-mesh=Xerath_DI_Blastring.sco
p-meshtex=janna_Frost_q_wind_02.dds
p-offset=0 260 0
p-offset1=0 0 0 0
p-offset2=1 1 1 1
p-offsetYP1=0 0.8
p-offsetYP2=1 1
p-offsetZP1=0 0.3
p-offsetZP2=1 1
p-quadrot=90 35 1
p-quadrotXP1=0 0.8
p-quadrotXP2=1 1.2000000000000002
p-quadrotZP1=0 0
p-quadrotZP2=1 360
p-rgba=color-bellcurve32.tga
p-scale=10 10 3
p-scale1=0 1 1 1
p-scale2=0.2 0.5 0.5 1
p-scale3=1 2.5 2.5 1
p-type=3
p-uvscroll-rgb=0 -1
p-uvscroll-rgb1=0 1 1
p-uvscroll-rgb2=1 1 2
p-uvscroll-rgbYP1=0 1
p-uvscroll-rgbYP2=1 1.5
p-xrgba1=0 1 1 1 1
p-xrgba2=1 1 1 1 0
p-xscale1=0 0.5 0.5 1
p-xscale2=0.5 1 1 1
p-xscale3=1 1.2000000000000002 1.2000000000000002 1.2000000000000002
pass=0
rendermode=1

[TornadoBottom]
e-life=4
e-linger=0
e-local-orient=0
e-rate=80
e-rate1=0 0.25
e-rate2=1 1
p-bindtoemitter=0 0
p-drag=0 0 0
p-life=1
p-life1=0 1
p-life2=1 0.35
p-lifeP1=0 1
p-lifeP2=1 0.7
p-linger=0
p-mesh=Janna_Wind_Funnel.sco
p-meshtex=janna_frost_q_wind.dds
p-offset=10 1 10
p-offset1=0 0 0 0
p-offset2=1 1 1 1
p-offsetXP1=0 -1
p-offsetXP2=1 1
p-offsetYP1=0 0
p-offsetYP2=1 30
p-offsetZP1=0 -1
p-offsetZP2=1 1
p-quadrot=2 360 1
p-quadrotXP1=0 -1
p-quadrotXP2=1 1
p-quadrotYP1=0 -1
p-quadrotYP2=1 1
p-rotvel=10 500 10
p-rotvel1=0 1 0.1 1
p-rotvel2=1 1 2 1
p-rotvelXP1=0 -1
p-rotvelXP2=1 1
p-rotvelZP1=0 -1
p-rotvelZP2=1 1
p-scale=65 -25 65
p-type=3
p-vel=0 170 0
p-vel1=0 0 0.3 0
p-vel2=0.8 1 1 1
p-vel3=1 1 4 1
p-velYP1=0 0.8
p-velYP2=1 1
p-worldaccel=0 200 0
p-xrgba1=0 0.7 0.8 1 0
p-xrgba2=0.5 0.6 0.7 0.9 0.7
p-xrgba3=1 0.5 0.6 0.7 0
p-xscale1=0 3 2 3
p-xscale2=0.25 2 2 2
p-xscale3=0.8 1.5 2 1.5
p-xscale4=1 1.3 2 1.3
pass=50
rendermode=1

