[Cloud]
KeywordsRequired=Jannaforecast
e-life=4
e-rate=20
p-bindtoemitter=0.9
p-life=0.5
p-linger=0
p-numframes=4
p-offset=0 30 0
p-quadrot=1 0 0
p-quadrotXP1=0 0
p-quadrotXP2=1 360
p-randomstartframe=1
p-rotvel=580 0 0
p-rotvelXP1=0 -1
p-rotvelXP2=1 1
p-scale=25 30 20
p-scaleXP1=0 0.9
p-scaleXP2=1 1.2000000000000002
p-texdiv=2 2
p-texture=Janna_skn5_Clouds.tga
p-type=0
pass=60
rendermode=1
single-particle=1
uniformscale=1

[Projectile]
KeywordsExcluded=Jannaforecast
e-life=4
e-rate=8
p-bindtoemitter=1 1
p-life=0.5
p-linger=0
p-quadrot=20 20 20
p-quadrotXP1=0 -1
p-quadrotXP2=1 1
p-quadrotYP1=0 -1
p-quadrotYP2=1 1
p-quadrotZP1=0 -1
p-quadrotZP2=1 1
p-rotvel=0 100 500
p-rotvelYP1=0 -1
p-rotvelYP2=1 1
p-scale=20 20 20
p-scaleXP1=0 0.9
p-scaleXP2=1 1.2000000000000002
p-texture=Tornado_Add.tga
p-type=1
pass=60
rendermode=0
single-particle=1
uniformscale=1

[Projectile_Trail]
KeywordsExcluded=Jannaforecast
e-life=4
e-rate=60
p-colortype=1 3
p-life=0.6000000000000001
p-quadrot=4000 4000 4000
p-quadrot1=0 0 0 0
p-quadrot2=1 1 1 1
p-rgba=Janna_Basic_Trail.tga
p-rotvel=0 0 0
p-scale=10 10 10
p-scale1=0 0 0 0
p-scale2=0.1 1 1 1
p-scale3=1 1 1 1
p-texture=color-white32.tga
p-type=4

[System]
GroupPart1=Projectile_Trail
GroupPart2=Projectile
GroupPart3=Cloud
SimulateEveryFrame=1

[UNKNOWN_HASHES]
unk01B2DF18=3
unk025D0059=-90 180 0
unk0273BCAD=Janna_PET_Bird_Frostqueen_attack.anm
unk053FF76E=1
unk0B1C1946=2 2
unk0BFB500E=10 20 10
unk0DCAB163=1
unk14700720=0.5
unk15BFEB07=0 0 0
unk17DBA390=color-rampdown.tga
unk1ED6E1A3=FrostqueenJanna
unk21111D47=1
unk23F01D51=3
unk2A68DE93=1
unk2BC847CF=1
unk2D1A70A4=1
unk2E4E7509=cryo_basic_attack_proj.sco
unk35DF7BB3=FrostqueenJanna
unk36B9BC02=0 0 0 0
unk36B9BC03=1 1 1 1
unk3970FBDE=1 1
unk3A4A2BA9=30 30 30
unk3CE96719=0
unk3EBA074A=0 -1
unk486486A3=1 1
unk48C0A597=1
unk4B8DED3B=4
unk4D5CC9A9=0 1 1 1
unk4D5CC9AA=1 0 0 0
unk4D638F81=1
unk4DFC7E65=0
unk4FBF219A=0
unk529EEEFE=0 1 1 1
unk529EEEFF=1 0.30000000000000004 0.30000000000000004 0.30000000000000004
unk545F39CA=60
unk5B4A5492=1
unk5F80BBD8=1
unk65DAC17E=coin03.tga
unk6D6A5E5F=1 1
unk714EB3C7=0
unk734B33C1=1 0
unk739171D2=0.5
unk7809B59C=0 100 500
unk7BCD6676=3
unk7D11E74A=0 -1
unk7D11E74B=1 1
unk7DD4145F=0 0
unk7DD45F96=3
unk7E0E064C=0 -1
unk7E0E064D=1 1
unk7EFCF75A=1 1
unk7FA9441D=4
unk83E9BEC8=0 0 0 0
unk83E9BEC9=0.1 1 1 1
unk83E9BECA=1 1 1 1
unk8526BFC6=1 0
unk89378DF3=1 1 1
unk89BA364A=color-rampdown32.tga
unk8ADF701D=0 0 0
unk8B42FD67=0 200 0
unk929E155C=1
unk92EFB001=90
unk97D9EE2A=0
unk999C915F=0
unk9B5F5864=Janna_PET_Bird_Frostqueen.skl
unk9FA081D4=0 0 0
unk9FA64CC8=0.30000000000000004 1
unkA20ECC2F=5 10 5
unkA47B6BD4=30 30 20
unkA5431A9A=1 0 0
unkA63E4711=1
unkA6D1591F=0 0
unkA6D15920=1 360
unkA7CE9CD3=1
unkAA853FEF=4000 0 0
unkAA8A0113=0.75 0.75 0.75
unkAE68EF00=2 2
unkB3E66F1E=1
unkB6883ADA=0 0
unkB7D0E00C=1
unkBDF7614B=color-hold.tga
unkC381FD9F=JesterDagger.tga
unkC4311365=0 1
unkC4311366=1 2
unkC67AAF1E=0 -1
unkC67AAF1F=1 1
unkC72CDB02=1
unkC7C1C493=0 0.5
unkC7C1C494=1 1
unkC8974003=jana_crossfire_bird.dds
unkC9249665=Janna_skn5_Clouds.tga
unkCE66BBBA=color-white32.tga
unkCF6C6CBD=0.6000000000000001
unkD4BCDFE2=0 200 0
unkDB843F08=4
unkE1FC6922=Jannaforecast
unkE311D754=0 0 0
unkE5953135=color-bluehit.tga
unkE8FC945C=1 0
unkEA6F7F29=1
unkEC76D0B0=1
unkEE7D71D4=Janna_PET_Bird_Frostqueen.skn
unkEECAAAEC=60
unkEFB2F250=0
unkF5DCFDF5=0.7000000000000001 0
