[System]
GroupPart1=centerGlow
GroupPart2=Trail
GroupPart3=Trail2
GroupPart4=centerGlowViolet
SimulateEveryFrame=1

[Trail]
e-life=-1
e-linger=0
e-local-orient=1
e-rate=100
e-rgba=255 255 255 255
e-tilesize=410 0 0
e-trail-cutoff=1000
flag-disable-z=0
p-drag=0 0 1
p-life=0.30000000000000004
p-linger=1
p-offset=0 0 -10
p-scale=85 0 0
p-texture=SRU_RedBuff_redTrail.tga
p-trailmode=1
p-type=5
p-uvscroll-rgb=-0.10000000149011612 0
p-vel=0 50 100
p-worldaccel=0 0 0
p-xrgba1=0 1 1 1 0
p-xrgba2=0.1 1 1 1 0.6
p-xrgba3=0.7 0.5 0 0 0.4
p-xrgba4=1 0.5 0 0 0
p-xscale1=0 0 1 1
p-xscale2=0.2 1 1 1
p-xscale3=1 0.5 0.5 0.5
pass=1
rendermode=1

[Trail2]
e-life=-1
e-linger=0
e-local-orient=1
e-rate=100
e-rgba=255 255 255 255
e-tilesize=110 0 0
e-trail-cutoff=1000
flag-disable-z=0
p-drag=0 0 1
p-life=0.6000000000000001
p-linger=1
p-offset=0 0 -10
p-scale=55 0 0
p-texture=SRU_RedBuff_redTrail.tga
p-trailmode=1
p-type=5
p-uvscroll-rgb=-0.10000000149011612 0
p-vel=0 50 100
p-worldaccel=0 0 0
p-xrgba1=0 1 1 1 0
p-xrgba2=0.1 1 1 1 1
p-xrgba3=0.6 0.5 0.3 0.3 0.6
p-xrgba4=1 0.5 0.3 0.3 0
p-xscale1=0 0 0.5 0.5
p-xscale2=0.2 1 1 1
p-xscale3=1 0.5 0.5 0.5
pass=1
rendermode=1

[centerGlow]
e-life=-1
e-rate=5
p-bindtoemitter=1
p-life=1
p-lifeP1=0 0.8
p-lifeP2=1 1
p-linger=0
p-quadrot=1 1 0
p-quadrotXP1=0 1
p-quadrotXP2=1 360
p-rotvel=-100 0 0
p-rotvelXP1=0 0.5
p-rotvelXP2=1 1
p-scale=150 150 0
p-scaleXP1=0 0.8
p-scaleXP2=1 1
p-texture=SRU_RedBuff_centerGlow.dds
p-type=0
p-vecalign=0
p-xrgba=1 1 1 1
p-xrgba1=0 1 1 1 0
p-xrgba2=0.3 0.8 0.8 0.8 1
p-xrgba3=1 0.5 0.5 0.5 0
p-xscale1=0 0.3 0.3 0
p-xscale2=1 1 1 0
pass=3
rendermode=1
uniformscale=1

[centerGlowViolet]
e-life=-1
e-rate=4
flag-disable-z=0
p-bindtoemitter=1
p-life=1.5
p-lifeP1=0 0.5
p-lifeP2=1 1
p-linger=0
p-quadrot=1 1 0
p-quadrotXP1=0 1
p-quadrotXP2=1 360
p-rotvel=-150 0 0
p-rotvelXP1=0 -0.30000001192092896
p-rotvelXP2=1 1
p-scale=120 120 0
p-scaleXP1=0 0.8
p-scaleXP2=1 1
p-texture=SRU_RedBuff_centerGlowViolet.dds
p-type=0
p-vecalign=0
p-xrgba=1 1 1 1
p-xrgba1=0 1 1 1 0
p-xrgba2=0.3 1 1 1 1
p-xrgba3=1 1 1 1 0
p-xscale1=0 0.8 0.8 0
p-xscale2=1 1 1 0
pass=4
rendermode=4
uniformscale=1

