[System]
GroupPart1=flash
GroupPart1Importance=Low
GroupPart1Type=Simple
GroupPart2=raise_energy
GroupPart2Importance=High
GroupPart3=spark
PersistThruDeath=1
SimulateEveryFrame=1

[flash]
KeywordsExcluded=Aatroxskin01
e-life=0.1
e-rate=20
e-rgba=255 255 255 139
p-colortype=1 3
p-flexoffset=0.004999999888241291
p-flexscale=0.004999999888241291
p-life=0.25
p-lifeP1=0 0.5
p-lifeP2=1 1
p-postoffset=0 70 0
p-quadrot=1
p-quadrotXP1=0 0
p-quadrotXP2=1 360
p-scale=300
p-texture=Aatrox_Skin02_R_explosion_groundDark.dds
p-xrgba=1 1 1 1
p-xrgba1=0 1 1 1 1
p-xrgba2=1 1 1 1 0
p-xscale=1
p-xscale1=0 0.6
p-xscale2=0.30000000000000004 0.9
p-xscale3=1 1.1
pass=10

[raise_energy]
KeywordsExcluded=Aatroxskin01
e-life=0.2
e-rate=10
p-colortype=1 3
p-flexoffset=0.004999999888241291
p-flexscale=0.004999999888241291
p-life=0.2
p-lifeP1=0 0.5
p-lifeP2=1 1
p-postoffset=0 200 0
p-quadrot=0 0 90
p-rgba=color_Aatrox_Skin01_E_smoke.tga
p-scale=1 1 1
p-scaleXP1=0 0.3
p-scaleXP2=1 1
p-texture=Aatrox_Skin02_R_explosion_fireLine.dds
p-type=1
p-xscale=200 100 100
p-xscale1=0 0.1 0.1 0.1
p-xscale2=0.2 2 2 1.1
p-xscale3=1 3 0.1 0.1
rendermode=4
single-particle=1

[spark]
KeywordsExcluded=Aatroxskin01
e-life=0.30000000000000004
e-rate=15
e-rgba=255 196 47 255
e-rotation1=1
e-rotation1-axis=0 1 0
e-rotation1P1=0 0
e-rotation1P2=1 360
e-rotation2=1
e-rotation2P1=0 0
e-rotation2P2=1 360
p-colortype=1 3
p-flexoffset=0.004999999888241291
p-flexscale=0.004999999888241291
p-life=1
p-lifeP1=0 0.5
p-lifeP2=1 1
p-postoffset=0 50 0
p-quadrot=1 0 0
p-quadrotXP1=0 0
p-quadrotXP2=1 360
p-scale=1 1 1
p-scaleXP1=0 0.3
p-scaleXP2=1 1
p-texture=Aatrox_Skin02_Q_Flash.dds
p-vel=1 1 0
p-velXP1=0 50
p-velXP2=1 200
p-velYP1=0 200
p-velYP2=1 700
p-worldaccel=0 -1000 0
p-xrgba=1 1 1 1
p-xrgba1=0 1 1 1 1
p-xrgba2=1 1 1 1 0
p-xscale=50 50 50
p-xscale1=0 1 1 1
p-xscale2=1 0.1 0.1 0.1
rendermode=4
single-particle=1

