[DarkEnergy2]
KeywordsExcluded=Aatroxskin01
e-life=0.4
e-linger=0.30000000000000004
e-rate=100
p-drag=2 2 2
p-life=0.5
p-lifeP1=0 0.8
p-lifeP2=1 1.5
p-linger=2
p-numframes=4
p-quadrot=0 0 90
p-randomstartframe=1
p-rgba=Color_Aatrox_W_impact_shock.tga
p-scale=40 50 50
p-scaleXP1=0 0.8
p-scaleXP2=1 1.7000000000000002
p-scaleYP1=0 0.4
p-scaleYP2=1 1.3
p-texdiv=2 2
p-texture=Aatrox_R_active_hit_smoke.tga
p-type=1
p-vel=0 230 0
p-velYP1=0.3 0
p-velYP2=1 1.5
p-velZP1=0 -1
p-velZP2=1 1
p-xrgba=1 1 1 1
p-xrgba1=0 0 0 0 1
p-xrgba2=0.5 0 0 0 1
p-xrgba3=1 0 0 0 0
p-xscale=1 1 1
p-xscale1=0 1 1 1
p-xscale2=1 2.5 1.3 1
rendermode=1

[Purple_trail]
KeywordsExcluded=Aatroxskin01
e-disabled=1
e-life=0.5
e-rate=40
e-rotation1=1
e-rotation1-axis=0 1 0
e-rotation1P1=0 1
e-rotation1P2=1 180
e-tilesize=700 0 0
e-uvoffset=1 0
p-colortype=1 3
p-life=0.5
p-linger=1
p-local-orient=1
p-quadrot=90 0 0
p-rgba=Color_Aatrox_W_blood.tga
p-scale=50 20 80
p-texdiv=1 3
p-texture=Aatrox_R_Active_hit_missile.tga
p-trailmode=1
p-type=5
p-uvscroll-rgb=0.2 0
p-vel=60 60 60
p-velXP1=0 -1
p-velXP2=1 1
p-velYP1=0 -1
p-velYP2=1 1
p-velZP1=0 -1
p-velZP2=1 1
p-xrgba=1 1 1 1
p-xrgba1=0 1 1 1 1
p-xrgba2=0.5 1 1 1 1
p-xscale=1 1 1
p-xscale1=0 1 1 1
p-xscale2=0.5 0.8 0.8 0.8
p-xscale3=1 0 0 0
pass=-10
rendermode=1

[Swirl]
KeywordsExcluded=Aatroxskin01
e-life=0.6000000000000001
e-rate=250
e-rgba=255 140 25 255
e-tilesize=400 310 0
p-colorscale=1 0.6000000000000001
p-life=0.30000000000000004
p-linger=1
p-orbitvel1=0 1 1 1
p-orbitvel2=1 3 3 3
p-scale=10 10 10
p-texture=Aatrox_E_ground_trench_hot.tga
p-trailmode=1
p-type=4
p-xrgba=1 1 1 1
p-xrgba1=0 1 1 1 1
p-xrgba2=1 1 0 0 0
p-xscale=1 1 1
p-xscale1=0 0 0 0
p-xscale2=0.2 1 1 1
p-xscale3=1 0 0 0
pass=100

[Swirl2]
KeywordsExcluded=Aatroxskin01
e-life=0.6000000000000001
e-rate=90
e-rotation1=1
e-rotation11=0 180
e-rotation12=1 500
e-tilesize=400 310 0
p-colorscale=1 0.6000000000000001
p-colortype=1 3
p-life=0.30000000000000004
p-linger=1
p-offset=20 0 0
p-orbitvel=0 10 0
p-orbitvel1=0 1 1 1
p-orbitvel2=1 3 3 3
p-scale=10 10 10
p-texture=Aatrox_E_ground_trench_hot.tga
p-trailmode=1
p-type=4
p-xrgba=1 1 1 1
p-xrgba1=0 1 0.054902 0.054902 1
p-xrgba2=1 1 0.117647 0.117647 0
p-xscale=1 1 1
p-xscale1=0 0 0 0
p-xscale2=0.2 1 1 1
p-xscale3=1 0 0 0
pass=100

[System]
GroupPart1=hoop
GroupPart2=Purple_trail
GroupPart3=DarkEnergy2
GroupPart4=Swirl
GroupPart5=Swirl2
SimulateEveryFrame=1

[hoop]
KeywordsExcluded=Aatroxskin01
e-life=0.3499999940395355
e-rate=200
p-drag=1 2 1
p-dragYP1=0 0.1
p-dragYP2=1 1
p-life=0.7000000000000001
p-lifeP1=0 0.4
p-lifeP2=1 2.5
p-offset=10 0 10
p-offsetXP1=0 -1
p-offsetXP2=1 1
p-orbitvel=0 3 0
p-orbitvelYP1=0 -1
p-orbitvelYP2=1 1
p-randomstartframe=1
p-rgba=Color_Aatrox_W_impact.tga
p-scale=7 10 10
p-scaleXP1=0 0.5
p-scaleXP2=1 1
p-scaleYP1=0 0.2
p-scaleYP2=1 1.2000000000000002
p-texdiv=2 2
p-texture=Aatrox_R_Sparks.tga
p-vec-velocity-scale=0.009999999776482582
p-vecalign=1
p-vel=110 500 0
p-velXP1=0 -1
p-velXP2=1 1
p-velYP1=0 0
p-velYP2=1 1.4000000000000001
p-velZP1=0 -1
p-velZP2=1 1
p-xrgba=1 1 1 1
p-xrgba1=0 1 1 1 1
p-xrgba2=0.25 0.8 0.5 0.5 1
p-xscale=1 1 1
p-xscale1=0 1.5 1.5 1.5
p-xscale2=1 0 0 0
pass=1
rendermode=4

