[Flash]
KeywordsExcluded=Aatroxskin01
e-life=0.3499999940395355
e-rate=2
e-timeoffset=0.05999999865889549
flag-disable-z=1
p-bindtoemitter=1 1
p-colortype=1 3
p-flexoffset=0.009999999776482582
p-flexscale=0.004999999888241291
p-life=0.30000000000000004
p-offset=0 40 0
p-quadrot=1
p-quadrotXP1=0 0
p-quadrotXP2=1 360
p-rgba=Color_Aatrox_W_blood.tga
p-scale=150
p-scale1=0 1
p-scale2=1 0
p-scaleXP1=0 0.8
p-scaleXP2=1 1
p-texture=Aatrox_Skin02_R_explosion_radialSuck.dds
p-xscale=1
p-xscale1=0 0.4
p-xscale2=0.4 0.8
p-xscale3=1 1.1
pass=100
single-particle=1

[Flash_center]
KeywordsExcluded=Aatroxskin01
e-disabled=1
e-life=0.15000000596046448
e-rate=30
e-timeoffset=0.05999999865889549
flag-disable-z=1
p-bindtoemitter=1 1
p-colortype=1 3
p-flexoffset=0.009999999776482582
p-flexscale=0.004999999888241291
p-life=0.2
p-offset=0 40 0
p-quadrot=1
p-quadrotXP1=0 0
p-quadrotXP2=1 360
p-rgba=Color_Aatrox_W_blood.tga
p-scale=200
p-scale1=0 1
p-scale2=1 0.30000000000000004
p-scaleXP1=0 0.7
p-scaleXP2=1 1
p-texture=Aatrox_Skin02_R_explosion_physical_bright.dds
p-xscale=1
p-xscale1=0 0
p-xscale2=0.5 0.8
p-xscale3=1 1
pass=100
rendermode=4

[System]
GroupPart1=Flash_center
GroupPart1Type=Simple
GroupPart2=Flash
GroupPart2Type=Simple
GroupPart3=distort
GroupPart3Importance=High
GroupPart3Type=Simple
GroupPart4=blast
GroupPart5=blast_in
PersistThruDeath=1
SimulateEveryFrame=1
SoundOnCreate=Play_sfx_AatroxSkin02_AatroxRHeal_hit

[blast]
KeywordsExcluded=Aatroxskin01
e-disabled=1
e-life=0.7000000000000001
e-local-orient=0
e-rate=1
p-backfaceon=1
p-bindtoemitter=0.3 0
p-colortype=1 3
p-life=0.6000000000000001
p-life1=0 1
p-life2=1 0.8
p-linger=1
p-mesh=ahridash.sco
p-meshtex=Ahri_fire_burst.tga
p-offset=0 100 0
p-quadrot=180 0 0
p-rgba=color-rampdown.tga
p-scale1=0 405 500 405
p-scale2=1 405 700 405
p-scaleXP1=0 0.8
p-scaleXP2=1 1
p-type=3
p-uvscroll-rgb=0.4000000059604645 -0.800000011920929
p-uvscroll-rgbXP1=0 -1
p-uvscroll-rgbXP2=1 1
single-particle=1

[blast_in]
KeywordsExcluded=Aatroxskin01
e-disabled=1
e-life=1
e-local-orient=0
e-rate=2
p-bindtoemitter=1 1
p-flexoffset=0.004999999888241291
p-flexscale=0.004999999888241291
p-life=0.2
p-postoffset=0 50 0
p-quadrot=90 1 90
p-quadrotYP1=0 1
p-quadrotYP2=1 360
p-scale=200 200 0
p-texture=Aatrox_R_explosion_fireRing.tga
p-xrgba=1 1 1 1
p-xrgba1=0 1 1 1 0
p-xrgba2=0.03 1 1 1 1
p-xrgba3=0.3 1 1 1 1
p-xrgba4=1 1 1 1 0
p-xscale=1 1 1
p-xscale1=0 0.4 0.4 0.4
p-xscale2=0.30000000000000004 1 1 1
p-xscale3=1 0 0 0
pass=1
single-particle=1

[distort]
KeywordsExcluded=Aatroxskin01
e-life=1
e-rate=1
e-rgba=255 173 58 255
flag-disable-z=1
p-bindtoemitter=1 1
p-distortion-power=0.05000000074505806
p-flexoffset=0.009999999776482582
p-flexscale=0.004999999888241291
p-life=0.5
p-linger=0
p-normal-map=Aatrox_Basic_Impact_ring.tga
p-offset=0 50 0
p-scale=150
p-texture=Color_SKin02_Aatrox_E_ground_trench.dds
p-xrgba=1 1 1 1
p-xrgba1=0 1 1 1 1
p-xrgba2=1 1 0.67451 0.215686 0
p-xscale=1
p-xscale1=0 0
p-xscale2=1 1
rendermode=1
single-particle=1

