[System]
GroupPart1=shred_skin01
GroupPart2=glow_skin01
GroupPart3=spark_skin01
GroupPart4=flash_skin01
SimulateEveryFrame=1

[flash_skin01]
KeywordsRequired=AatroxSkin01
e-life=15.5
e-local-orient=0.1
e-rate=1
e-timeoffset=14.9
p-bindtoemitter=1 1
p-life=0.12
p-linger=10
p-local-orient=1
p-postoffset=10 105 1
p-postoffsetZP1=0 -60.02000045776367
p-postoffsetZP2=1 -60.040000915527344
p-quadrot=1 1 0
p-quadrotXP1=0 15
p-quadrotXP2=1 17
p-quadrotYP1=0 0
p-quadrotYP2=1 360
p-scale=55 55 55
p-scaleXP1=0 0.5
p-scaleXP2=1 1
p-simpleorient=3
p-texture=Aatrox_skin01_R_explosion_groundBurn.tga
p-type=1
p-xrgba=1 1 1 1
p-xrgba1=0 1 1 1 0
p-xrgba2=0.1 1 1 1 1
p-xrgba3=0.95 1 1 1 0
p-xrgba4=1 1 1 1 0
p-xscale1=0 1 1 1
p-xscale2=1 7 0 7
rendermode=0
single-particle=1

[glow_skin01]
KeywordsRequired=AatroxSkin01
e-life=13
e-local-orient=0.1
e-rate=60
p-bindtoemitter=1 1
p-life=1.5
p-lifeP1=0 0.2
p-lifeP2=1 1.5
p-linger=10
p-local-orient=1
p-postoffset=10 105 1
p-postoffsetZP1=0 -60.02000045776367
p-postoffsetZP2=1 -60.040000915527344
p-quadrot=1 1 0
p-quadrotXP1=0 15
p-quadrotXP2=1 17
p-quadrotYP1=0 0
p-quadrotYP2=1 360
p-scale=110 110 110
p-scaleXP1=0 0.5
p-scaleXP2=1 1
p-simpleorient=3
p-texture=Aatrox_skin01_E_Hit_tar_slow.tga
p-type=1
p-xrgba=1 1 1 1
p-xrgba1=0 1 1 1 0
p-xrgba2=0.5 1 1 1 0.1
p-xrgba3=0.95 1 1 1 0
p-xrgba4=1 1 1 1 0
p-xscale1=0 0 0 0
p-xscale2=1 1 1 1
rendermode=0
uniformscale=1

[shred_skin01]
KeywordsRequired=AatroxSkin01
e-life=1
e-local-orient=0.1
e-rate=8
p-bindtoemitter=1 1
p-life=13
p-linger=10
p-local-orient=1
p-postoffset=10 105 1
p-postoffsetZP1=0 -60
p-postoffsetZP2=1 -60.150001525878906
p-quadrot=1 1 0
p-quadrotXP1=0 15
p-quadrotXP2=1 17
p-quadrotYP1=0 -5
p-quadrotYP2=1 -10
p-scale=60 60 60
p-simpleorient=3
p-texture=Aatrox_skin01_R_shred.tga
p-type=1
p-xrgba=1 1 1 0.2
p-xrgba1=0 1 1 1 0
p-xrgba2=0.15 1 1 1 0.8
p-xrgba3=0.25 1 1 1 0.2
p-xrgba4=0.4 1 1 1 1
p-xrgba5=0.5 1 1 1 0.2
p-xrgba6=0.6 1 1 1 1
p-xrgba7=0.7 1 1 1 0.2
p-xrgba8=0.9 1 1 1 1
p-xrgba9=1 1 1 1 0
p-xscale1=0 0 0 0
p-xscale2=0.05 1 1 1
p-xscale3=0.92 1 1 1
p-xscale4=1 0 0 0
rendermode=0
single-particle=1
uniformscale=1

[spark_skin01]
KeywordsRequired=AatroxSkin01
e-life=14.5
e-local-orient=0.1
e-rate=5
p-bindtoemitter=1 1
p-life=1
p-lifeP1=0 1
p-lifeP2=1 1.5
p-linger=10
p-local-orient=1
p-postoffset=10 105 1
p-postoffsetZP1=0 -60.02000045776367
p-postoffsetZP2=1 -60.040000915527344
p-quadrot=1 1 0
p-quadrotXP1=0 15
p-quadrotXP2=1 17
p-quadrotYP1=0 0
p-quadrotYP2=1 360
p-scale=110 110 110
p-scaleXP1=0 0.5
p-scaleXP2=1 1
p-simpleorient=3
p-texture=Aatrox_skin01_Q_Spark.tga
p-type=1
p-xrgba=1 1 1 1
p-xrgba1=0 1 1 1 0
p-xrgba2=0.7 1 1 1 1
p-xrgba3=0.95 1 1 1 0
p-xrgba4=1 1 1 1 0
p-xscale1=0 1 1 1
p-xscale2=1 0 0 0
rendermode=0
uniformscale=1

