[Mesh_01]
e-life=1
e-rate=1
e-rgba=255 255 255 135
p-bindtoemitter=1 1
p-life=0.2199999988079071
p-local-orient=1
p-mesh=aatrox_skin02_q_cast_01.scb
p-meshtex=Aatrox_Skin02_Z_FlameScroll.dds
p-quadrot=-90 0 0
p-scale=2.4000000000000004 3 2.4000000000000004
p-type=3
p-uvscroll-rgb=0 -10
p-xrgba=1 1 1 1
p-xrgba1=0 1 1 1 0
p-xrgba2=0.5 1 1 1 1
p-xrgba3=0.8 1 1 1 1
p-xrgba4=1 1 1 1 0
p-xscale=1 1 1
p-xscale1=0 1 0 1
p-xscale2=0.4 1 1 1
p-xscale3=1 1.2000000000000002 1 1.2000000000000002
rendermode=1
single-particle=1

[Mesh_02]
e-disabled=1
e-life=1
e-rate=1
e-rgba=255 255 255 44
p-backfaceon=1
p-bindtoemitter=1 1
p-life=0.1
p-local-orient=1
p-mesh=aatrox_skin02_q_cast_03.scb
p-meshtex=Aatrox_Skin02_Q_SmokeScroll_01.dds
p-quadrot=-90 0 0
p-scale=3 3 3
p-type=3
p-uvscroll-rgb=0 -3
p-xrgba=1 1 1 1
p-xrgba1=0 1 1 1 0
p-xrgba2=0.8 1 1 1 1
p-xrgba3=1 1 1 1 0
p-xscale=1 1 1
p-xscale1=0 1 0 1
p-xscale2=0.4 1 1 1
p-xscale3=1 1.2000000000000002 1 1.2000000000000002
rendermode=1
single-particle=1

[Mesh_03]
e-life=0.33000001311302185
e-rate=10
e-rgba=255 255 255 44
e-timeoffset=0.029999999329447746
p-backfaceon=1
p-life=0.30000000000000004
p-mesh=aatrox_skin02_q_cast_02.scb
p-meshtex=Aatrox_Skin02_Q_SmokeScroll_01.dds
p-quadrot=-90 0 0
p-scale=3 3 3
p-scaleYP1=0 1
p-scaleYP2=1 2
p-texdiv=1 3
p-type=3
p-uvscroll-rgb=0 -1
p-xrgba=1 1 1 1
p-xrgba1=0 1 1 1 0
p-xrgba2=0.8 1 1 1 1
p-xrgba3=1 1 1 1 0
p-xscale=1 1 1
p-xscale1=0 0.3 1 0.3
p-xscale2=1 1.2000000000000002 1 1.2000000000000002
rendermode=1

[System]
GroupPart1=Mesh_01
GroupPart2=Mesh_02
GroupPart3=Mesh_03
SimulateEveryFrame=1

