[JetFlame_Burst]
e-life=0.30000000000000004
e-rate=4
e-timeoffset=0.2199999988079071
p-colortype=1 3
p-life=0.1
p-linger=1
p-offset=0 15 0
p-quadrot=1
p-quadrotP1=0 180
p-quadrotP2=1 360
p-rgba=Color_Aatrox_skin01_W_power_hit.tga
p-rotvel=0
p-scale=8
p-simpleorient=2
p-texture=Aatrox_Basic_Impact.tga
p-type=1
p-xquadrot=0
p-xscale=1
p-xscale1=0 4 4 4
p-xscale2=0.3 10 10 10
p-xscale3=1 15 15 15
single-particle=1

[Starhitdust]
e-disabled=1
e-life=0.5
e-rate=90
e-rotation1=1
e-rotation1P1=0 0
e-rotation1P2=1 360
e-timeoffset=0.25
p-colortype=1 3
p-life=1.75
p-lifeP1=0 0.2
p-lifeP2=1 1
p-linger=1
p-numframes=4
p-offset=10 0 10
p-offsetYP1=0 1
p-offsetYP2=1 6
p-quadrot=1
p-quadrotP1=0 0
p-quadrotP2=1 360
p-randomstartframe=1
p-rgba=Color_Aatrox_Q_land_smoke.tga
p-rotvel=60
p-rotvelP1=0 -1
p-rotvelP2=1 1
p-scale=50
p-scaleP1=0 0.5
p-scaleP2=1 1.6
p-texdiv=2 2
p-texture=Aatrox_Q_land_smoke.tga
p-vel=70 30 70
p-velXP1=0 0.6
p-velXP2=1 1
p-xquadrot=0
p-xscale=1
p-xscale1=0 0 0 0
p-xscale2=0.2 1.3 1.3 1.3
p-xscale3=0.25 1.399999976158142 1.399999976158142 1.399999976158142
p-xscale4=1 1.7000000000000002 1.7000000000000002 1.7000000000000002
rendermode=1

[System]
GroupPart1=trail
GroupPart2=Starhitdust
GroupPart2Type=Simple
GroupPart3=JetFlame_Burst
GroupPart3Importance=High
GroupPart3Type=Simple
GroupPart4=trail_mesh
SimulateEveryFrame=1

[trail]
e-disabled=1
e-life=0.5
e-linger=-1
e-rate=200
p-colortype=1 3
p-life=0.44999998807907104
p-rgba=color_Aatrox_Skin01_E_smoke.tga
p-scale=250 250 250
p-scaleXP1=0 0.1
p-scaleXP2=1 1
p-texture=Aatrox_Skin02_Z_Glow_01.dds
p-xrgba=1 1 1 1
p-xrgba1=0.2 0.35 0.2 0.1 0
p-xrgba2=0.7 0.35 0.2 0.1 1
p-xrgba3=1 0.35 0.2 0.1 0
p-xscale=1 1 1
p-xscale1=0 0.15 0.15 0.15
p-xscale2=0.30000000000000004 1 1 1
p-xscale3=1 0.5 0.5 0.5
uniformscale=1

[trail_mesh]
e-alpharef=250
e-disabled=1
e-life=0.6499999761581421
e-rate=20
e-timeoffset=0.4
e-uvoffset=1 1
p-backfaceon=1
p-bindtoemitter=1 1
p-colortype=1 3
p-life=0.11999999731779099
p-lifeP1=0 0.8
p-lifeP2=1 2
p-linger=1
p-mesh=Aatrox_Skin02_Q_Spin_mesh.sco
p-meshtex=Aatrox_W_Active_Impact.tga
p-offset=0 -100 0
p-quadrot=1 1 90
p-quadrotYP1=0 0
p-quadrotYP2=1 360
p-rgba=Color_Aatrox_W_active_impact.tga
p-scale=20 4 3
p-type=3
p-uvscroll-no-alpha=1
p-uvscroll-rgb=3 1
p-xscale=1 1 1
p-xscale1=0 1 1 1
p-xscale2=0.30000000000000004 1 1 1
p-xscale3=1 1.1 1 1.1

