[System]
GroupPart1=slice
GroupPart2=ground
PersistThruDeath=1
SimulateEveryFrame=1
SoundOnCreate=Play_sfx_AatroxSkin02_AatroxEConeMissile_hit

[ground]
KeywordsExcluded=Aatroxskin01
e-life=1
e-rate=5
e-rgba=255 35 35 255
p-bindtoemitter=0.1 0
p-colortype=1 3
p-flexoffset=0.004999999888241291
p-flexscale=0.004000000189989805
p-life=1
p-quadrot=90 1 0
p-quadrotYP1=0 0
p-quadrotYP2=1 360
p-rotvel=0 1 0
p-rotvelYP1=0 -25
p-rotvelYP2=1 25
p-scale=60 60 60
p-texture=Aatrox_Skin02_Q_indicator_decal_large.dds
p-type=1
p-vel=0 -50 0
p-xrgba=1 1 1 1
p-xrgba1=0 1 1 1 1
p-xrgba2=1 1 1 1 0
p-xscale=1 1 1
p-xscale1=0 0.5 0.5 0.5
p-xscale2=0.7000000000000001 1 1 1
p-xscale3=1 1.2000000000000002 1.2000000000000002 1.2000000000000002
rendermode=4
uniformscale=1

[slice]
KeywordsExcluded=Aatroxskin01
e-life=0.5
e-rate=1
flag-disable-z=1
p-bindtoemitter=1 1
p-flexoffset=0.004999999888241291
p-flexscale=0.004999999888241291
p-life=0.3499999940395355
p-offset=0 1 0
p-offsetYP1=0 -15
p-offsetYP2=1 15
p-quadrot=1 0 0
p-quadrotXP1=0 15
p-quadrotXP2=1 -15
p-scale=190 80 100
p-scaleXP1=0 0.7
p-scaleXP2=1 1
p-scaleYP1=0 0.7
p-scaleYP2=1 1.2000000000000002
p-texture=Aatrox_Skin02_E_impact_slice.dds
p-xscale=1 1 1
p-xscale1=0 0.5 1 0
p-xscale2=0.3499999940395355 0.75 1 1
p-xscale3=0.6499999761581421 1 0.10000000149011612 1
p-xscale4=1 1.25 0 1
rendermode=1
single-particle=1

