[System]
GroupPart1=impact
GroupPart2=impact_small
GroupPart3=vecalign
GroupPart3Importance=High
GroupPart4=blur
SimulateEveryFrame=1

[blur]
ExcludeAttachmentType=turret nexus inhibitor
e-disabled=1
e-life=1
e-rate=1
e-uvoffset=1 0
e-uvoffsetXP1=0 1
e-uvoffsetXP2=1 1
p-flexoffset=0.004999999888241291
p-flexscale=0.004999999888241291
p-life=0.2
p-lifeP1=0 0.75
p-lifeP2=1 1
p-numframes=4
p-quadrot=-20 1 0
p-quadrotYP1=0 0
p-quadrotYP2=1 360
p-randomstartframe=1
p-rgba=alpha_04.tga
p-scale=1 1 0
p-texdiv=2 2
p-texture=Aatrox_impact_blur.tga
p-type=2
p-xscale=1 1 1
p-xscale1=0 1 1 1
p-xscale2=1 130 130 0
single-particle=1

[impact]
ExcludeAttachmentType=turret nexus inhibitor
e-life=1
e-rate=10
p-flexoffset=0.004999999888241291
p-flexscale=0.004999999888241291
p-life=0.6499999761581421
p-lifeP1=0 0.75
p-lifeP2=1 1
p-numframes=4
p-quadrot=-20 1 0
p-quadrotYP1=0 0
p-quadrotYP2=1 360
p-randomstartframe=1
p-scale=1 1 0
p-scaleXP1=0 0.2
p-scaleXP2=1 0.7000000000000001
p-scaleYP1=0 0.8
p-scaleYP2=1 0.9
p-texdiv=2 2
p-texture=Aatrox_Skin02_impact_01.dds
p-vec-velocity-minscale=1.3
p-vec-velocity-scale=0.00800000037997961
p-vecalign=1
p-vel=200 200 200
p-velXP1=0 -1
p-velXP2=1 1
p-velYP1=0 -1
p-velYP2=1 1
p-velZP1=0 -1
p-velZP2=1 1
p-xrgba=1 1 1 1
p-xrgba1=0 1 1 1 0.75
p-xrgba2=0.2 1 1 1 0.75
p-xrgba3=1 1 1 1 0
p-xscale=1 1 1
p-xscale1=0 1 1 1
p-xscale2=0.3 60 80 1
p-xscale3=0.8 85 100 1
p-xscale4=1 95 120 1
rendermode=1
single-particle=1

[impact_small]
ExcludeAttachmentType=turret nexus inhibitor
e-life=1
e-rate=1
e-timeoffset=0.1
p-flexoffset=0.004999999888241291
p-flexscale=0.004999999888241291
p-life=0.6499999761581421
p-lifeP1=0 0.75
p-lifeP2=1 1
p-numframes=4
p-quadrot=-20 1 0
p-quadrotYP1=0 -35
p-quadrotYP2=1 35
p-randomstartframe=1
p-scale=1 1 0
p-scaleXP1=0 0.1
p-scaleXP2=1 0.7000000000000001
p-scaleYP1=0 0.3
p-scaleYP2=1 0.9
p-texdiv=2 2
p-texture=Aatrox_Skin02_impact_01.dds
p-type=2
p-xrgba=1 1 1 1
p-xrgba1=0 1 1 1 1
p-xrgba2=0.2 1 1 1 1
p-xrgba3=1 1 1 1 0
p-xscale=1 1 1
p-xscale1=0 1 1 1
p-xscale2=0.3 120 220 1
p-xscale3=0.8 150 260 1
p-xscale4=1 160 300 1
rendermode=1
single-particle=1

[vecalign]
e-alpharef=20
e-life=1
e-rate=40
p-colortype=3 3
p-drag=3 4 3
p-flexscale=0.004999999888241291
p-life=0.5
p-lifeP1=0 0.5
p-lifeP2=0.5 0.5
p-lifeP3=1 2
p-numframes=4
p-randomstartframe=1
p-scale=5 15 0
p-scaleXP1=0 1
p-scaleXP2=1 2
p-texdiv=2 2
p-texture=Aatrox_Skin02_impact_Spark.dds
p-vec-velocity-minscale=1.3
p-vec-velocity-scale=0.00800000037997961
p-vecalign=1
p-vel=500 500 800
p-velXP1=0 -1
p-velXP2=1 1
p-velYP1=0 -1
p-velYP2=1 1
p-velZP1=0 -1
p-velZP2=1 1
p-worldaccel=0 -200 0
p-xrgba=1 1 1 1
p-xrgba1=0 1 1 1 1
p-xrgba2=0.2 1 1 1 1
p-xrgba3=1 1 1 1 0
p-xscale=1 1 1
p-xscale1=0 1 1 1
p-xscale2=0.5 1 1 1
p-xscale3=1 1 0 0
pass=50
rendermode=4
single-particle=1

[UNKNOWN_HASHES]
unk267CF285=0 -200 0
unk3338EECF=1000
unk551330D7=0 400 0
unkF3A66671=2
