[CometTrail]
e-life=2
e-local-orient=0
e-rate=100
e-tilesize=100 0 0
e-trail-cutoff=1000
p-life=0.7000000000000001
p-linger=0.7000000000000001
p-local-orient=1
p-scale=75 75 75
p-scale1=0 0 1 1
p-scale2=0.1 1 1 1
p-texdiv=6 1
p-texture=Soraka_Base_Q_Mis_Trail.dds
p-trailmode=1
p-type=4
p-xrgba=1 1 1 1
p-xrgba1=0 1 1 1 0
p-xrgba2=0.1 1 1 1 1
p-xrgba3=0.3 1 1 1 0.2
p-xrgba4=1 1 0 0 0
p-xscale=1 1 1
p-xscale1=0 1 1 1
p-xscale2=0.1 1 1 1
p-xscale3=1 0 0 0
pass=1
rendermode=4

[GlowLoop]
e-life=1
e-linger=0.2
e-rate=50
p-life=0.9
p-lifeP1=0 0.5
p-lifeP2=1 1
p-offset=0 50 0
p-offsetXP1=0 0
p-offsetXP2=1 1
p-postoffset=0 10 0
p-postoffsetYP1=0 0
p-postoffsetYP2=1 1
p-scale=50 100 1
p-texture=bigglow.dds
p-vecalign=1
p-vel=0 50 0
p-xrgba=0.5725489854812622 0.32548999786376953 1 1
p-xrgba1=0 1 1 1 0
p-xrgba2=0.3 1 1 1 0.2
p-xrgba3=0.8 1 1 1 0.1
p-xrgba4=1 1 1 1 0
p-xscale=1 1 1
p-xscale1=0 0.31 0.31 0.31
p-xscale2=0.2 0.5 0.5 0.5
p-xscale3=0.6000000000000001 1 1 1
p-xscale4=1 0 0 0

[Sparkles]
e-local-orient=0
e-rate=15
e-ratebyvel=0.03 0
flag-disable-z=1
p-bindtoemitter=0.1 0
p-drag=3 2 3
p-flexoffset=0.004999999888241291
p-life=0.30000000000000004
p-lifeP1=0 1.3
p-lifeP2=1 2.6
p-linger=2
p-offset=30 30 30
p-offsetXP1=0 -1
p-offsetXP2=1 1
p-offsetYP1=0 0
p-offsetYP2=1 1
p-offsetZP1=0 -1
p-offsetZP2=1 1
p-orbitvel=0 0.8 0
p-orbitvelYP1=0 -1
p-orbitvelYP2=1 1
p-scale=80 80 0
p-scale1=0 0.25 0.25 0
p-scale2=1 1 1 0
p-scaleXP1=0 0.15
p-scaleXP2=1 0.7000000000000001
p-texture=Soraka_Base_Q_Mis_Star.dds
p-vel=100 -200 0
p-velXP1=0 -1
p-velXP2=1 1
p-velYP1=0 0
p-velYP2=1 1
p-velZP1=0 -1
p-velZP2=1 1
p-xscale=1 1 1
p-xscale1=0 0.1 0.1 0.1
p-xscale2=0.1 0.30000000000000004 0.30000000000000004 0.30000000000000004
p-xscale3=0.30000000000000004 2 2 2
p-xscale4=0.6000000000000001 0.30000000000000004 0.30000000000000004 0.30000000000000004
p-xscale5=1 0.1 0.1 0.1
uniformscale=1

[System]
GroupPart1=GlowLoop
GroupPart2=Sparkles
GroupPart3=CometTrail
PersistThruDeath=1
SimulateEveryFrame=1

[UNKNOWN_HASHES]
unk39C32936=0
unkB564C1BC=0 5
unkB564C1BD=0.5 1
unkD5D9F2D0=1 3
