[Flame_Add_edges]
KeywordsExcluded=ThreshUndersea ThreshSkin02
e-life=-1
e-linger=0
e-local-orient=1
e-rate=5
p-accel=0 0 -20
p-bindtoemitter=1 1
p-coloroffset=0 0
p-colorscale=1 1
p-colortype=1 0
p-frameRate=0
p-life=1
p-lifeP1=0 1
p-lifeP2=1 1.2000000000000002
p-linger=0
p-local-orient=1
p-numframes=16
p-postoffset=0 0 5
p-quadrot=1
p-quadrotP1=0 0
p-quadrotP2=1 360
p-randomstartframe=1
p-rgba=color-ghostfire.tga
p-rotvel=0 20 0
p-rotvelYP1=0 -1
p-rotvelYP2=1 1
p-scale=18 18 0
p-scaleXP1=0 0.4
p-scaleXP2=0.8 1
p-scaleXP3=1 2
p-scaleYP1=0 0.4
p-scaleYP2=0.8 1
p-scaleYP3=1 2
p-startframe=0
p-texdiv=4 4
p-texture=TT_Fire_02_Sub.tga
p-type=0
p-vel=-20 0 0
p-xscale1=0 1 1 0
p-xscale2=1 0.30000000000000004 0.30000000000000004 0
rendermode=4

[System]
GroupPart1=Flame_Add_edges
SimulateEveryFrame=1

[UNKNOWN_HASHES]
unk1702355C=0 0
unk1DB7B4DA=0 -1
unk1DB7B4DB=1 1
unk224DE2E0=0 20 0
unk26D8BE6D=0 0 5
unk59DECF43=1 0
unk6167ED65=0 1 1 0
unk6167ED66=1 0.30000000000000004 0.30000000000000004 0
unk6DC41FD6=4
unk71310116=1
unk7205F1D7=0 1
unk7205F1D8=1 1.2000000000000002
unk7D48D361=-1
unk805434D3=0
unk8E1DD0DC=1 1
unk908F3F45=5
unk9D7D0E66=ThreshSkin02
unk9E03AD90=18 18 0
unkA239CBA1=1 1
unkA4D88F17=0 0
unkA4D88F18=1 360
unkA9482121=1
unkB94E3E56=1
unkBA775D23=-20 0 0
unkBDC69D6C=1
unkD6AADEA9=0 0.4
unkD6AADEAA=0.8 1
unkD6AADEAB=1 2
unkD728EE2A=0 0.4
unkD728EE2B=0.8 1
unkD728EE2C=1 2
unkD85A1CCE=0 0 -20
unkDD2FBA21=Thresh_Skin02_Z_Hair.tga
unkE56AF128=0
unkE72D945D=0
unkED528194=0
