[Skin02SoulMist]
KeywordsRequired=ThreshSkin02
e-life=1.350000023841858
e-linger=1.350000023841858
e-rate=10
flag-disable-z=1
p-bindtoemitter=1 1
p-colorscale=0.7000000000000001 1
p-colortype=1 0
p-life=0.5
p-linger=1
p-quadrot=1 0 0
p-quadrotXP1=0 0
p-quadrotXP2=1 360
p-scale=200 200 200
p-scale1=0 0 0 0
p-scale2=0.7000000000000001 0 0 0
p-scale3=0.7099999785423279 1 1 1
p-scale4=1 1 1 1
p-texture=saucer01.tga
p-xrgba1=0 0 0 0 0
p-xrgba2=0.3 0 0.4 1 0.7
p-xrgba3=1 0 0 0.5 1
p-xscale1=0 1 1 1
p-xscale2=1 0 0 0
pass=100
rendermode=0

[System]
GroupPart1=soulmist
GroupPart1Type=Simple
GroupPart2=Skin02SoulMist
PersistThruDeath=1
SimulateEveryFrame=1

[soulmist]
KeywordsExcluded=ThreshSkin02
e-life=1.350000023841858
e-linger=1.350000023841858
e-rate=10
flag-disable-z=1
p-bindtoemitter=1 1
p-colorscale=0.7000000000000001 1
p-colortype=1 0
p-life=0.5
p-linger=1
p-quadrot=1
p-quadrotP1=0 0
p-quadrotP2=1 360
p-rgba=color-bell-cyan.tga
p-scale=200
p-scale1=0 0
p-scale2=0.7000000000000001 0
p-scale3=0.7099999785423279 1
p-scale4=1 1
p-texture=saucer01.tga
p-xscale1=0 1
p-xscale2=1 0
pass=100
rendermode=0

