[Environment]
DisablePointLights=1
Lighting=0
Renderer=baked
ShadowBlur=1
ShadowColor=125 135 185
ShadowDynamicOnly=0

[FoW]
BlurKernelSigma=-1
EdgeEnhancement=0
EdgeTintPoint=0.5
FadeFinish=-15000
FadeStart=-100

[Fog]
Blue=44
Enable=0
Green=42
Max_height=-11.1111
Max_opaque_height=89.8906
Max_radius=1
Min_height=-1000
Min_opaque_height=-40000
Min_radius=0.4556
Opacity=0
Red=38
UseOpacityMap=1

[UNKNOWN_HASHES]
unk100EC247=400
unk1016C435=40
unk2A124BF1=4
unk63C836B6=40
unk7B9E28DB=246 252 250
unk89EE8F7F=0.29670000076293945 -0.9520000219345093 0.07509999722242355
unkB55AD83F=1
unkCD506187=72 72 73
unkDB014FE6=0
unkEACFA008=2
