[Base_01]
e-disabled=1
e-life=1
e-linger=0
e-local-orient=1
e-rate=1
e-rgba=20 10 0 50
p-bindtoemitter=0 0
p-colorscale=1 0.5
p-colortype=1 0
p-life=1.5
p-linger=0
p-offset=0 -100 0
p-quadrot=-90 0 90
p-scale=150 150 0
p-texture=Velkoz_Skin01_Q_Decal_05.dds
p-type=1
p-xrgba1=0 1 1 1 0
p-xrgba2=0.2 1 1 1 1
p-xrgba3=1 1 1 1 1
p-xscale1=0 0 0 0
p-xscale2=0.1 1 1 1
p-xscale3=0.95 1 1 1
p-xscale4=1 1.2000000000000002 1.2000000000000002 1.2000000000000002
pass=-200
rendermode=1
single-particle=1

[Blink_01]
e-disabled=1
e-life=1.4000000000000001
e-linger=0
e-local-orient=1
e-rate=5
e-rgba=255 90 80 255
e-timeoffset=0.2
p-bindtoemitter=0 0
p-colorscale=1 0.5
p-colortype=1 0
p-life=0.2
p-linger=0
p-offset=0 -100 0
p-quadrot=-90 0 90
p-scale=150 150 0
p-texture=Velkoz_Skin01_Q_Decal_05.dds
p-type=1
p-xrgba1=0 1 1 1 0
p-xrgba2=0.5 1 1 1 1
p-xrgba3=1 1 1 1 0
pass=-100
rendermode=4

[Glow_01]
e-life=1
e-linger=0
e-local-orient=1
e-rate=1
e-rgba=255 60 60 255
p-bindtoemitter=0 0
p-colorscale=1 0.5
p-colortype=1 0
p-life=1.5
p-linger=0
p-offset=0 -100 0
p-quadrot=-90 0 90
p-scale=150 150 0
p-texture=Velkoz_Skin01_Q_Decal_05.dds
p-type=1
p-xrgba1=0 1 1 1 0
p-xrgba2=0.2 1 1 1 1
p-xrgba3=1 1 1 1 1
p-xscale1=0 0 0 0
p-xscale2=0.1 1 1 1
p-xscale3=0.95 1 1 1
p-xscale4=1 1.2000000000000002 1.2000000000000002 1.2000000000000002
pass=-100
rendermode=4
single-particle=1

[Marker3]
e-disabled=1
e-life=1
e-local-orient=1
e-rate=1
p-bindtoemitter=0
p-drag=2 2 2
p-life=1.149999976158142
p-linger=0
p-mesh=Velkoz_Base_Q_Marker.sco
p-meshtex=Velkoz_Base_Z_Void_BG3.dds
p-offset=0 -100 30
p-quadrot=0 180 0
p-rgba=Velkoz_Base_Z_White.tga
p-scale=20 10 20
p-texdiv=0.30000000000000004 0.5
p-type=3
p-uvmode=1
p-uvparallax-scale=5.5
p-uvscroll-rgb=0.029999999329447746 0.029999999329447746
p-vel=0 0 -100
pass=-110
rendermode=1
single-particle=1

[Marker4]
e-disabled=1
e-life=1
e-local-orient=1
e-rate=1
p-bindtoemitter=0
p-drag=2 2 2
p-life=1.149999976158142
p-linger=0
p-mesh=Velkoz_Base_Q_Marker.sco
p-meshtex=Velkoz_Base_Z_Void_BG4.dds
p-offset=0 -100 30
p-quadrot=0 180 0
p-rgba=Velkoz_Base_Z_White.tga
p-scale=20 10 20
p-texdiv=0.30000000000000004 0.5
p-type=3
p-uvmode=1
p-uvparallax-scale=6
p-uvscroll-rgb=0.03999999910593033 0.03999999910593033
p-vel=0 0 -100
pass=-110
rendermode=1
single-particle=1

[System]
GroupPart1=Base_01
GroupPart2=Glow_01
GroupPart3=Blink_01
GroupPart4=Marker3
GroupPart5=Marker4
SimulateEveryFrame=1

[UNKNOWN_HASHES]
unk08BD2B64=4
unk0FA5BA3B=20 10 20
unk168017AA=Velkoz_Base_Z_Void_BG1.dds
unk23A24B86=0
unk2E5CF0AC=1
unk3962F033=0
unk3B78836B=1
unk3C8BFC3A=20 10 20
unk3F79E86A=3
unk41D52B03=0 -100 30
unk48CB4C01=1
unk495BD974=1
unk4C9A1CE4=-110
unk4D097333=1
unk5045D800=0 180 0
unk538B6C44=2 2 2
unk5B05CF4E=0 0 -100
unk5C393A59=0.30000000000000004 0.5
unk5C763438=1
unk62C67E23=-110
unk666A19AB=1.149999976158142
unk7281EBF6=1
unk72D9C787=0
unk7C92DE23=Velkoz_Base_Z_White.tga
unk7D18E52B=Velkoz_Base_Z_Void_BG2.dds
unk81F01637=1
unk82455BDD=0.019999999552965164 0.019999999552965164
unk84DAE0CD=0 0 -100
unk85C857DA=1
unk8F0BA8F6=1
unk9305AF9C=Velkoz_Base_Q_Marker.sco
unkAAE2781A=0.30000000000000004 0.5
unkABADB039=1
unkB6DEA581=0 180 0
unkBB26D842=1
unkC310D6A5=3.5
unkC35867EC=1.149999976158142
unkCF703A37=1
unkD9812C64=Velkoz_Base_Z_White.tga
unkE28B9A29=3
unkE2B6A61B=1
unkEAB9B272=0
unkEFF3FDDD=Velkoz_Base_Q_Marker.sco
unkF32BED42=0 -100 30
unkF4A0E81E=0.009999999776482582 0.009999999776482582
unkF69D1E03=2 2 2
unkFAB29BB3=1
