[Flames_02]
e-life=0.2
e-linger=0
e-local-orient=1
e-rate=40
e-timeoffset=0
p-bindtoemitter=0
p-frameRate=0
p-life=0.5
p-lifeP1=0 0.15000000596046448
p-lifeP2=0.8 0.75
p-lifeP3=1 1
p-linger=2
p-numframes=16
p-offset=0 -10 100
p-offsetZP1=0 0
p-offsetZP2=1 1
p-quadrot=1 1 0
p-quadrotXP1=0 1
p-quadrotXP2=1 360
p-randomstartframe=1
p-rotvel=100 0 0
p-rotvelXP1=0 -1
p-rotvelXP2=1 1
p-scale=120 120 0
p-scaleXP1=0 0.4
p-scaleXP2=1 0.6
p-texdiv=4 4
p-texture=Flames04.dds
p-type=0
p-vel=50 500 0
p-velXP1=0 -1
p-velXP2=1 1
p-velYP1=0 0.15000000596046448
p-velYP2=1 1
p-velZP1=0 0.5
p-velZP2=1 1
p-worldaccel=0 800 0
p-xrgba=1 1 1 1
p-xrgba1=0 1 1 1 1
p-xrgba2=0.3 1 0.5 0.2 1
p-xrgba3=1 0.8 0 0 0
p-xscale1=0 0.2 0.2 0.2
p-xscale2=0.30000000000000004 0.8 0.8 0.8
p-xscale3=1 1 1 1
pass=100
rendermode=4
single-particle=1
uniformscale=1

[System]
GroupPart5=Flames_02
PersistThruDeath=1
SimulateEveryFrame=1
SimulateWhileOffScreen=1
SoundOnCreate=Play_sfx_VelkozSkin01_VelkozWExplode_buffactivate
group-vis=5000

[UNKNOWN_HASHES]
unk0623AA64=0 0.9
unk0623AA65=1 1.0499999523162842
unk08AE01C3=230 230 0
unk090D24D4=Velkoz_Skin01_Z_Fire_01.dds
unk098C47B6=Velkoz_Skin01
unk0AC82C6E=1
unk0CDB20B6=0 0.4
unk0CDB20B7=1 0.6
unk0EE3C377=Velkoz_Skin01
unk117C39EA=0 100 -450
unk11A5D15A=0
unk14125E32=0 -50 -450
unk18417606=35
unk191C7285=1 1 1 1
unk216331E8=0 0.5 0.5 0
unk216331E9=1 2 1 0
unk25B75534=3 0 3
unk2775B279=1
unk2CCD0F27=1
unk3896029B=1
unk39E8A1E6=1
unk3A161CA9=1
unk3C8F6E4A=Velkoz_Skin01_W_RayBurst.troy
unk414954F1=1
unk44ADD4E6=1
unk44B0219E=1
unk4AA0AA5E=0 0 -3000
unk4E1EBCA0=1
unk53967E96=0
unk57F440CA=1
unk5D2FC393=300 300 0
unk612B5AD6=1 1000 1
unk62BB9BF3=0 -50 -450
unk63103A53=0.1
unk6465EC5C=ball01.tga
unk6AF7AD65=12
unk6F280C9E=1
unk7046F9CB=Velkoz_Skin01_W_RayBurst.troy
unk7475BBDD=0 0 3000
unk752F7023=0.3
unk756980DD=0 800 0
unk7988A9B5=0
unk7B4B4CEA=2
unk8147426E=1
unk8205521F=0 1 1 1
unk82055220=0.949999988079071 0 0 0
unk826E7882=1
unk83BD87BA=0 0 -900
unk8C6A6748=1
unk8D455818=0 0.4 0.4 0.4
unk8D455819=0.30000000000000004 0.8 0.8 0.8
unk8D45581A=1 1 1 1
unk948DAE52=25
unk958450DC=1
unk9D2AFEA4=Velkoz_Base_Z_Flare_Omnimax.tga
unkA0852EEC=0 1 1 1 1
unkA0852EED=0.3 1 0.5 0.2 1
unkA0852EEE=1 0.1 0 0 1
unkA19C2327=1
unkA2CDFA97=0
unkA3F461E3=4
unkA4EB20DF=0
unkA540FF0F=0
unkAF11ECB2=0
unkB1640D4B=0 0 0
unkB3A4E132=1
unkB4B78319=0
unkB4E28F0B=1
unkB500B36E=Velkoz_Skin01
unkB526E68C=0 -1
unkB526E68D=1 1
unkB66B9B6D=100 0 0
unkBB8F9BF5=0
unkC8C906F3=3 0 3
unkC927CDF0=0 1
unkC927CDF1=1 360
unkD939E99C=0
unkDBA1E349=1
unkDDBF0991=1
unkDE14E7C1=1
unkDE4A4F4A=0 0 0
unkDF31BAD1=0
unkE52BA909=1 1 0
unkE6557C5B=0
unkE89E1FA0=0 1 1 1
unkE89E1FA1=0.949999988079071 0 0 0
unkECCAD4D1=4 3
unkF11CFC13=0
unkF150F0A1=0
unkF4B205E3=0 -1
unkF4B205E4=1 1
unkF4DD909B=100
unkF5301564=0 0.30000000000000004
unkF5301565=1 1
unkF5AE24E5=0 -1
unkF5AE24E6=1 1
unkF787876E=1
unkFC8EE301=0 0
unkFC8EE302=1 1
unkFDCD1EDB=ball01.tga
