[System]
SimulateEveryFrame=1

[UNKNOWN_HASHES]
unk0873F179=color-firefade.dds
unk11A96B30=100
unk1B9A7AC8=0
unk240CB598=0 5 0
unk2E245DCE=0 0
unk2E245DCF=1 1
unk2E9FA1BA=0 0.949999988079071 0.949999988079071 0.949999988079071
unk2E9FA1BB=1 1.0499999523162842 1.0499999523162842 1.0499999523162842
unk2EA26D4F=0 0
unk2EA26D50=1 1
unk2F207CD0=0 0
unk2F207CD1=1 1
unk41834607=4
unk54DD63F2=100
unk56BAC94B=20
unk64C8B5B1=1 1
unk6E6CAD7F=1
unk8685F2AB=360 360 360
unk8D1A02AF=2 2
unk8F5F7C65=250 250 0
unk9B007ED3=1
unkA2CE80C1=0
unkA66C3357=1
unkAA676E76=Jayce_Skies_Reticle.tga
unkAB63CDFC=2
unkB944EF8C=0 -1
unkB944EF8D=1 1
unkED5037D0=50
unkEECD0EA8=10
unkF24B2D01=0.1
unkFE62FF4C=0.5
