[System]
GroupPart1=spark
GroupPart2=spark_glow
GroupPart3=flash
SimulateEveryFrame=1
SoundPersistent=Play_sfx_YasuoSkin01_YasuoSheathSpark_buffactivate

[flash]
e-life=1.4000000000000001
e-linger=1
e-rate=2
p-bindtoemitter=1 1
p-life=0.25
p-quadrot=1 1 1
p-quadrotXP1=0 0
p-quadrotXP2=1 360
p-scale=5 150 5
p-scaleYP1=0 0.35
p-scaleYP2=1 1
p-texture=Yasuo_skin01_I_sheath_flash.dds
p-xscale=1 1 1
p-xscale1=0 1 1 1
p-xscale2=0.1 3 3 3
p-xscale3=1 1 0 0 0
rendermode=4
single-particle=1

[spark]
e-life=1.4000000000000001
e-linger=1
e-rate=20
p-bindtoemitter=1 1
p-colorscale=1 1
p-colortype=1 3
p-drag=1 1 1
p-life=0.3499999940395355
p-lifeP1=0 1
p-lifeP2=0.85 1.5
p-lifeP3=1 4
p-offset=1 1 1
p-offsetXP1=0 -5
p-offsetXP2=1 5
p-offsetYP1=0 10
p-offsetYP2=1 0
p-offsetZP1=0 -5
p-offsetZP2=1 5
p-orbitvel=0 1.9000000000000001 0
p-orbitvelYP1=0 1
p-orbitvelYP2=1 -1
p-postoffset=0 0 0
p-quadrot=1 1 1
p-rgba=Color_Yasuo_skin01_tornado_ground_mis.dds
p-scale=5 40 5
p-scaleXP1=0 1
p-scaleXP2=1 2
p-texture=Yasuo_Base_I_sheath_flash.dds
p-vecalign=1
p-vel=1 1 1
p-velXP1=0 150
p-velXP2=1 -150
p-velYP1=0 150
p-velYP2=1 -150
p-velZP1=0 150
p-velZP2=1 -150
p-xrgba=1 1 1 1
p-xrgba1=0 1 1 1 1
p-xrgba2=0.1 1 1 1 1
p-xrgba3=1 1 1 1 0
p-xscale=1 1 1
p-xscale1=0 0.5 0.5 0.5
p-xscale2=0.2 1 1 1
p-xscale3=1 0.3 0.3 0.3
rendermode=1
single-particle=1

[spark_glow]
e-life=1.4000000000000001
e-linger=1
e-rate=50
p-bindtoemitter=1 1
p-drag=1 1 1
p-life=0.30000000000000004
p-lifeP1=0 1
p-lifeP2=0.85 1.5
p-lifeP3=1 4
p-offset=1 1 1
p-offsetXP1=0 -5
p-offsetXP2=1 5
p-offsetYP1=0 10
p-offsetYP2=1 0
p-offsetZP1=0 -5
p-offsetZP2=1 5
p-orbitvel=0 2 0
p-orbitvelYP1=0 1
p-orbitvelYP2=1 -1
p-postoffset=0 0 0
p-quadrot=1 1 1
p-rgba=Color_Yasuo_skin01_E_timer.dds
p-rotvel=1
p-rotvelP1=0 -30
p-rotvelP2=1 30
p-scale=5 40 5
p-scaleXP1=0 1
p-scaleXP2=1 2
p-texture=Yasuo_Base_I_sheath_spark_glow.dds
p-vecalign=1
p-vel=1 1 1
p-velXP1=0 100
p-velXP2=1 -100
p-velYP1=0 100
p-velYP2=1 -100
p-velZP1=0 100
p-velZP2=1 -100
p-xrgba=1 1 1 1
p-xrgba1=0 1 1 1 1
p-xrgba2=0.1 1 1 1 1
p-xrgba3=1 1 1 1 1
p-xscale=1 1 1
p-xscale1=0 0.5 0.5 0.5
p-xscale2=0.2 1.5 1.5 1.5
p-xscale3=1 0.1 0.1 0.1
rendermode=4
single-particle=1

[UNKNOWN_HASHES]
unk48A62B4E=2
unk5E3C2FC0=2
