[System]
SimulateEveryFrame=1

[UNKNOWN_HASHES]
unk05C4DE4A=0 0
unk05C4DE4B=1 1
unk0E627473=1 1
unk25AC059B=0 0.1
unk25AC059C=1 1.8
unk282E2C79=1 0
unk3A4899BF=0.35
unk42A43EBA=2
unk46606C0A=100000
unk49220A3A=0 -15 0
unk4EA39209=0
unk53B48060=0.7
unk5849F038=Flare-Sun_green.tga
unk59A6D7EE=4
unk66520EA7=0
unk69DD44D8=alpha_12.tga
unk6A7B8ACA=0 0.7
unk6A7B8ACB=0.30000001192092896 1.4500000476837158
unk6A7B8ACC=1 0.7
unk6EC44977=0 10 0
unk6FC959F5=1 1 1
unk7312BE8F=2
unkA159C968=1
unkA173D257=ring_green.tga
unkA4FD08B6=0
unkA9F4A35B=2
unkB37B3F27=105
unkBD63C996=0 5 0
unkBF6EC551=0
unkC1316886=-1
unkC4F7BBEB=1 0.4
unkC9A3A356=1 1 1
unkCFD600DE=1
unkD2BC1520=0
unkD7D1968E=1 1
unkDBAA00C6=35
unkDC82237C=0 0.5 0.5 0.5
unkDC82237D=0.5 1 1 1
unkDC82237E=1 0.5 0.5 0.5
unkDF3E9C2C=1
unkDFCC3812=1 1
unkEDE1E90F=0
unkEF4E6F7F=0
unkF9C4390B=1
unkFC51B709=90
