[System]
GroupPart1=sword
GroupPart2=sword_sub
GroupPart4=shadow
SimulateEveryFrame=1

[shadow]
e-life=0.8
e-linger=0
e-rate=4
p-colortype=1 0
p-life=0.3
p-linger=0
p-offset=-20 0 180
p-quadrot=1 270 -90
p-quadrotXP1=0 0
p-quadrotXP2=1 90
p-rgba=Color_Yasuo_passive_shield.tga
p-rotvel=0 0 0
p-scale=70 350 0
p-texture=Yasuo_Q_sword_shadow.dds
p-type=1
p-vel=0 0 0
p-xrgba=1 1 1 0.5
p-xscale1=0 0 0 0
p-xscale2=0.1 0 0 0
p-xscale3=0.2 1 1 1
p-xscale4=1 0.5 1.2 1
pass=0
rendermode=2
single-particle=1

[sword]
e-life=0.7
e-linger=0
e-rate=10
p-colortype=1 0
p-life=0.35
p-linger=0
p-offset=-40 130 180
p-quadrot=1 270 -90
p-quadrotXP1=0 0
p-quadrotXP2=1 90
p-rgba=Color_Yasuo_passive_shield.tga
p-rotvel=0 0 0
p-scale=50 350 0
p-texture=Yasuo_Q_sword.dds
p-type=1
p-vel=0 0 0
p-xscale1=0 0 0 0
p-xscale2=0.1 0 0 0
p-xscale3=0.2 1 1 1
p-xscale4=1 0 1.2000000000000002 1
pass=0
rendermode=4
single-particle=1

[sword_sub]
e-life=0.8
e-linger=0
e-rate=4
p-colortype=1 0
p-life=0.45
p-linger=0
p-offset=-40 130 180
p-quadrot=1 270 -90
p-quadrotXP1=0 0
p-quadrotXP2=1 90
p-rgba=Color_Yasuo_passive_shield.tga
p-rotvel=0 0 0
p-scale=120 350 0
p-texture=Yasuo_Q_sword_sub.dds
p-type=1
p-vel=0 0 0
p-xrgba=1 1 1 0.5
p-xscale1=0 0 0 0
p-xscale2=0.1 0 0 0
p-xscale3=0.2 1 1 1
p-xscale4=1 0 1.2000000000000002 1
pass=0
rendermode=2
single-particle=1

[UNKNOWN_HASHES]
unk230DEE74=1 270 -90
unk240E7738=1
unk3F315CAC=1
unk44C00AD0=1
unk46EF6A3F=hole32.tga
unk5327598A=0
unk54E9FCBF=0
unk54F53570=0
unk5D5C378F=-40 130 180
unk5D6288C5=0 0
unk5D6288C6=1 90
unk634BFDED=1
unk6497FA78=1
unk70AFCCC3=0.6
unk7AC0BEF0=color-rampdown32.tga
unk7DBD0CAE=200 350 0
unk80DDD912=Yasuo_Q_sword_normal.dds
unk83F638A7=3
unk8D8C5061=1 0
unk900A4B42=0 0 0
unkABD1EB41=0 0 0
unkBAB68FD1=0.019999999552965164
unkCB279D83=0 1 0 0
unkCB279D84=0.2 1 1 1
unkCB279D85=1 0 1.2000000000000002 1
unkE0B97AF6=1
unkECB51D42=1
unkECF4E00F=1
