[Sword_glow]
e-life=0.5
e-local-orient=1
e-rate=300
e-rotation1=0
p-accel=0 -30 0
p-bindtoemitter=1
p-colortype=1 3
p-life=0.5
p-linger=0
p-local-orient=1
p-postoffset=0 0 0
p-quadrot=1 0 0
p-quadrotXP1=0 0
p-quadrotXP2=1 360
p-scale=150 50 50
p-texture=Yasuo_base_E_dash_linger.dds
p-texture-mult=Color_Yasuo_R_Sword_glow.dds
p-type=1
p-uvscroll-no-alpha=1
p-uvscroll-rgb=0.1 1
p-uvscroll-rgb-mult=0.1 4
p-vel=-270 0 0
p-velYP1=0 1
p-velYP2=1 1.3
p-xscale=1 1 1
p-xscale1=0 0 0 0
p-xscale2=0.25 1 1 1
p-xscale3=0.7 0.8 0.7 0.5
p-xscale4=1 1 0.5 0.5
pass=10
rendermode=4

[System]
GroupPart1=Sword_glow
SimulateEveryFrame=1

[UNKNOWN_HASHES]
unk00DD3100=1
unk0225F1BB=0 0.5 0.5 0.5
unk0225F1BC=1 1.3 1.3 1.3
unk031DBBC6=Color_Yasuo_E_dash_timer_tar.dds
unk0514B346=0.5 0.5
unk086D5557=-1 0 0
unk166CE1D0=-50 0 0
unk175FA588=16
unk1EA3141D=Yasuo_base_R_sword_shape.dds
unk211D75B7=3
unk2534FC89=0 1 1 1 0
unk2534FC8A=0.2 1 1 1 1
unk2534FC8B=1 1 1 1 0
unk284D726C=4
unk2B6C10F9=4
unk2EB00F44=1
unk31BF486F=0 0.2
unk31BF4870=1 1
unk38277779=1 1 1
unk3B9FFCE6=45 45 45
unk3D897108=0 0
unk3D897109=1 360
unk432E8B8F=1
unk45D77F29=0.004999999888241291
unk4C0E6DA8=1 1 1 0.15
unk4D38BF8B=0.1 4
unk4E6CC0B1=20
unk50D46B79=1 1
unk5118C22D=0.75 0.75 0.75
unk53173337=1 1
unk5620FD8F=1
unk5868D473=0 -90 1
unk5A0C42AC=0 0 0
unk69C3EFD3=0 1.2000000000000002
unk69C3EFD4=1 0.5
unk6A41FF54=0 -0.5
unk6A41FF55=0.5 -1
unk6A41FF56=0.501 1
unk6A41FF57=1 0.5
unk717AA26E=4 4
unk7961D380=0 1
unk7961D381=1 100
unk79DD7C40=0.5
unk79DFE301=0 1
unk79DFE302=1 100
unk7A5DF282=0 1
unk7A5DF283=1 100
unk7CA89B6B=-0.8 0.15
unk7DEDBE77=Yasuo_passive_smoke.dds
unk85F54E8B=15
unk8AD37801=0 0.1
unk8AD37802=1 2
unk8D8D8E79=0 0
unk91E2A9AC=2
unk9440222D=1 0
unk9452CFCC=0 0.6
unk9452CFCD=1 1
unk94D0DF4D=0 0.6
unk94D0DF4E=1 1
unk954EEECE=0 0.75
unk954EEECF=1 1.2000000000000002
unk993BBA6F=300
unk9A733D00=1
unk9BA547B4=1
unk9DFA7BF7=1
unkA4FBF539=0.7
unkA7FABC22=0 1
unkA7FABC23=1 200
unkA80B6E24=trans-renektonblade.tga
unkAE930BF6=1 1 1
unkB113C784=15
unkBA355B44=1 1
unkBB063CDF=16
unkBB24B9B1=Color_Yasuo_passive_shield.tga
unkC36851F3=2
unkC45A3368=20
unkC4A96E29=0
unkCBA018BA=Color_yasuo_w_windwall_dust.dds
unkCF9C450E=0 0.75
unkCF9C450F=1 1.6
unkD1978B2A=Yasuo_base_R_sword_wind2.sco
unkD57314EF=0
unkF5FEFCBE=0
unkF75626E0=1 3
unkFCC9FCB0=Yasuo_base_R_sword_text_swap.dds
unkFFFB1A87=0
