[System]
SimulateEveryFrame=1

[UNKNOWN_HASHES]
unk05A481A2=1
unk06096A3E=YasuoCantDashTexture.tga
unk0A0FF18F=0
unk0A21809E=10
unk0FED1C29=0
unk125494E7=2 2
unk163952E9=0.1
unk185F56F9=10 55 0
unk1BE2E077=1 0
unk1D82AEE2=10
unk204A4516=Color_Yasuo_base_E_dash_timer.dds
unk2601B338=0
unk297FBECD=1
unk2B7376F9=1
unk33AB735A=color-white32.tga
unk33C62478=Yasuo_base_E_dash_timer_buff.dds
unk36BD168F=Yasuo_base_E_dash_timer.scb
unk3CE0ED11=1
unk404ADBB7=1
unk42584607=0
unk4A742E10=1 1
unk4E71648F=1
unk51A24354=1 1
unk565ED16F=0.004999999888241291
unk5F2840E0=1 0
unk60E9C144=1 1
unk61A60CF4=0
unk6344DC2D=45
unk6581FEDA=1
unk6C1E2555=YasuoCantDashTexture.tga
unk6D8BE4CE=0 0 0
unk6E14EE96=100
unk6F68175E=4
unk71ECA30E=0.0020000000949949026
unk726E076D=1 1
unk816CA410=2 2
unk834816C2=1
unk859DA670=0
unk8643011C=1
unk87E17C57=0 0 0
unk89D3EE68=0
unk8A419D82=0 0
unk8A419D83=0.009999999776482582 1.2000000476837158
unk8A419D84=0.019999999552965164 0.800000011920929
unk8A419D85=0.029999999329447746 1
unk8A419D86=1 1
unk8A762C06=1
unk93C67B9B=0 0 0
unk950E7D66=1
unk99A42F60=1
unk9B201CD0=-0.05009999871253967 0
unk9B583491=0
unkA0D50D00=0
unkA84C8579=1 1
unkA94747D0=10 55 0
unkB36D26B1=1
unkB3E972C4=45
unkB8C0B9BB=1 0
unkC0BB1008=1.25 1.25 1.25
unkC4295B39=10
unkC68860E5=1
unkD853DDCF=1
unkDA521FB1=color-white32.tga
unkDAC20154=1
unkDC974A40=0 0 0
unkDD390AB5=0 -100 0
unkE1206E2B=1
unkE227EE73=90 0 0
unkE3879968=1
unkE588B410=0 0 0
unkEC8BE529=0.004999999888241291
unkF0565899=0 0
unkF056589A=0.009999999776482582 1.2000000476837158
unkF056589B=0.019999999552965164 0.800000011920929
unkF056589C=0.029999999329447746 1
unkF056589D=1 1
unkF6B3C2FD=1
unkF70CFA39=0 0 0
unkFE102B52=0.004999999888241291
