[System]
GroupPart1=timer
GroupPart2=spark
SimulateEveryFrame=1

[spark]
e-life=8.75
e-linger=0
e-local-orient=0
e-rate=100
e-rotation1=1
e-rotation1-axis=0 1 0
e-rotation11=0 120
e-rotation12=1 460
p-bindtoemitter=1 1
p-colorscale=1 1
p-colortype=1 3
p-life=1
p-lifeP1=0 0.5
p-lifeP2=1 1
p-linger=2
p-offset=90 0 0
p-offsetXP1=0 0.99
p-offsetXP2=1 1.0099999904632568
p-quadrot=1 1 1
p-quadrotXP1=0 1
p-quadrotXP2=1 360
p-randomstartframe=1
p-rgba=Color_Yasuo_wind_swirl.tga
p-scale=80 80 80
p-scaleXP1=0 0.3
p-scaleXP2=0.7 0.5
p-scaleXP3=1 1
p-startframe=0
p-texdiv=4 4
p-texture=Yasuo_W_wind_wispy.dds
p-type=0
p-vel=10 10 10
p-velXP1=0 -1
p-velXP2=1 1
p-velYP2=1 1
p-velZP1=0 -1
p-velZP2=1 1
p-worldaccel=0 100 0
p-xscale1=0 0.3
p-xscale2=0.8 1
pass=10
rendermode=4
uniformscale=1

[timer]
e-life=0.1
e-local-orient=0
e-rate=2
p-backfaceon=1
p-bindtoemitter=1
p-coloroffset=0 0
p-colorscale=1 1
p-colortype=1 1
p-life=9
p-mesh=Yasuo_base_E_timer_mesh.sco
p-meshtex=Yasuo_base_E_timer_ring.dds
p-offset=0 0 0
p-quadrot=90 0 180
p-rgba=Color_Yasuo_E_dash_timer_tar.dds
p-scale=20 20 0
p-type=3
p-uvscroll-rgb=0.054999999701976776 0
p-vel=0 0 0
p-xscale1=0 0 0 0
p-xscale2=0.009999999776482582 1.2000000476837158 1.2000000476837158 1.2000000476837158
p-xscale3=0.02 0.8 0.8 0.8
p-xscale4=0.029999999329447746 1 1 1
p-xscale5=1 1 1 1
pass=0
rendermode=4
single-particle=1

[UNKNOWN_HASHES]
unkEABF6934=0 0.1
