[Elec_Aura]
e-disabled=1
e-life=-1.0399999618530273
e-local-orient=0
e-rate=50
e-rgba=255 255 255 255
e-rgba1=0 1 1 1 1
e-rgba2=1 1 1 1 0.097993
p-bindtoemitter=1 0
p-colortype=1 3
p-life=0.30000000000000004
p-lifeP1=0 0.4
p-lifeP2=1 0.75
p-linger=0.1
p-quadrot=1 1 0
p-quadrotYP1=0 0
p-quadrotYP2=1 360
p-randomstartframe=1
p-scale=20 50 1
p-scaleXP1=0 0.6
p-scaleXP2=1 1.2000000000000002
p-scaleYP1=0 0.6
p-scaleYP2=1 1.2000000000000002
p-scaleupfromorigin=1
p-texture=urgot_autoatkk_mis_elecpan.dds
p-type=2
p-uvscroll-no-alpha=1
p-uvscroll-rgb=0 1
p-xrgba=0.9490200281143188 0.9490200281143188 0.9490200281143188 0.5830010175704956
p-xrgba1=0 1 1 1 0
p-xrgba2=0.3 1 1 1 1
p-xrgba3=1 1 1 1 0
p-xscale=1 1 1
p-xscale1=0 2 0.9 1
p-xscale2=1 0.6000000000000001 1 1
rendermode=4

[System]
GroupPart1=greentorp1
GroupPart1Type=Simple
GroupPart2=greentorp2
GroupPart2Type=Simple
GroupPart3=Elec_Aura
GroupPart4=Trail_elec
GroupPart5=Trail_glow
GroupPart6=glow
SimulateEveryFrame=1

[Trail_elec]
e-life=0.4300000071525574
e-rate=100
e-tilesize=410 0 0
e-timeoffset=0.029999999329447746
e-trail-cutoff=1000
p-bindtoemitter=1 0
p-bindtoemitter1=0 0.15
p-bindtoemitter2=0.25 0
p-drag=0 0 1
p-life=0.1
p-linger=1
p-scale=20 0 0
p-scaleXP1=0 0.7
p-scaleXP2=1 1.1
p-texture=urgot_mis_electrail_color.dds
p-trailmode=1
p-type=4
p-uvscroll-rgb=0.2 0
p-xrgba=1 1 1 0.39200401306152344
p-xrgba1=0 1 1 1 0
p-xrgba2=0.1 1 1 1 1
p-xrgba3=1 1 1 1 0
p-xscale=1 1 1
p-xscale1=0 1 1 0
p-xscale2=0.5 1 1 0
p-xscale3=1 0 0 0
pass=1

[Trail_glow]
e-life=0.4099999964237213
e-rate=100
e-tilesize=410 0 0
e-timeoffset=0.009999999776482582
e-trail-cutoff=1000
p-bindtoemitter=1 0
p-bindtoemitter1=0 0.15
p-bindtoemitter2=0.25 0
p-drag=0 0 1
p-life=0.12999999523162842
p-linger=1
p-scale=10 0 0
p-scaleXP1=0 0.7
p-scaleXP2=1 1.1
p-texture=color-chemsplat32.dds
p-trailmode=1
p-type=4
p-uvscroll-rgb=0.2 0
p-xrgba=0.8392159938812256 1 0.5764709711074829 0.2706030011177063
p-xrgba1=0 1 1 1 0
p-xrgba2=0.1 1 1 1 1
p-xrgba3=1 1 1 1 0
p-xscale=1 1 1
p-xscale1=0 1 1 0
p-xscale2=1 0 0 0
pass=1

[glow]
KeywordsExcluded=BattlecastUrgot
e-framerate=0
e-rate=1
e-rotation1=1
e-rotation1-axis=0 1 0
e-rotation1P1=0 0
e-rotation1P2=1 360
e-rotation2=1
e-rotation2-axis=0 0 1
e-rotation2P1=0 0
e-rotation2P2=1 360
p-bindtoemitter=1 1
p-life=0.5799999833106995
p-linger=0.30000000000000004
p-offset=1 0 0
p-offsetXP1=0 0
p-offsetXP2=1 1
p-postoffset=0 -20 -120
p-quadrot=0 0 90
p-scale=1.5 1.5 0.5
p-simpleorient=3
p-texture=urgot_base_q_mis_glow.dds
p-type=1
p-xrgba=0.34902000427246094 1 0.556863009929657 0.5608000159263611
p-xrgba1=0 0.552941 1 0.45098 0
p-xrgba2=0.2 0.643137 1 0.564706 1
p-xrgba3=1 0.682353 1 0.470588 0
p-xscale=100 100 100
pass=-9
single-particle=1
uniformscale=1

[greentorp1]
e-disabled=1
e-life=1
e-rate=1
p-bindtoemitter=1 1
p-life=2
p-linger=0
p-quadrot=1
p-quadrotP1=0 0
p-quadrotP2=1 360
p-rgba=color-hold.tga
p-rotvel=90
p-scale=60
p-texture=torp-green.dds
single-particle=1

[greentorp2]
e-rate=20
p-bindtoemitter=1 1
p-life=0.15000000596046448
p-linger=0
p-quadrot=1
p-quadrotP1=0 0
p-quadrotP2=1 360
p-rotvel=-90
p-scale=60
p-scaleP1=0 0.8
p-scaleP2=1 1
p-texture=urgot_auto_flare.dds
p-xrgba=1 1 1 1
p-xrgba1=0 1 1 1 0
p-xrgba2=0.2 1 1 1 1
p-xrgba3=1 1 1 1 0
p-xscale=1
p-xscale1=0 0.8
p-xscale2=0.019999999552965164 1
p-xscale3=1 0

[UNKNOWN_HASHES]
unk706FD0E3=0 1 1 1 0.9
unk706FD0E4=1 1 1 1 1.5
