[Elec_Impact_Fast]
e-life=0.2
e-local-orient=0
e-rate=8
e-rgba=255 255 255 255
e-rgba1=0 1 1 1 1
e-rgba2=1 1 1 1 0.097993
p-bindtoemitter=1 0
p-colortype=1 3
p-life=0.2
p-lifeP1=0 0.4
p-lifeP2=1 0.75
p-linger=0.2
p-numframes=4
p-offset=10 10 10
p-offsetXP1=0 -1
p-offsetXP2=1 1
p-offsetYP1=0 -1
p-offsetYP2=1 1
p-offsetZP1=0 -1
p-offsetZP2=1 1
p-quadrot=1 1 0
p-quadrotXP1=0 0
p-quadrotXP2=1 360
p-quadrotYP1=0 0
p-quadrotYP2=1 360
p-randomstartframe=1
p-scale=75 75 1
p-scaleXP1=0 0.7
p-scaleXP2=1 0.9
p-scaleYP1=0 0.7
p-scaleYP2=1 0.9
p-scaleupfromorigin=1
p-texdiv=2 2
p-texture=urgot_auto_elecimpact.dds
p-type=2
p-uvscroll-no-alpha=1
p-xrgba=1 1 1 0.5470049977302551
p-xrgba1=0 1 1 1 0
p-xrgba2=0.1 1 1 1 1
p-xrgba3=0.7 1 1 1 1
p-xrgba4=1 1 1 1 0
p-xscale=1 1 1
p-xscale1=0 1 0 1
p-xscale2=0.30000000000000004 1 1 1
p-xscale3=1 1.5 1.5 1
rendermode=4
single-particle=1
uniformscale=1

[ImpactFlare]
e-life=1
e-rate=1
flag-disable-z=1
p-bindtoemitter=1 1
p-colorscale=1 0.009999999776482582
p-life=0.30000000000000004
p-offset=10 10 10
p-offsetXP1=0 -1
p-offsetXP2=1 1
p-offsetYP1=0 -1
p-offsetYP2=1 1
p-offsetZP1=0 -1
p-offsetZP2=1 1
p-quadrot=45 0 0
p-scale=65 0 30
p-texture=urgot_auto_flare.dds
p-xrgba=1 1 1 1
p-xrgba1=0 1 1 1 0.545098
p-xrgba2=0.3 1 1 1 0.580407
p-xrgba3=1 1 1 1 0
p-xscale=1 1 1
p-xscale1=0 0.2 0.2 0
p-xscale2=0.2 1.5 1.5 0
p-xscale3=1 0.7 0.7 0
single-particle=1
uniformscale=1

[ImpactFlareGlow]
e-life=1
e-rate=1
flag-disable-z=1
p-colorscale=1 0.009999999776482582
p-life=1
p-linger=1
p-quadrot=1 0 0
p-quadrotXP1=0 0
p-quadrotXP2=1 360
p-scale=70 0 30
p-texture=urgot_base_q_mis_glow.dds
p-xrgba=0.5529410243034363 1 0.2549020051956177 0.5830010175704956
p-xrgba1=0 1 1 1 1
p-xrgba2=1 1 1 1 0
p-xscale=1 1 1
p-xscale1=0 1 1 0
p-xscale2=0.2 1.5 1.5 0
p-xscale3=1 0.7 0.7 0
single-particle=1
uniformscale=1

[ImpactFlare_Quick]
e-life=1
e-rate=2
flag-disable-z=1
p-bindtoemitter=1 1
p-colorscale=1 0.009999999776482582
p-life=0.2
p-offset=10 10 10
p-offsetXP1=0 -1
p-offsetXP2=1 1
p-offsetYP1=0 -1
p-offsetYP2=1 1
p-offsetZP1=0 -1
p-offsetZP2=1 1
p-quadrot=45 0 0
p-scale=60 0 30
p-texture=Urgot_AutoFlare_2.dds
p-xrgba=0.4274510145187378 1 0.34117600321769714 1
p-xrgba1=0 1 1 1 1
p-xrgba2=1 1 1 1 0
p-xscale=1 1 1
p-xscale1=0 0.2 0.2 0
p-xscale2=0.2 1.5 1.5 0
p-xscale3=1 0.7 0.7 0
single-particle=1
uniformscale=1

[System]
GroupPart1=ImpactFlare
GroupPart2=outerring
GroupPart3=Elec_Impact_Fast
GroupPart4=ImpactFlare_Quick
GroupPart5=ImpactFlareGlow

[outerring]
e-life=1
e-rate=1
p-bindtoemitter=1 1
p-life=0.6000000000000001
p-quadrot=45 0 0
p-scale=65 1 1
p-startframe=4
p-texdiv=2 3
p-texture=GlobalTargetHit01.dds
p-xrgba=0.6588240265846252 0.992156982421875 0.4313730001449585 0.5349969863891602
p-xrgba1=0 1 1 1 0.4392
p-xrgba2=0.5 1 1 1 0.105898
p-xrgba3=1 1 1 1 0
p-xscale=1 1 1
p-xscale1=0 0.2 0 0
p-xscale2=0.15 1.5 0 0
p-xscale3=1 1.8 0 0
single-particle=1
uniformscale=1

[UNKNOWN_HASHES]
unk9C25A681=0 1 1 1 0.9
unk9C25A682=1 1 1 1 1.5
