[Rays]
e-life=1
e-linger=0
e-local-orient=1
e-rate=20
p-bindtoemitter=0
p-colorscale=1 1
p-colortype=1 3
p-frameRate=0
p-life=0.6000000000000001
p-lifeP1=0 1
p-lifeP2=1 1.5
p-linger=2
p-numframes=4
p-offset=0 0 1
p-offsetZP1=0 -60
p-offsetZP2=1 60
p-quadrot=0 1 0
p-quadrotYP1=0 0
p-quadrotYP2=1 360
p-randomstartframe=1
p-rgba=Velkoz_Base_E_Puffs_rgba.tga
p-scale=80 600 0
p-scaleXP1=0 0.8
p-scaleXP2=1 1
p-scaleYP1=0 0.2
p-scaleYP2=1 1
p-startframe=0
p-texdiv=2 2
p-texture=Velkoz_Base_W_EnergyBeams.tga
p-type=1
p-uvscroll-no-alpha=1
p-uvscroll-rgb=-0.5 0
p-xscale1=0 1 0.2 0
p-xscale2=1 1 1 0
pass=100
rendermode=4
single-particle=1

[System]
GroupPart1=Rays
PersistThruDeath=1
SimulateEveryFrame=1
SimulateWhileOffScreen=1
SoundOnCreate=Play_sfx_Velkoz_VelkozWExplode_buffactivate
group-vis=5000

[UNKNOWN_HASHES]
unk098C47B6=VelkozSkin01
unk0AC82C6E=1
unk0EE3C377=VelkozSkin01
unk117C39EA=0 100 -450
unk11A5D15A=0
unk14125E32=0 -50 -450
unk216331E8=0 0.5 0.5 0
unk216331E9=1 2 1 0
unk25B75534=3 0 3
unk3896029B=1
unk3A161CA9=1
unk3C8F6E4A=Velkoz_Base_W_RayBurst.troy
unk414954F1=1
unk44ADD4E6=1
unk4AA0AA5E=0 0 -3000
unk53967E96=0
unk57F440CA=1
unk5D2FC393=300 300 0
unk62BB9BF3=0 -50 -450
unk63103A53=0.1
unk6465EC5C=ball01.tga
unk6F280C9E=1
unk7046F9CB=Velkoz_Base_W_RayBurst.troy
unk7475BBDD=0 0 3000
unk8205521F=0 1 1 1
unk82055220=0.949999988079071 0 0 0
unk826E7882=1
unk8C6A6748=1
unk958450DC=1
unk9D2AFEA4=Velkoz_Base_Z_Flare_Omnimax.tga
unkA19C2327=1
unkA2CDFA97=0
unkA4EB20DF=0
unkB1640D4B=0 0 0
unkB3A4E132=1
unkB4B78319=0
unkB4E28F0B=1
unkB500B36E=VelkozSkin01
unkC8C906F3=3 0 3
unkD939E99C=0
unkDBA1E349=1
unkDDBF0991=1
unkDE4A4F4A=0 0 0
unkDF31BAD1=0
unkE6557C5B=0
unkE89E1FA0=0 1 1 1
unkE89E1FA1=0.949999988079071 0 0 0
unkF11CFC13=0
unkFDCD1EDB=ball01.tga
