[System]
GroupPart1=board
GroupPart2=math
GroupPart3=math_wipe
SimulateEveryFrame=1
group-vis=5000

[board]
e-life=2
e-linger=0
e-local-orient=1
e-rate=1
e-rotation1=-70
e-timeoffset=1.2000000000000002
p-backfaceon=1
p-bindtoemitter=0 0
p-colorscale=1 1
p-colortype=1 3
p-life=5.800000000000001
p-linger=0
p-mesh=Velkoz_Base_Taunt_Math.sco
p-meshtex=Velkoz_Base_Taunt_Board.tga
p-offset=20 100 -300
p-quadrot=0 0 0
p-rgba=Velkoz_Base_Taunt_Board_rgba.tga
p-scale=1 1 1.2000000000000002
p-type=3
p-uvscroll-no-alpha=1
p-uvscroll-rgb=0 -0.15000000596046448
p-xscale1=0 0 0 1
p-xscale2=0.05000000074505806 0.800000011920929 0.800000011920929 1
p-xscale3=0.05999999865889549 1 1 1
p-xscale4=0.949999988079071 1 1 1
p-xscale5=0.9700000286102295 0.019999999552965164 0.019999999552965164 1
p-xscale6=1 0 0 1
rendermode=4
single-particle=1

[math]
e-life=1
e-linger=0
e-local-orient=1
e-rate=1
e-rotation1=-70
p-bindtoemitter=0 0
p-life=6.5
p-linger=0
p-mesh=Velkoz_Base_Taunt_Math.sco
p-meshtex=Velkoz_Base_Taunt_Math.tga
p-offset=180 100 -240
p-quadrot=0 0 0
p-rgba=Velkoz_Base_Z_White.tga
p-scale=1 0.5 2.8000000000000003
p-texture-pixelate=1
p-type=3
p-uvscroll-no-alpha=1
p-uvscroll-rgb=-0.05999999865889549 0
rendermode=4
single-particle=1

[math_wipe]
e-life=7
e-linger=0
e-local-orient=1
e-rate=1
e-rotation1=-70
e-timeoffset=6.5
e-uvoffset=0.5 0
p-bindtoemitter=0 0
p-life=0.25
p-linger=0
p-mesh=Velkoz_Base_Taunt_Math.sco
p-meshtex=Velkoz_Base_Taunt_Math.tga
p-offset=180 100 -240
p-quadrot=0 0 0
p-rgba=Velkoz_Base_Z_White.tga
p-scale=1 0.5 2.8000000000000003
p-texture-pixelate=1
p-type=3
p-uvscroll-no-alpha=1
p-uvscroll-rgb=2 0
rendermode=4
single-particle=1

