[System]
GroupPart1=Warning_Reticle
PersistThruDeath=1
SimulateEveryFrame=1
SimulateWhileOffScreen=1
group-vis=10000

[Warning_Reticle]
e-life=1
e-linger=0
e-local-orient=1
e-rate=1
p-bindtoemitter=1 1
p-coloroffset=0 0
p-colorscale=0.5 0.2
p-colortype=1 0
p-life=0.30000000000000004
p-linger=0
p-offset=-10 0 610
p-projection-fading=50
p-projection-y-range=100
p-rgba=Velkoz_Base_Z_teamhardbell_rgba.tga
p-scale=200 0 600
p-texture=Velkoz_Base_W_Reticle.tga
p-type=7
p-xscale1=0 0.30000000000000004 1 1
p-xscale2=0.2 0.9 1 1
p-xscale3=1 1 1 1
rendermode=4
single-particle=1
teamcolor-correction=1

[UNKNOWN_HASHES]
unk072B38CC=1.5
unk09845CE1=1
unk13430B17=1
unk155E980E=1 0
unk18BDFFD7=1
unk1CF71257=0.2 0.2
unk1D53FD44=Velkoz_Base_Z_teamhardbell_rgba.tga
unk265E6B09=1
unk268976FB=1
unk2A18D759=1
unk2DEE1A98=1
unk301E7CA1=-90 0 90
unk3EAF701D=0
unk40721352=0
unk42FE6CBD=0 -0.33000001311302185
unk48D67B0D=1 0
unk48E44E22=-10 -10 610
unk53FFF86C=Velkoz_Base_W_Reticle_Bracket.tga
unk719F5E2F=0 1 0.30000000000000004 1
unk719F5E30=0.2 1 1 1
unk719F5E31=1 1 1 1
unk7B0401E1=1
unk7BDFE922=1
unk834CB94A=1
unk8D58ADDE=0
unk8F1B5113=0
unk8F773596=0.2 0.2
unk9167215B=600 200 0
unk924C9C26=0 0
unk978D8BE3=-10 -10 610
unkA20D72A6=1 1
unkAA3CEA8B=1.5
unkB559F8FE=0 -0.33000001311302185
unkB654BCD6=1
unkBE4D635A=600 200 0
unkC065AF03=Velkoz_Base_Z_teamhardbell_rgba.tga
unkC985AF20=90 0 90
unkC99B28BA=1
unkD8382BB0=0 1 0.30000000000000004 1
unkD8382BB1=0.2 1 1 1
unkD8382BB2=1 1 1 1
unkDAE15B58=1
unkDC32E18C=4
unkE31448A7=0 0
unkE94E744B=4
unkED672AEB=Velkoz_Base_W_Reticle_Bracket.tga
unkF144EEA7=1 1
unkF52BDCE2=1
