[System]
GroupPart1=trench
PersistThruDeath=1
SimulateEveryFrame=1

[trench]
e-life=10000
e-linger=0
e-rate=60
e-tilesize=200 0 0
p-life=1
p-linger=1
p-offset=1 0 0
p-quadrot=0 0 0
p-rgba=Velkoz_Base_Z_HoldFade_rgba.tga
p-scale=30 0 0
p-scale1=0 0 0 0
p-scale2=0.1 0.5 0 0
p-scale3=0.75 1 0 0
p-scale4=0.9 0 0 0
p-scale5=1 0 0 0
p-scaleXP1=0 0.5
p-scaleXP2=1 1
p-texture=Velkoz_base_E_trench.tga
p-trailmode=1
p-type=5
p-xscale=1 0 0
p-xscale1=0 0 0 0
p-xscale2=0.03999999910593033 1 0 0
p-xscale3=0.7000000000000001 1 0 0
p-xscale4=1 0 0 0
pass=-1
rendermode=1

