[Beam_Skin01]
KeywordsRequired=VelkozSkin01
e-life=1
e-linger=0
e-local-orient=1
e-rate=1
e-tilesize=0 500 0
e-uvoffset=1 0
e-uvoffsetXP1=0 0
e-uvoffsetXP2=1 1
p-bindtoemitter=1
p-coloroffset=0 0
p-colorscale=1 1
p-colortype=1 0
p-life=0.30000000000000004
p-linger=0
p-numframes=6
p-offset=0 0 0
p-randomstartframe=1
p-rgba=Velkoz_Skin01_ba_beam_rgba.dds
p-scale=50 1 1
p-texdiv=3 2
p-texture=Velkoz_Skin01_ba_beam.dds
p-type=6
p-uvscroll-rgb=4 0
p-xscale1=0 1 0 0
p-xscale2=1 1.5 0 0
rendermode=0
single-particle=1

[System]
GroupPart1=beamflow
GroupPart3=Beam_Skin01
SimulateEveryFrame=1

[beamflow]
KeywordsExcluded=VelkozSkin01
e-life=1
e-linger=0
e-local-orient=1
e-rate=1
e-tilesize=0 200 0
e-uvoffset=1 0
e-uvoffsetXP1=0 0
e-uvoffsetXP2=1 1
p-bindtoemitter=1
p-coloroffset=0 0
p-colorscale=1 1
p-colortype=1 0
p-life=0.30000000000000004
p-linger=0
p-numframes=6
p-offset=0 0 0
p-randomstartframe=1
p-rgba=Velkoz_base_ba_beam_rgba.tga
p-scale=100 1 1
p-texdiv=3 2
p-texture=velkoz_base_ba_beam.tga
p-type=6
p-uvscroll-rgb=4 0
p-xscale1=0 1 0 0
p-xscale2=1 1.5 0 0
rendermode=0
single-particle=1

[UNKNOWN_HASHES]
unk01AED73C=0
unk0A91428B=0
unk0E9295D4=6
unk0F14626A=Velkoz_Base_Z_Sparks_grey.tga
unk1A676FDF=1
unk1EA2C665=2 4 2
unk21986457=1
unk2690537F=drag
unk284E31AC=1
unk310D7FFB=4
unk3338EECF=1000
unk447BA7F2=8
unk48EAA69F=0
unk4AAD49D4=-1
unk4C11911C=0 0
unk531F84A4=1 1 1
unk551330D7=0 0 0
unk556FDDF7=noise
unk59BB4C9C=1
unk5A2B0925=0 1 0 0
unk5A2B0926=1 1.5 0 0
unk5D5289CD=4
unk5F64E568=0
unk6127889D=0
unk6876CB5D=0 1 0
unk6999C36D=0 0 0
unk763AA99A=0 1
unk763AA99B=1 2
unk8E3A18C9=1000
unk8E6FC20D=1
unk916C2A59=3 3 3
unk92711556=0.30000000000000004
unk928F354E=1
unk934C95AE=0 1 1 1
unk934C95AF=0.5 1 1 1
unk934C95B0=1 0 0 0
unk9A879458=1
unk9CF498B2=10
unk9E88E7A1=1
unkA4988685=Velkoz_Base_BA_Sparks_rgba.tga
unkA899D9CE=Velkoz_Base_Z_White.tga
unkADCE003C=100
unkB1CF5385=1
unkB7E1E30C=1 3
unkBC2CD1BB=2 2
unkC187F416=0
unkC1A89695=0 -5
unkC1A89696=0.20000000298023224 -1
unkC1A89697=0.8 1
unkC1A89698=1 5
unkC226A616=0 -100
unkC226A617=1 300
unkC2A4B597=0 -5
unkC2A4B598=0.20000000298023224 -1
unkC2A4B599=0.8 1
unkC2A4B59A=1 5
unkC8D77FE1=1 1
unkCB500B03=1 0
unkD03FBC34=0 500 0
unkD2A71084=8 1
unkD585A74E=0 0.2
unkD585A74F=0.8 0.4
unkD585A750=1 1
unkD5F2D5E1=velkoz_base_ba_beam2.tga
unkD8C4AA18=1 1
unkDB5BB063=1
unkE0138F8A=1
unkE108A950=100 1 1
unkE8C47BA5=0
unkF1C1AD05=0
unkF1C57093=30
unkF3A66671=5
unkFCEC3B38=0.1
