[Caustic]
KeywordsExcluded=LucianSkin01
e-life=8
e-linger=0
e-local-orient=0
e-rate=1
p-backfaceon=0
p-bindtoemitter=1 1
p-flexoffset=0.005
p-flexscale=0.005
p-fresnel=1
p-fresnel-color=-1 -1 -1 -1
p-life=8
p-linger=0
p-mesh=Lucian_Base_Z_Sphere_LowPoly.scb
p-meshtex=Lucian_Base_W_Orb_Revision.tga
p-offset=0 50 0
p-quadrot=0 0 180
p-rotvel=80 0 0
p-rotvelXP1=0 0.5
p-rotvelXP2=1 1
p-scale=2 1 1
p-scaleXP1=0 0.9
p-scaleXP2=1 1.1
p-type=3
p-xrgba=1 1 1 0.5
p-xrgba1=0 1 1 1 0
p-xrgba2=0.1 1 1 1 0.7
p-xrgba3=0.7 1 1 1 0.7
p-xrgba4=1 1 1 1 0
pass=1
rendermode=0
single-particle=1
uniformscale=1

[SKIN1_Core]
KeywordsRequired=LucianSkin01
e-life=8
e-linger=0
e-local-orient=1
e-rate=14
e-rotation1=1
e-rotation1-axis=0 1 0
e-rotation1P1=0 0
e-rotation1P2=1 360
p-bindtoemitter=1 1
p-drag=4 0 4
p-flexscale=0.005
p-life=0.7
p-lifeP1=0 1
p-lifeP2=1 1.5
p-linger=0
p-offset=35 50 0
p-offsetYP1=0 0
p-offsetYP2=1 2
p-orbitvel=0 5 0
p-quadrot=360 0 0
p-quadrotXP1=0 0
p-quadrotXP2=1 1
p-scale=50 50 0
p-scaleXP1=0 0.5
p-scaleXP2=1 1
p-texture=Lucian_SKIN1_W_Atoms.tga
p-type=0
p-xrgba=1 1 1 0.5
p-xrgba1=0 1 1 1 0
p-xrgba2=0.1 1 1 1 0.7
p-xrgba3=0.7 1 1 1 0.7
p-xrgba4=1 1 1 1 0
p-xscale1=0 0 0 0
p-xscale2=0.11800000071525574 0.8820000290870667 0 0
p-xscale3=0.12300000339746475 0.8769999742507935 0 0
p-xscale4=0.30000000000000004 0.7000000000000001 0 0
p-xscale5=0.3919999897480011 0.2029999941587448 0 0
p-xscale6=0.4779999852180481 0.6679999828338623 0 0
p-xscale7=0.6949999928474426 0.3050000071525574 0 0
p-xscale8=1 0 0 0
pass=4
rendermode=0
uniformscale=1

[SKIN1_Core_Back]
KeywordsRequired=LucianSkin01
e-disabled=1
e-life=1
e-linger=0
e-local-orient=1
e-rate=20
e-rotation1=1
e-rotation1-axis=0 1 0
e-rotation1P1=0 0
e-rotation1P2=1 360
p-bindtoemitter=1 1
p-drag=4 0 4
p-life=0.25
p-lifeP1=0 1
p-lifeP2=1 1.5
p-linger=0
p-offset=10 0 0
p-offsetYP1=0 1
p-offsetYP2=1 2
p-orbitvel=0 5 0
p-quadrot=360 0 0
p-quadrotXP1=0 0
p-quadrotXP2=1 1
p-scale=150 150 0
p-scaleXP1=0 0.5
p-scaleXP2=1 1
p-texture=Lucian_SKIN1_W_Atoms.tga
p-type=0
p-vel=300 0 0
p-velXP1=0 -1
p-velXP2=1 1
p-xscale1=0 0 0 0
p-xscale2=0.20000000298023224 0.8820000290870667 0 0
p-xscale3=0.5 0.30000000000000004 0 0
p-xscale4=1 0 0 0
pass=0
rendermode=0
uniformscale=1

[SKIN1_Core_Sub]
KeywordsRequired=LucianSkin01
e-life=1
e-linger=0
e-local-orient=1
e-rate=20
e-rotation1=1
e-rotation1-axis=0 1 0
e-rotation1P1=0 0
e-rotation1P2=1 360
p-bindtoemitter=1 1
p-drag=4 0 4
p-flexoffset=0.005
p-flexscale=0.005
p-life=0.25
p-lifeP1=0 1
p-lifeP2=1 1.5
p-linger=0
p-offset=10 0 0
p-orbitvel=0 5 0
p-quadrot=360 0 0
p-quadrotXP1=0 0
p-quadrotXP2=1 1
p-scale=200 200 0
p-scaleXP1=0 0.5
p-scaleXP2=1 1
p-texture=Lucian_SKIN1_W_Atoms_Sub.tga
p-type=0
p-vel=0 0 0
p-velXP1=0 -1
p-velXP2=1 1
p-xrgba=1 1 1 0.5
p-xrgba1=0 1 1 1 0
p-xrgba2=0.1 1 1 1 0.7
p-xrgba3=0.7 1 1 1 0.7
p-xrgba4=1 1 1 1 0
p-xscale1=0 0.5 1 0
p-xscale2=0.35 0.75 0.3 1
p-xscale3=0.65 1 0.1 1
p-xscale4=1 1 0.5 1
pass=3
rendermode=2
uniformscale=1

[System]
GroupPart1=Caustic
GroupPart2=SKIN1_Core_Back
GroupPart3=SKIN1_Core_Sub
GroupPart4=SKIN1_Core
PersistThruDeath=1
SimulateEveryFrame=1

[UNKNOWN_HASHES]
unk4035A680=1
unk978656D2=1
unkCF2D0F70=0.005
unkEE941501=1
