[System]
GroupPart1=blood
GroupPart1Importance=Medium
GroupPart1Type=complex
GroupPart2=axe_glow
GroupPart2Importance=High
GroupPart2Type=Simple

[axe_glow]
e-life=-1
e-linger=0
e-local-orient=0
e-rate=8
p-bindtoemitter=1 1
p-life=0.2
p-linger=0
p-offset=1 1 1
p-quadrot=360
p-quadrotP1=0 0
p-quadrotP2=1 1
p-rgba=color-smoke32_07.tga
p-rotvel=100
p-rotvelP1=0 0.5
p-rotvelP2=1 -0.5
p-scale=70
p-scale1=0 0.7
p-scale2=0.30000001192092896 4.349999904632568
p-scale3=1 0.7
p-texture=flare-Rainbow_purp_03.tga
p-type=1
p-xrgba=1 1 1 1
p-xrgba1=0 0 0 0 1
p-xrgba2=1 1 1 1 1
p-xscale=1 1 1
p-xscale1=0 0 0 0
p-xscale2=0.5 1.5 1.5 1.5
p-xscale3=1 0 0 0
rendermode=0

[blood]
e-life=500
e-linger=0
e-rate=100
e-rotation1=1
e-rotation1-axis=0 0 1
e-rotation1P1=0 0
e-rotation1P2=1 360
e-rotation2=1
e-rotation2P1=0 0
e-rotation2P2=1 125
p-bindtoemitter=0 0
p-colorscale=1 1
p-colortype=1 3
p-drag=1 1 1
p-flexoffset=0.004999999888241291
p-frameRate=16
p-life=0.30000000000000004
p-lifeP1=0 0.5
p-lifeP2=1 2
p-numframes=16
p-offset=0 0 0
p-rgba=color-bloodfade32.tga
p-scale=20 20 20
p-scale1=0 1 2 1
p-scale2=0.5 1 1 1
p-scale3=1 1 1 1
p-scaleXP1=0 0.4
p-scaleXP2=1 1.2000000000000002
p-startframe=0
p-texdiv=4 4
p-texture=blurdrops.tga
p-vecalign=1
p-vel=60 125 25
p-velYP1=0 0.25
p-velYP2=1 1.6
p-worldaccel=0 -1000 0
rendermode=1

[UNKNOWN_HASHES]
unkF9A7F18F=1
