[System]
GroupPart1=cast_flash_02
GroupPart1Importance=High
GroupPart1Type=Simple
GroupPart2=cast_flash
GroupPart2Importance=High
GroupPart2Type=Simple
GroupPart3=cast_flash_02_PentakillOlaf
GroupPart3Importance=High
GroupPart3Type=Simple
GroupPart4=cast_flash_PentakillOlaf
GroupPart4Importance=High
GroupPart4Type=Simple
SimulateEveryFrame=1

[cast_flash]
KeywordsExcluded=PentakillOlaf
e-life=0.2
e-rate=10
p-bindtoemitter=1 1
p-coloroffset=0 0.9
p-colorscale=1 0.1
p-colortype=1 2
p-life=0.7
p-quadrot=20
p-quadrot1=0 0 0 0
p-quadrot2=1 -15 0 0
p-rgba=alpha_02.tga
p-rotvel=360 0 0
p-scale=12
p-texture=blast_ring_01.tga
p-type=0
p-xscale=1
p-xscale1=0 0 0 0
p-xscale2=0.5 12.5 0 0
p-xscale3=1 25 0 0

[cast_flash_02]
KeywordsExcluded=PentakillOlaf
e-life=0.05000000074505806
e-rate=60
p-bindtoemitter=1 1
p-coloroffset=0 0.9
p-colorscale=1 0.1
p-colortype=1 2
p-life=0.75
p-quadrot=20
p-quadrot1=0 0 0 0
p-quadrot2=1 -15 0 0
p-rgba=alpha_02.tga
p-rotvel=270 0 0
p-rotvelP1=0 -1
p-rotvelP2=0.5 -1
p-rotvelP3=0.5 1
p-rotvelP4=1 1
p-scale=11
p-texture=yellow_attack_buf_03.tga
p-type=0
p-xscale=1
p-xscale1=0 25 0 0
p-xscale2=0.5 12.5 0 0
p-xscale3=1 0 0 0

[cast_flash_02_PentakillOlaf]
KeywordsRequired=PentakillOlaf
e-life=0.05000000074505806
e-rate=20
p-bindtoemitter=1 1
p-coloroffset=0 0.9
p-colorscale=1 0.1
p-colortype=1 2
p-life=0.75
p-quadrot=20
p-quadrot1=0 0 0 0
p-quadrot2=1 -15 0 0
p-rgba=alpha_02.tga
p-rotvel=270 0 0
p-rotvelP1=0 -1
p-rotvelP2=0.5 -1
p-rotvelP3=0.5 1
p-rotvelP4=1 1
p-scale=12
p-texture=purp_buf_11.tga
p-type=0
p-xscale=1
p-xscale1=0 25 0 0
p-xscale2=0.5 12.5 0 0
p-xscale3=1 0 0 0

[cast_flash_PentakillOlaf]
KeywordsRequired=PentakillOlaf
e-life=0.3499999940395355
e-rate=5
p-bindtoemitter=1 1
p-coloroffset=0 0.9
p-colorscale=1 0.1
p-colortype=1 2
p-life=0.7
p-quadrot=20
p-quadrot1=0 0 0 0
p-quadrot2=1 -15 0 0
p-rgba=alpha_02.tga
p-rotvel=360 0 0
p-scale=12
p-texture=blast_ring_03.tga
p-type=0
p-xscale=1
p-xscale1=0 0 0 0
p-xscale2=0.5 12.5 0 0
p-xscale3=1 25 0 0

[UNKNOWN_HASHES]
unk00BFECB4=865 0 0
unk0112BA08=1 1
unk01B6593D=5
unk116D5F4E=olaf_pentakill_drumstick_03.tga
unk294C5891=0 25 0 0
unk294C5892=0.5 19 0 0
unk294C5893=1 0 13 0
unk35E8646F=1 2
unk38078D89=0 0.9
unk3DFA9834=1 0.1
unk534DEEBC=5.5
unk56F32273=865 0 0
unk5DC18175=1 0.1
unk68379A29=0.75
unk74378FA0=1
unk744F6C74=0.05000000074505806
unk7D67B4EA=0.75
unk7E605EA1=alpha_20_08.tga
unk8795D858=20
unk897F8735=0.05000000074505806
unk93907962=alpha_02.tga
unk95A59292=0 25 0 0
unk95A59293=0.5 19 0 0
unk95A59294=1 0 13 0
unk95C2ADF0=1 2
unk9CC5F319=20
unkA514254D=olaf_pentakill_drumstick_03.tga
unkCA6AC55F=1
unkD0EE703A=PentakillOlaf
unkD5AC67F9=PentakillOlaf
unkE4591AA7=0
unkE81FE289=1 1
unkEE1CC5E9=1
unkF33BF488=0 0.9
unkF9893568=0
