[UNKNOWN_HASHES]
unk03486182=0 -1000 0
unk15D7E71F=teal_attack_buf_10.tga
unk1BE014D3=0 1 1 1
unk1BE014D4=0.5 1 1 1
unk1BE014D5=1 1 1 1
unk2577D2A7=0.1
unk277C8508=1
unk2A5CA0DA=1 1
unk324C394E=1
unk3347CE7D=0 0
unk3347CE7E=1 360
unk33C5DDFE=0 0
unk33C5DDFF=1 125
unk3728DCA0=1 1 1
unk48D7E108=0.002
unk4FB2AFC9=0 0 0 0 255
unk4FB2AFCA=0.12 255 255 255 255
unk4FB2AFCB=0.24 211 255 212 255
unk4FB2AFCC=0.35 166 255 154 255
unk4FB2AFCD=0.72 0 255 0 255
unk4FB2AFCE=1 0 0 0 255
unk53B14492=0 0 1
unk594DAA9F=200 0 0
unk6050DBB8=0.004999999888241291
unk676C50BC=1
unk676C50BD=1
unk71D21D2D=0 0
unk71D21D2E=1 360
unk7371B691=1 3
unk7B082D5F=0 0 0
unk7CB5CBDC=0
unk7CFE2E4F=0 0.7000000000000001
unk7CFE2E50=1 0.3499999940395355
unk7EDDD598=0.15
unk81F1A4AA=0
unk83B447DF=0
unk83E274F5=0.0035000001080334187
unk8A10E86F=blurdrops_water.tga
unk8AF5A7E3=-1
unk8C253258=0
unk8C2682AF=0.25 0.25 0.25
unk95069A10=alpha_03.tga
unk99E71C21=16
unk9A101A63=0 1.2000000000000002
unk9A101A64=0.4 0.8
unk9A101A65=1 0
unk9E3C13C7=18
unkA29BA123=0 -1
unkA29BA124=1 1
unkA562AE3D=1
unkA6F5D848=1.25
unkAAC34821=65 65 65
unkB0A6A2DE=15 15 15
unkB30DAA93=5
unkBD1E9CC0=color-bloodfade32.tga
unkBD35BD23=1 0.4
unkBED49662=190
unkC6541677=200
unkD00DF98E=45
unkD16EAA2A=0 0
unkD4AEB7D3=1 1
unkDA3EF76C=1
unkE4157A76=4 4
unkE6445D41=1 0
unkE70F9971=65 125 25
unkEC7ABB09=0 0.25
unkEC7ABB0A=1 1.6
unkEC9D5380=16
unkF00B10CA=0 0
unkF00B10CB=1 20
unkF089204B=0 0
unkF089204C=1 20
unkF1072FCC=0 0
unkF1072FCD=1 20
unkF1F66B54=0
unkFD6E5009=0 0.5
unkFD6E500A=1 2
unkFD98E4F7=0
