[GrumpyHit]
KeywordsRequired=ZacGrumpy
e-life=0.2
e-local-orient=1
e-rate=5
p-backfaceon=1
p-life=0.25
p-lifeP1=0 0.5
p-lifeP2=1 1.5
p-numframes=4
p-offset=0 0 0
p-postoffset=0 100 0
p-quadrot=360 0 0
p-quadrotXP1=0 0
p-quadrotXP2=1 1
p-randomstartframe=1
p-scale=100 50 0
p-scaleXP1=0 1
p-scaleXP2=1 1.5
p-startframe=0
p-texdiv=2 2
p-texture=Zac_SKN1_Hit_Flash.tga
p-type=0
p-xrgba=1 1 1 1
p-xrgba1=0 1 1 1 1
p-xrgba2=0.5 1 1 1 1
p-xrgba3=1 1 1 1 0
p-xscale1=0 0 0 0
p-xscale2=0.5 1 1 1
p-xscale3=1 1.5 1.5 1.5
pass=50
rendermode=1
single-particle=1

[Ring]
KeywordsExcluded=ZacGrumpy
e-life=1
e-rate=3
e-uvoffset=0 0.4
p-backfaceon=0
p-bindtoemitter=0 0
p-flexscale=0.005499999970197678
p-life=0.6
p-lifeP1=0 1
p-lifeP2=1 1.5
p-mesh=Zac_Ult_Slam_Cyl.sco
p-meshtex=Zac_Goo_E.tga
p-postoffset=0 160 0
p-quadrot=0 360 20
p-quadrotYP1=0 0
p-quadrotYP2=1 1
p-reflection-fresnel=0.1
p-reflection-fresnel-color=1 1 1 0.5
p-reflection-map=Zac_RM.dds
p-reflection-opacity-direct=0.25
p-reflection-opacity-glancing=0.1
p-rgba=Zac_Goo_RGB.tga
p-scale=40 40 40
p-scaleXP1=0 0.6
p-scaleXP2=1 1.2000000000000002
p-scaleZP1=0 0.6
p-scaleZP2=1 1.2000000000000002
p-shadow=0
p-type=3
p-uvscroll-rgb=0 1
p-vel=0 -200 0
p-velYP1=0 0.5
p-velYP2=1 1
p-xrgba=1 1 1 0.5
p-xrgba1=0 1 1 1 1
p-xrgba2=0.8 1 1 1 1
p-xrgba3=1 1 1 1 0
pass=5
rendermode=1
single-particle=1

[Splat]
KeywordsExcluded=ZacGrumpy
e-life=1
e-rate=8
flag-disable-z=1
p-backfaceon=0
p-bindtoemitter=0 0
p-flexscale=0.005499999970197678
p-frameRate=0
p-life=0.2
p-lifeP1=0 0.5
p-lifeP2=1 1.75
p-numframes=16
p-postoffset=0 160 0
p-quadrot=360 0 0
p-quadrotXP1=0 0
p-quadrotXP2=1 1
p-randomstartframe=1
p-rgba=Zac_Goo_RGB.tga
p-scale=25 100 0
p-scaleXP1=0 1
p-scaleXP2=1 1.5
p-scaleYP1=0 1
p-scaleYP2=1 1.5
p-shadow=0
p-startframe=0
p-texdiv=2 2
p-texture=Zac_Goo_03.tga
p-type=0
p-xrgba=1 1 1 1
p-xrgba1=0 1 1 1 1
p-xrgba2=0.5 1 1 1 1
p-xrgba3=1 1 1 1 0
p-xscale1=0 0.25 0.085 1
p-xscale2=0.20000000298023224 0.7239999771118164 0.6830000281333923 1
p-xscale3=0.30000001192092896 0.8320000171661377 0.8220000267028809 1
p-xscale4=0.5109999775886536 0.8700000047683716 0.9079999923706055 1
p-xscale5=0.703000009059906 0.8669999837875366 0.9570000171661377 1
p-xscale6=1 0.8640000224113464 1 1
pass=1
rendermode=1
single-particle=1

[System]
GroupPart1=Ring
GroupPart2=Splat
GroupPart3=GrumpyHit
PersistThruDeath=1
SimulateEveryFrame=1
SoundOnCreate=Play_sfx_ZacGrumpy_ZacW_hit

