[Juice]
e-life=1
e-local-orient=1
e-rate=1
e-uvoffset=1 1
e-uvoffsetXP1=0 0
e-uvoffsetXP2=1 1
e-uvoffsetYP1=0 0
e-uvoffsetYP2=1 1
p-backfaceon=0
p-bindtoemitter=1 1
p-life=8
p-mesh=Zac_Goo_Sphere.sco
p-meshtex=Zac_Goo_Color.tga
p-quadrot=180 180 180
p-quadrotXP1=0 -1
p-quadrotXP2=1 1
p-quadrotYP1=0 -1
p-quadrotYP2=1 1
p-quadrotZP1=0 -1
p-quadrotZP2=1
p-reflection-fresnel=0.22
p-reflection-fresnel-color=0.10000000149011612 0.30000001192092896 0.07999999821186066 1
p-reflection-map=Zac_RM.dds
p-reflection-opacity-direct=0
p-reflection-opacity-glancing=1
p-rgba=Zac_Chunk_RGB.tga
p-rotvel=20 20 20
p-rotvelXP1=0 -1
p-rotvelXP2=1 1
p-rotvelYP1=0 -1
p-rotvelYP2=1 1
p-rotvelZP1=0 -1
p-rotvelZP2=1 1
p-scale=55 55 55
p-shadow=1
p-type=3
p-uvscroll-rgb=0.1 0.1
p-xquadrot=1 1 1
p-xquadrot-on=1
p-xquadrot1=0 4 5 5
p-xquadrot2=0.1 1 0 0
p-xquadrot3=0.2 0 0 0
p-xquadrot4=1 0 0 0
p-xrgba=1 1 1 0.9
p-xrgba1=0 1 1 1 1
p-xrgba2=0.99 1 1 1 1
p-xrgba3=1 1 1 1 0
p-xscale1=0 1 0 0
p-xscale2=0.735 0.91 0 0
p-xscale3=0.806 0.854 0 0
p-xscale4=0.858 0.754 0 0
p-xscale5=0.908 0.635 0 0
p-xscale6=0.92 0.608 0 0
p-xscale7=0.937 0.587 0 0
p-xscale8=0.954 0.585 0 0
p-xscale9=0.975 0.599 0 0
pass=10
rendermode=1
single-particle=1
uniformscale=1

[System]
GroupPart1=Juice
GroupPart1Importance=High
SimulateEveryFrame=1
SoundOnCreate=Play_sfx_Zac_ZacWPassive_buffactivate

[UNKNOWN_HASHES]
unk1B14B978=0.987 0.716 0 0
unk1B14B979=1 1.017 0 0
