[Shards]
e-life=0.5
e-rate=10
p-backfaceon=1
p-bindtoemitter=0.2 0
p-flexoffset=0.004999999888241291
p-flexscale=0.004999999888241291
p-life=0.30000000000000004
p-lifeP1=0 0.5
p-lifeP2=1 1
p-linger=1
p-mesh=Khazix_Base_W_Spike.sco
p-meshtex=Khazix_Skin02_W_Mis_Spike.dds
p-offset=0 1 0
p-postoffset=1 1 1
p-postoffsetXP1=0 -2
p-postoffsetXP2=1 2
p-postoffsetYP1=0 2
p-postoffsetYP2=1 10
p-postoffsetZP1=0 -2
p-postoffsetZP2=1 2
p-quadrot=90 1 0
p-quadrotYP1=1 360
p-scale=50 50 50
p-scaleXP1=0 0.2 0.2 0.2
p-scaleXP2=0.8 0.5 0.5 0.5
p-scaleXP3=1 1 1 1
p-scaleYP1=0 0.2 0.2 0.2
p-scaleYP2=0.8 0.5 0.5 0.5
p-scaleYP3=1 1 1 1
p-scaleZP1=0 0.1 0.1 0.1
p-scaleZP2=0.8 0.3 0.3 0.3
p-scaleZP3=1 1 1 1
p-shadow=1
p-type=3
p-vecalign=1
p-vel=500 500 -500
p-velXP1=0 -1
p-velXP2=1 1
p-velYP1=0 -1
p-velYP2=1 1
p-velZP1=0 0.5
p-velZP2=1 1
p-xscale=1 1 1
p-xscale1=0 1 1 1
p-xscale2=0.75 1 1 1
p-xscale3=1 1 1 1
pass=100
rendermode=1
single-particle=1
uniformscale=1

[System]
GroupPart1=Shards
GroupPart1Importance=High
PersistThruDeath=1
SimulateEveryFrame=1

