[Column]
e-life=1
e-rate=1
p-backfaceon=1
p-flexoffset=0.004999999888241291
p-flexscale=0.004999999888241291
p-life=0.4
p-linger=0
p-mesh=khazix_Skin02_q_tar_column.sco
p-meshtex=Khazix_Skin02_Q_Tar_Column.dds
p-meshtex-mult=Khazix_Skin02_Q_Tar_Column_Mult.dds
p-scale=8 8 8
p-type=3
p-uvscroll-rgb-mult=0.1 1
p-xrgba=1 1 1 1
p-xrgba1=0 0.5 0.8 1 0
p-xrgba2=0.1 1 1 1 1
p-xrgba3=0.85 1 1 1 0.75
p-xrgba4=1 0.5 0.8 1 0
p-xscale=1 1 1
p-xscale1=0 2 0.2 2
p-xscale2=0.19200000166893005 1.871000051498413 0.24899999797344208 1.8839999437332153
p-xscale3=0.335999995470047 1.6799999475479126 0.41600000858306885 1.687999963760376
p-xscale4=0.7760000228881836 0.6990000009536743 1.899999976158142 0.6899999976158142
p-xscale5=1 0.5 2 0.5
pass=20
rendermode=1
single-particle=1

[Sand]
e-life=0.2
e-rate=20
e-rotation1=1
e-rotation1-axis=0 1 0
e-rotation1P1=0 0
e-rotation1P2=1 360
p-accel=0 -100 0
p-backfaceon=1
p-drag=4 4 4
p-life=0.4
p-lifeP1=0 0.5
p-lifeP2=0.7000000000000001 1
p-lifeP3=1 1.2000000000000002
p-linger=0
p-numframes=4
p-offset=100 0 0
p-offsetXP1=0 0.5
p-offsetXP2=1 1
p-quadrot=90 0 0
p-randomstartframe=1
p-scale=60 60 60
p-scaleXP1=0 0.5
p-scaleXP2=1 1
p-scaleYP1=0 0.5
p-scaleYP2=1 1
p-texdiv=2 2
p-texture=Khazix_Skin02_Q_Tar_Sand.dds
p-type=1
p-vecalign=1
p-vel=700 300 0
p-velXP1=0 0.25
p-velXP2=1 1
p-velYP1=0 0.5
p-velYP2=1 1
p-xrgba=1 1 1 1
p-xrgba1=0 1 1 1 0
p-xrgba2=0.1 1 1 1 1
p-xrgba3=1 1 1 1 0
p-xscale=1 1 1
p-xscale1=0 0.7 0.5 1
p-xscale2=1 1 2 1
rendermode=1
single-particle=1

[Slash]
e-life=1
e-rate=4
p-backfaceon=1
p-colortype=1 3
p-flexoffset=0.004999999888241291
p-flexscale=0.004999999888241291
p-life=0.8
p-lifeP1=0 0.5
p-lifeP2=1 1
p-linger=0
p-mesh=khazix_Skin02_q_tar_slash.scb
p-meshtex=Khazix_Skin02_Q_Tar_Slash.dds
p-numframes=4
p-offset=0 1 0
p-offsetYP1=0 70
p-offsetYP2=1 120
p-quadrot=0 1 0
p-quadrotYP1=0 0
p-quadrotYP2=1 360
p-randomstartframe=1
p-rgba=Khazix_Skin02_Q_Tar_Slash_Color.dds
p-rotvel=0 -800 0
p-rotvelYP1=0 0.2
p-rotvelYP2=1 2
p-scale=1.25 1.25 1.25
p-scaleXP1=0 0.5
p-scaleXP2=1 1
p-scaleYP1=0 0.5
p-scaleYP2=1 1
p-scaleZP1=0 0.5
p-scaleZP2=1 1
p-texdiv=1 4
p-type=3
p-vel=0 1 0
p-velYP1=0 -200
p-velYP2=1 200
p-xrgba=1 1 1 1
p-xrgba1=0 0.5 0.8 1 0
p-xrgba2=0.1 1 1 1 1
p-xrgba3=0.6 1 1 1 1
p-xrgba4=1 0.5 0.8 1 0
p-xscale=1 1 1
p-xscale1=0 0.5 1 0.5
p-xscale2=1 1.2000000000000002 1.2000000000000002 1.2000000000000002
pass=100
rendermode=1
single-particle=1
uniformscale=1

[System]
GroupPart1=flash
GroupPart2=Slash
GroupPart3=Column
GroupPart4=Sand
PersistThruDeath=1
SimulateEveryFrame=1
SoundOnCreate=Play_sfx_KhazixSkin02_KhazixQ_hit3

[flash]
e-life=1
e-rate=2
flag-disable-z=1
p-backfaceon=1
p-life=0.13330000638961792
p-linger=1
p-local-orient=1
p-offset=0 120 0
p-quadrot=-90 0 1
p-quadrotZP1=0 0
p-quadrotZP2=1 360
p-scale=100 100 100
p-texture=Khazix_Skin02_Q_Tar_Flash.dds
p-xscale=1 1 1
p-xscale1=0 0 0 0
p-xscale2=0.15000000596046448 3 3 3
p-xscale3=0.5 1 1 1
p-xscale4=1 0 0 0
pass=100
rendermode=4
single-particle=1

[UNKNOWN_HASHES]
unk1BBD9265=1
unk77B452E8=1
unkF7A0505E=1
