[Evo_Geo]
e-life=0.2
e-rate=1
p-animation=Khazix_Base_R_Evo2.anm
p-backfaceon=1
p-life=1
p-linger=10
p-meshtex=Khazix_Skin02_R_Shed.dds
p-scale=1.149999976158142 1.149999976158142 1.149999976158142
p-skeleton=Khazix_Base_R_Evo2.skl
p-skin=Khazix_Base_R_Evo2.skn
p-type=3
p-xrgba=1 1 1 1
p-xrgba1=0 1 1 1 1
p-xrgba2=0.8 1 1 1 1
p-xrgba3=1 1 1 1 0
pass=1000
rendermode=1

[Gravity1]
f-accel=0 -500 0

[Sand]
e-alpharef=64
e-life=0.25
e-rate=20
field-accel-1=Gravity1
p-drag=1 1 1
p-life=1
p-lifeP1=0 0.5
p-lifeP2=1 1
p-linger=1
p-offset=75 150 75
p-offsetXP1=0 -1
p-offsetXP2=1 1
p-offsetYP1=0 0
p-offsetYP2=1 1
p-offsetZP1=0 -1
p-offsetZP2=1 1
p-quadrot=1 0 0
p-quadrotXP1=0 -360
p-quadrotXP2=1 360
p-rotvel=1 0 0
p-rotvelXP1=0 -90
p-rotvelXP2=1 90
p-scale=60 60 60
p-scaleXP1=0 0.6
p-scaleXP2=1 1
p-texture=Khazix_Skin02_E_Evo2_Slime_Sand.dds
p-vel=350 150 350
p-velXP1=0 -1
p-velXP2=1 1
p-velYP1=0 0
p-velYP2=1 1
p-velZP1=0 -1
p-velZP2=1 1
p-xrgba=0.7607839703559875 0.7607839703559875 0.7607839703559875 1
p-xrgba1=0 1 1 1 0
p-xrgba2=0.15 1 1 1 1
p-xrgba3=1 1 1 1 0
p-xscale=1 1 1
p-xscale1=0 0.5 0.5 0.5
p-xscale2=1 1 1 1
pass=10
rendermode=1
single-particle=1
uniformscale=1

[System]
GroupPart1=Evo_Geo
GroupPart1Importance=High
GroupPart2=Sand
PersistThruDeath=1
SimulateEveryFrame=1

