[SandTrail]
e-life=4
e-rate=60
e-tilesize=410 0 0
e-trail-cutoff=1000
p-life=0.5
p-offset=0 80 0
p-scale=70 70 70
p-texture=Khazix_Skin02_W_Mis_Child_Sand.dds
p-trailmode=1
p-type=4
p-uvscroll-rgb=-0.5 0
p-xrgba=1 1 1 1
p-xrgba1=0.05 0.133333 1 0 0
p-xrgba2=0.1 0.537255 1 0.592157 1
p-xrgba3=0.175 1 1 0.627451 1
p-xrgba4=0.25 1 1 1 0.313695
p-xrgba5=0.7 1 1 1 0.164706
p-xrgba6=1 1 1 1 0
p-xscale=1 1 1
p-xscale1=0 1 1 1
p-xscale2=1 0.30000000000000004 0.30000000000000004 1
pass=-20
rendermode=1

[Snow]
e-life=1
e-rate=120
e-rotation1=1
e-rotation1-axis=0 0 1
e-rotation1P1=0 0
e-rotation1P2=1 360
e-rotation2=1
e-rotation2-axis=0 1 0
e-rotation2P1=0 0
e-rotation2P2=1 360
p-colortype=1 3
p-drag=1 1 1
p-life=0.5
p-lifeP1=0 0.1
p-lifeP2=0.8999999761581421 0.75
p-lifeP3=1 1.5
p-numframes=4
p-offset=16 0 0
p-offsetXP1=0 0.8
p-offsetXP2=1 1
p-orbitvel=1 0 0
p-quadrot=1 0 0
p-quadrotXP1=0 0
p-quadrotXP2=1 360
p-randomstartframe=1
p-rotvel=1 0 0
p-rotvelXP1=0 -300
p-rotvelXP2=1 300
p-scale=10 10 10
p-scaleXP1=0 0.5
p-scaleXP2=0.9 1
p-scaleXP3=1 1.5
p-scaleYP1=0 0.5
p-scaleYP2=0.9 1
p-scaleYP3=1 1.5
p-texdiv=2 2
p-texture=Khazix_Skin02_Q_SingleEnemy_Indicator_Bits4x4.dds
p-vel=500 0 0
p-worldaccel=0 -400 0
p-worldaccelYP1=0 0
p-worldaccelYP2=1 1
p-xrgba=1 1 1 1
p-xrgba1=0 1 1 1 0
p-xrgba2=0.15 1 1 1 1
p-xrgba3=0.7 1 1 1 1
p-xrgba4=1 1 1 1 0
p-xscale=1 1 1
p-xscale1=0 0 0 0
p-xscale2=0.2 1 1 1
p-xscale3=0.7000000000000001 1 1 1
p-xscale4=1 0 0 0
rendermode=1
uniformscale=1

[System]
GroupPart1=SandTrail
GroupPart2=Snow
SimulateEveryFrame=1

