[System]
GroupPart1=sparkles1
SimulateEveryFrame=1

[sparkles1]
e-disabled=1
e-life=6.2
e-rate=20
e-rateP1=0 1
e-rateP2=0.30000000000000004 3
e-rateP3=1 0.1
e-rotation1=1
e-rotation1-axis=0 0 1
e-rotation1P1=0 1
e-rotation1P2=1 360
e-rotation2=1
e-rotation2-axis=0 1 0
e-rotation2P1=0 0
e-rotation2P2=1 360
p-accel=1 1 1
p-bindtoemitter=0.85 0
p-fixedorbittype=1
p-life=0.8500000238418579
p-offset=2 0 5
p-postoffset=0 10 0
p-quadrot=1 0 0
p-quadrotXP1=0 0
p-quadrotXP2=1 360
p-rgba=color-bellcurve.tga
p-rotvel=90 0 0
p-scale=16 16 16
p-scaleP1=1 1 1
p-scaleP2=0.5 0.5 0.5
p-scaleP3=0.1 0.1 0.1
p-texture=blue_mana_buf_01.dds
p-vel=3 0 3
p-xscale=1 1 1
p-xscale1=0 0.35 0 1
p-xscale2=1 1 2.2 1

