[Flames_2]
e-disabled=1
e-life=2.7
e-local-orient=0
e-rate=20
e-timeoffset=0.7000000000000001
p-bindtoemitter=1 1
p-life=0.15000000596046448
p-linger=0
p-numframes=4
p-quadrot=1 0 0
p-randomstartframe=1
p-scale=130 130 0
p-scale1=0 1 1 1
p-scale2=1 1 1 1
p-scaleXP1=0 1
p-scaleXP2=1 1
p-scaleYP1=0 1
p-scaleYP2=1 1
p-texdiv=2 2
p-texture=Skarner_Skin03_E_muzzle_03.dds
p-type=1
p-xscale=1 1 1
p-xscale1=0 1 1 1
p-xscale2=1 1 1 1
pass=10

[Flames_3]
e-disabled=1
e-life=2.7
e-rate=20
e-timeoffset=0.7000000000000001
p-bindtoemitter=1 1
p-life=0.15000000596046448
p-linger=0
p-numframes=4
p-quadrot=90 0 -120
p-randomstartframe=1
p-scale=70 70 0
p-scale1=0 1 1 1
p-scale2=1 1 1 1
p-scaleXP1=0 1
p-scaleXP2=1 1
p-scaleYP1=0 1
p-scaleYP2=1 1
p-simpleorient=1
p-texdiv=2 2
p-texture=Skarner_Skin03_E_muzzle_03.dds
p-type=1
p-xscale=1 1 1
p-xscale1=0 1 1 1
p-xscale2=1 1 1 1
pass=10

[System]
GroupPart1=Flames_2
GroupPart2=smoke_test_02
GroupPart3=Flames_3
GroupPart4=smoke_test_2
SimulateEveryFrame=1

[smoke_test_02]
e-disabled=1
e-life=2
e-rate=55
e-rotation1=1
e-rotation1-axis=1 0 0
e-rotation1P1=0 0
e-rotation1P2=1 90
e-rotation2=1
e-rotation2-axis=0 1 0
e-rotation2P1=0 0
e-rotation2P2=1 360
e-uvoffset-mult=1 1
e-uvoffset-multXP1=0 1
e-uvoffset-multXP2=1 0
e-uvoffset-multYP1=0 1
e-uvoffset-multYP2=1 0
p-bindtoemitter=0.9 0
p-drag=4 4 4
p-life=0.30000000000000004
p-lifeP1=0 0.5
p-lifeP2=1 1
p-linger=0
p-postoffset=0 0 0
p-postoffsetYP1=0 0
p-postoffsetYP2=1 4
p-scale=110 110 110
p-scaleXP1=0 0.8
p-scaleXP2=1 1
p-scaleYP1=0 0.8
p-scaleYP2=1 1.5
p-scaleZP1=0 0.8
p-scaleZP2=1 1
p-texture=Skarner_Skin03_E_smoke_03.dds
p-texture-mult=Skarner_Skin03_E_smoke_mult.dds
p-uvscroll-no-alpha=1
p-uvscroll-rgb-mult=0 0.3
p-vecalign=1
p-vel=0 -100 0
p-velXP1=0 0.6
p-velXP2=1 1
p-velYP1=0 0.6
p-velYP2=1 1
p-xrgba=1 1 1 1
p-xrgba1=0 0.968627 0.384314 0.113725 1
p-xrgba2=0.4 0.223529 0.007843 0.007843 0.6
p-xrgba3=0.6 0.192157 0.066667 0.066667 0.364706
p-xrgba4=1 0 0 0 0
p-xscale=1 1 1
p-xscale1=0 0.6 0.1 0.6
p-xscale2=0.4 0.8 0.8 0.8
p-xscale3=1 1 1 1
pass=200
rendermode=1

[smoke_test_2]
e-life=0.6499999761581421
e-rate=10
e-rotation1=1
e-rotation1-axis=1 0 0
e-rotation1P1=0 0
e-rotation1P2=1 90
e-rotation2=1
e-rotation2-axis=0 1 0
e-rotation2P1=0 0
e-rotation2P2=1 360
e-uvoffset-mult=1 1
e-uvoffset-multXP1=0 1
e-uvoffset-multXP2=1 0
e-uvoffset-multYP1=0 1
e-uvoffset-multYP2=1 0
p-bindtoemitter=0.25 0
p-drag=4 4 4
p-life=1
p-lifeP1=0 0.5
p-lifeP2=1 1
p-linger=0
p-postoffset=0 0 0
p-postoffsetYP1=0 0
p-postoffsetYP2=1 4
p-scale=60 60 60
p-scaleXP1=0 0.8
p-scaleXP2=1 1
p-scaleYP1=0 0.8
p-scaleYP2=1 1.5
p-scaleZP1=0 0.8
p-scaleZP2=1 1
p-texture=Skarner_Skin03_E_smoke_03.dds
p-texture-mult=Skarner_Skin03_E_smoke_mult.dds
p-uvscroll-no-alpha=1
p-uvscroll-rgb-mult=0 0.3
p-vecalign=1
p-vel=0 -100 0
p-velXP1=0 0.6
p-velXP2=1 1
p-velYP1=0 0.6
p-velYP2=1 1
p-xrgba=1 1 1 1
p-xrgba1=0 1 1 1 1
p-xrgba2=0.2 0.094118 0.007843 0.007843 1
p-xrgba3=0.6 0 0 0 0.368597
p-xrgba4=1 0 0 0 0
p-xscale=1 1 1
p-xscale1=0 0.6 0.1 0.6
p-xscale2=0.4 0.8 0.8 0.8
p-xscale3=1 1 1 1
pass=200
rendermode=1

[UNKNOWN_HASHES]
unk566C2ADD=0 1 1 1 1
unk566C2ADE=1 1 1 1 1
unkADB92E67=0 1 1 1 1
unkADB92E68=1 1 1 1 1
