[MeshTrail1]
e-life=1
e-local-orient=0
e-rate=1
p-bindtoemitter=1 0
p-flexscale=0.003000000026077032
p-life=0.25
p-linger=0
p-offset=0 50 0
p-quadrot=0 -40 0
p-rotvel=0 300 0
p-scale=0.550000011920929 0.550000011920929 0.550000011920929
p-type=3
p-uvscroll-no-alpha=1
p-uvscroll-rgb=4 0
p-uvscroll-rgb-mult=3 1
p-uvscroll-rgb-multXP1=0 0.5
p-uvscroll-rgb-multXP2=1 1
p-uvscroll-rgb-multYP1=0 0.5
p-uvscroll-rgb-multYP2=1 1
p-uvscroll-rgbXP1=0 0.5
p-uvscroll-rgbXP2=1 1
p-xrgba=1 1 1 1
p-xrgba1=0 1 1 1 1
p-xrgba2=1 1 1 1 1
p-xscale=1 1 1
p-xscale1=0 1 1 1
p-xscale2=0.10000000149011612 1.75 1.75 1.75
p-xscale3=1 0 0 0
rendermode=4
single-particle=1

[System]
GroupPart1=MeshTrail1
MaterialOverride1BlendMode=4
MaterialOverride1Priority=2
MaterialOverride1Texture=Skarner_Skin03_R_tar_color_02.dds
SimulateEveryFrame=1

