[Distort]
e-life=6.300000000000001
e-linger=2
e-rate=70
e-rotation1=1
e-rotation1-axis=1 0 0
e-rotation1P1=0 0
e-rotation1P2=1 40
e-rotation2=1
e-rotation2-axis=0 1 0
e-rotation2P1=0 0
e-rotation2P2=1 360
e-timeoffset=0.30000000000000004
p-bindtoemitter=1 1
p-distortion-power=0.029999999329447746
p-life=0.5
p-linger=2
p-normal-map=distort-heat.tga
p-offset=50 0 0
p-postoffset=0 70 120
p-quadrot=1
p-quadrotP1=0 0
p-quadrotP2=1 360
p-rgba=alpha_20.tga
p-scale=60
p-texture=color-hold.dds
p-vel=0 200 0
p-velYP1=0 1
p-velYP2=1 1.2000000000000002
p-xscale=1
p-xscale1=0 0.9
p-xscale2=1 2
rendermode=1

[System]
GroupPart1=bodyglow
GroupPart1Type=Simple
GroupPart2=rays
GroupPart3=Distort
GroupPart3Type=Simple
GroupPart4=sphere_halo1
GroupPart5=sphere_halo2
SimulateEveryFrame=1

[bodyglow]
e-disabled=1
e-life=0
e-rate=5
p-bindtoemitter=1 1
p-coloroffset=0 0q
p-colortype=1 3
p-life=1.149999976158142
p-offset=0 15 0
p-quadrot=1
p-quadrotP1=0 0
p-quadrotP2=1 360
p-rgba=color-ringdust.tga
p-scale=110
p-startframe=2
p-texdiv=2 2
p-texture=gemglow.dds
p-xscale=1
p-xscale1=0 0.1
p-xscale2=0.30000000000000004 1
p-xscale3=0.6000000238418579 0.75
p-xscale4=1 0.1

[rays]
e-disabled=1
e-life=0.30000000000000004
e-local-orient=0
e-rate=50
p-bindtoemitter=1 0
p-life=0.44999998807907104
p-life1=0 1
p-life2=1 0.30000000000000004
p-linger=0
p-offset=0 -50 0
p-quadrot=1 1 1
p-quadrotXP1=0 -70
p-quadrotXP2=1 0
p-quadrotYP1=0 0
p-quadrotYP2=1 360
p-rgba=color-rampup.tga
p-scale=5 30 0
p-scale1=0 4 4 4
p-scale2=1 0.1 0.1 0.1
p-scaleXP1=0 0.2
p-scaleXP2=1 1
p-scaleYP1=0 0.5
p-scaleYP2=1 1
p-texture=orderexploshaft.dds
p-type=2
p-xscale=1 1 1
p-xscale1=0 4 4 4
p-xscale2=0.2 5 5 5
p-xscale3=1 0 1 0
pass=1000

[sphere_halo1]
e-disabled=1
e-life=1.3
e-rate=2
e-rgba=190 28 0 255
e-timeoffset=0.30000000000000004
flag-disable-z=1
p-bindtoemitter=1 1
p-colorscale=1 0.2
p-flexoffset=0.004999999888241291
p-life=6
p-linger=0
p-postoffset=0 -5 0
p-quadrot=0 0 0
p-quadrotXP1=0 0
p-quadrotXP2=1 360
p-scale=110 110 0
p-texture=Skarner_Skin03_W_Shield_Ring_05.dds
p-xscale=1 1 1
p-xscale1=0 0.25 0.25 0.25
p-xscale2=0.012500000186264515 1.25 1.25 1.25
p-xscale3=0.02500000037252903 1 1 1
p-xscale4=0.03750000149011612 1.149999976158142 1.149999976158142 1.149999976158142
p-xscale5=0.05000000074505806 1 1 1
p-xscale6=0.05119999870657921 1.0499999523162842 1.0499999523162842 1.0499999523162842
p-xscale7=1 1 1 1
single-particle=1

[sphere_halo2]
e-disabled=1
e-life=1.3
e-rate=2
e-rgba=190 28 0 255
e-timeoffset=0.30000000000000004
flag-disable-z=1
p-bindtoemitter=1 1
p-colorscale=1 0.2
p-flexoffset=0.004999999888241291
p-life=6
p-linger=0
p-postoffset=0 -5 0
p-quadrot=0 0 0
p-quadrotXP1=0 0
p-quadrotXP2=1 360
p-scale=140 140 0
p-texture=Skarner_Skin03_W_Shield_Ring_05.dds
p-xscale=1 1 1
p-xscale1=0 0.25 0.25 0.25
p-xscale2=0.012500000186264515 1.25 1.25 1.25
p-xscale3=0.02500000037252903 1 1 1
p-xscale4=0.03750000149011612 1.149999976158142 1.149999976158142 1.149999976158142
p-xscale5=0.05000000074505806 1 1 1
p-xscale6=0.05119999870657921 1.0499999523162842 1.0499999523162842 1.0499999523162842
p-xscale7=1 1 1 1
single-particle=1

[UNKNOWN_HASHES]
unk7206B4AC=0 1
unk7206B4AD=1 0.2
