[Flash]
e-life=0.5
e-rate=1
flag-disable-z=1
p-bindtoemitter=1 0
p-life=0.30000000000000004
p-linger=0
p-offset=0 50 0
p-scale=200 200 0
p-texture=Nidalee_Base_Cougar_Q_Marked_glow.dds
p-vel=0 100 0
p-xrgba=1 1 1 1
p-xrgba1=0 1 1 1 0
p-xrgba2=0.3 1 1 1 1
p-xrgba3=1 1 0 0 0
p-xscale=1 1 1
p-xscale1=0 1 1 0
p-xscale2=1 0 0.5 0
pass=1
rendermode=4
single-particle=1

[System]
GroupPart1=popshards
GroupPart2=Flash
GroupPart3=smoke
PersistThruDeath=1
SimulateEveryFrame=1

[popshards]
e-life=1
e-rate=35
p-life=0.4
p-lifeP1=0 0.4
p-lifeP2=1 0.75
p-numframes=4
p-quadrot=1 1 0
p-quadrotXP1=0 110
p-quadrotXP2=1 -110
p-quadrotYP1=0 110
p-quadrotYP2=1 -110
p-randomstartframe=1
p-scale=25 60 60
p-scaleYP1=0 0.5
p-scaleYP2=1 1.5
p-texdiv=4 1
p-texture=Nidalee_Base_Cougar_Q_marked_rays.dds
p-type=2
p-xrgba=0.666667 0 0 1
p-xrgba1=0 1 1 1 0
p-xrgba2=0.5 1 1 1 1
p-xrgba3=1 1 1 1 0
p-xscale=1 1 1
p-xscale1=0 0 0 0
p-xscale2=0.2 4 2 0
p-xscale3=0.75 2 5 1
p-xscale4=1 0 6 1
single-particle=1

[smoke]
e-alpharef=0
e-life=0.25
e-rate=3
p-life=0.7000000000000001
p-lifeP1=0 0.65
p-lifeP2=1 1
p-numframes=4
p-offset=20 5 20
p-offsetXP1=0 -1
p-offsetXP2=1 1
p-offsetYP1=0 0.25
p-offsetYP2=1 1
p-offsetZP1=0 -1
p-offsetZP2=1 1
p-postoffset=0 100 0
p-quadrot=1 0 0
p-quadrotXP1=0 0
p-quadrotXP2=1 360
p-randomstartframe=1
p-rotvel=0 0 0
p-rotvelXP1=0 0
p-rotvelXP2=0.4 3
p-scale=150 150 0
p-scaleXP1=0 1
p-scaleXP2=1 1.5
p-scaleYP1=0 1
p-scaleYP2=1 1.5
p-texdiv=2 2
p-texture=nidalee_base_cougar_Q_marked_hitswirl.dds
p-xrgba=0.800000011920929 0.06274499744176865 0.06274499744176865 1
p-xrgba1=0 1 1 1 1
p-xrgba2=0.1 1 1 1 0.8
p-xrgba3=0.55 1 1 1 0
p-xrgba4=1 1 1 1 0
p-xscale=1 1 1
p-xscale1=0 0 0 0
p-xscale2=0.02 1 1 0
p-xscale3=1 1.5 1.5 1.5
pass=-30
rendermode=1
single-particle=1

[UNKNOWN_HASHES]
unk637DF2F5=0 1 1 1 0.9
unk637DF2F6=1 1 1 1 1
unkB65B01FC=z
unkCB9F124C=0 1 1 1 0.9
unkCB9F124D=1 1 1 1 1.5
