[Glow]
e-life=0.6000000000000001
e-linger=1
e-rate=1
e-rotation1=1
e-rotation1P1=0 0
e-rotation1P2=1 360
e-timeoffset=0.1
flag-disable-z=1
p-bindtoemitter=1 1
p-colortype=1 3
p-drag=1 1 1
p-life=1
p-rgba=color-bellcurve.tga
p-scale=100 100 10
p-scaleXP1=0 0.6
p-scaleXP2=1 1
p-texture=ball32_02.dds
p-xrgba=1 1 1 1
p-xrgba1=0 0.1 0.5 0.1 1
p-xrgba2=1 0.1 0.5 0.1 1
p-xscale=1 1 1
p-xscale1=0 0.4 0.4 0.4
p-xscale2=1 1 1 1
rendermode=4
single-particle=1
uniformscale=1

[Healspots]
e-life=0.7000000000000001
e-linger=1
e-rate=5
e-rotation1=1
e-rotation1P1=0 0
e-rotation1P2=1 360
e-timeoffset=0.1
p-bindtoemitter=1 0
p-colortype=1 3
p-drag=1 1 1
p-life=2
p-lifeP1=0 0.5
p-lifeP2=1 1
p-orbitvel=0 3 0
p-orbitvelYP1=0 -1
p-orbitvelYP2=1 1
p-rgba=color-rampdown.tga
p-scale=30 30 10
p-scaleXP1=0 0.6
p-scaleXP2=1 1
p-texture=Nidalee_Glowspecks.dds
p-vel=30 30 30
p-xrgba=1 1 1 1
p-xrgba1=0 0.1 0.5 0.1 1
p-xrgba2=1 0.1 0.5 0.1 1
p-xscale=1 1 1
p-xscale1=0 0 0 0
p-xscale2=0.30000000000000004 1 1 1
p-xscale3=1 0.30000000000000004 0.30000000000000004 0.30000000000000004
rendermode=4
single-particle=1
uniformscale=1

[MagicSwirls]
e-disabled=1
e-life=0.8
e-rate=10
e-rotation1=1
e-rotation1-axis=0 1 0
e-rotation1P1=0 0
e-rotation1P2=1 360
e-rotation2=1
e-rotation2-axis=1 0 0
e-rotation2P1=0 0
e-rotation2P2=1 360
e-timeoffset=0.5
flag-disable-z=1
p-alphaslicerange=0.15000000596046448
p-coloroffset=0.4 0
p-life=0.6000000000000001
p-lifeP1=0 1
p-lifeP2=1 2
p-numframes=4
p-postoffset=110 70 110
p-quadrot=0 0 0
p-quadrotXP1=0 1
p-quadrotXP2=1 360
p-randomstartframe=1
p-rgba=color-rampdown32.tga
p-rotvel=0 0 0
p-rotvelXP1=0 -1
p-rotvelXP2=1 1
p-scale=70 -50 120
p-scaleXP1=0 -1
p-scaleXP2=0.5099899768829346 -0.6000000238418579
p-scaleXP3=0.5099999904632568 0.6000000238418579
p-scaleYP1=0 0.8
p-scaleYP2=1 1
p-texdiv=2 2
p-texture=Nidalee_Heal_Shapes.dds
p-vecalign=1
p-vel=-20 0 0
p-xrgba=1 1 1 1
p-xrgba1=0 0.2 0.8 0.2 1
p-xrgba2=0.4 0.2 0.8 0.2 1
rendermode=4
single-particle=1

[System]
GroupPart1=flash
GroupPart1Importance=High
GroupPart1Type=Simple
GroupPart2=Glow
GroupPart3=Healspots
GroupPart4=MagicSwirls
SimulateEveryFrame=1

[flash]
e-life=6.4
e-local-orient=0
e-rate=5
e-timeoffset=0.4
p-bindtoemitter=1 1
p-life=0.25
p-postoffset=0 20 0
p-quadrot=45
p-rgba=color-bellcurve.tga
p-scale=100
p-texture=Flare-Sun_green.dds
p-xscale=1
p-xscale1=0 1
p-xscale2=0.5 0.5
p-xscale3=1 0

[UNKNOWN_HASHES]
unk21FBA99C=0 0 0
unk7E9838B8=0 300 0
unkF9F7777B=100
