[System]
PersistThruDeath=1
SimulateEveryFrame=1

[UNKNOWN_HASHES]
unk03EC056F=0 0.4
unk03EC0570=1 1.1
unk08D3A077=LeeSinSkin05
unk0EDF6196=0 0
unk18EB6FD1=1
unk1CD8F6EC=16
unk267CF285=0 -300 0
unk2714941E=0
unk29DA6826=1 0 0
unk35A578F3=0 20 0
unk4006C965=0 1 0
unk50FFB234=1 1 1
unk56C7EF67=1 1
unk6F107BE9=0 0
unk6F107BEA=1 1
unk6F8E8B6A=0 0
unk6F8E8B6B=1 0.7
unk7FB21C8B=0
unk85619916=0 -1000 0
unk97A7F428=360
unk97A7F429=360
unk9B05469C=1
unk9EB2C60A=4 4
unkA0461EDD=0 400 0
unkA3AD59FD=1 3
unkA718069D=0 0.2
unkA718069E=1 2
unkB80B9B9D=0 0.5
unkB80B9B9E=1 2.25
unkC0CCADDC=0.4
unkC25A81DB=blurdrops.tga
unkCA22BF8D=16
unkCCE48027=0.11999999731779099
unkD67D6067=0 1 5 1
unkD67D6068=0.5 1 1 1
unkD67D6069=1 1 1 1
unkD6F57254=color-bloodfade32.tga
unkDB66E233=0 100 0
unkE02AEC0B=1800
unkE219324A=25 25 25
unkE26A134C=0.004999999888241291
