[Flat2]
e-disabled=1
e-life=0.1
e-rate=12
e-timeoffset=0.05000000074505806
p-flexoffset=200
p-flexscale=0.5249999761581421
p-life=0.15000000596046448
p-postoffset=0 80 0
p-quadrot=1 0 0
p-quadrotXP1=0 0
p-quadrotXP2=1 360
p-rgba=alpha_12.tga
p-scale=2.8000000000000003 1 1
p-texture=sharp_flash_02.dds
p-xscale=1 1 1
p-xscale1=0 1 1 1
p-xscale2=1 0 0 0

[System]
GroupPart1=flat
GroupPart1Importance=High
GroupPart1Type=Simple
GroupPart2=magic
GroupPart2Importance=High
GroupPart2Type=Simple
GroupPart3=magic2
GroupPart4=Flat2
PersistThruDeath=1

[flat]
e-life=0.1
e-rate=1
p-flexoffset=200
p-flexscale=0.5249999761581421
p-life=0.30000000000000004
p-postoffset=0 80 0
p-quadrot=1
p-quadrotP1=0 0
p-quadrotP2=1 360
p-rgba=alpha_12.tga
p-rotvel=0
p-scale=1.5
p-texture=splat_05.dds
p-xquadrot=0
p-xscale=1
p-xscale1=0 0.25 0.25 0.25
p-xscale2=1 1 1 1
rendermode=4
single-particle=1

[gravity_02]
f-accel=0 -1250 0

[magic]
e-life=0.125
e-linger=1.5
e-rate=90
e-rotation1=1
e-rotation1P1=0 0
e-rotation1P2=1 360
field-accel-1=gravity_02
p-bindtoemitter=1 0.8
p-flexoffset=0.004999999888241291
p-life=0.4
p-lifeP1=0 0.15
p-lifeP2=1 1
p-offset=15 15 15
p-offsetXP1=0 0
p-offsetXP2=1 1
p-offsetYP1=0 0
p-offsetYP2=1 3
p-postoffset=0 30 0
p-quadrot=0
p-rgba=color-smoke32_07.tga
p-rotvel=1
p-rotvel1=0 0
p-rotvel2=1 0
p-scale=105
p-scaleP1=0 0.25
p-scaleP2=1 0.8500000238418579
p-texture=Flare-Rainbow_red_02.dds
p-vel=300 300 300
p-velYP1=0 1.55
p-velYP2=1 0.25
p-xquadrot=0
p-xscale=1
p-xscale1=0 1 1 1
p-xscale2=0.4 1 1 1
p-xscale3=1 0 0 0

[magic2]
e-disabled=1
e-life=0.125
e-linger=1.5
e-rate=90
e-rotation1=1
e-rotation1P1=0 0
e-rotation1P2=1 360
field-accel-1=gravity_02
p-bindtoemitter=1 0.8
p-flexoffset=0.004999999888241291
p-life=0.4
p-lifeP1=0 0.15
p-lifeP2=1 1
p-offset=15 15 15
p-offsetXP1=0 0
p-offsetXP2=1 1
p-offsetYP1=0 0
p-offsetYP2=1 3
p-postoffset=0 30 0
p-rgba=color-smoke32_07.tga
p-rotvel=1 0 0
p-rotvel1=0 0 0 0
p-rotvel2=1 0 0 180
p-scale=105 1 1
p-scaleXP1=0 0.25
p-scaleXP2=1 0.8500000238418579
p-texture=flare-Rainbow_blue_01.dds
p-vel=300 300 300
p-velYP1=0 1.55
p-velYP2=1 0.25
p-xscale=1 1 1
p-xscale1=0 1 1 1
p-xscale2=0.4 1 1 1
p-xscale3=1 0 0 0

[UNKNOWN_HASHES]
unk02ABBCE7=0 0 0 0 255
unk02ABBCE8=0.1226667 255 255 255 255
unk02ABBCE9=0.2370705 211 255 212 255
unk02ABBCEA=0.3477372 166 255 154 255
unk02ABBCEB=0.7173334 0 255 0 255
unk02ABBCEC=1 0 0 0 255
unk95E65D4F=0 0 0 0 255
unk95E65D50=0.1226667 255 255 255 255
unk95E65D51=0.2370705 211 255 212 255
unk95E65D52=0.3477372 166 255 154 255
unk95E65D53=0.7173334 0 255 0 255
unk95E65D54=1 0 0 0 255
