[System]
GroupPart1=flat2
GroupPart1Importance=High
GroupPart1Type=Simple
GroupPart2=sparkle_02
GroupPart2Importance=High
GroupPart2Type=Simple
GroupPart3=soundWave01
GroupPart3Importance=High
GroupPart3Type=Complex
SimulateEveryFrame=1

[flat2]
e-life=0.1
e-linger=0
e-local-orient=0
e-rate=10
p-colorscale=1 1
p-colortype=1 0
p-frameRate=0
p-life=0.25
p-numframes=1
p-quadrot=1
p-quadrotP1=0 0
p-quadrotP2=1 360
p-rgba=color-rampdown.tga
p-rotvel=90 90 0
p-scale=280
p-scaleP1=0 0.9
p-scaleP2=1 1
p-simpleorient=2
p-startframe=0
p-texdiv=1 1
p-texture=flare-sun_29.tga
p-type=0
p-xscale1=0 1
p-xscale2=0.5 0.5
p-xscale3=1 0
rendermode=0

[soundWave01]
e-life=0.65
e-rate=20
p-colorscale=1
p-colortype=1
p-life=0.45
p-quadrot=90 0 0
p-rgba=alpha_12.tga
p-scale=1 1 1
p-texture=sonic_flare_01.tga
p-type=1
p-vel=0 0 1300
p-xscale1=0 0.15 0.15 0.15
p-xscale2=0.5 0.6 0.6 0.6
p-xscale3=1 1 1 1.2000000000000002
rendermode=0

[sparkle_02]
e-life=0.1
e-linger=0
e-rate=24
e-rotation1=1
e-rotation1P1=0 0
e-rotation1P2=1 360
p-bindtoemitter=0 0
p-colorscale=1 0.4
p-colortype=1 0
p-life=0.75
p-quadrot=0
p-rgba=alpha_03.tga
p-rotvel=190
p-rotvelP1=0 -1
p-rotvelP2=1 1
p-scale=50
p-scaleP1=0 0.7000000000000001
p-scaleP2=1 0.3499999940395355
p-shadow=0
p-texture=flare-Rainbow_blue_01.tga
p-vel=0 0 50
p-xscale=1
p-xscale1=0 1.2000000000000002
p-xscale2=0.4 0.8
p-xscale3=1 0
rendermode=0

[UNKNOWN_HASHES]
unk182B7720=0
unk1D2311C5=2
unk2222CB7E=1
unk2E3E42CA=0.25
unk3A561515=0.1
unk44670742=color-rampdown.tga
unk468A98DC=0
unk47CC83A2=1
unk4D9C80F9=10
unk4F7A6E6F=0 1000 0
unk4FB2AFC9=0 0 0 0 255
unk4FB2AFCA=0.12 255 255 255 255
unk4FB2AFCB=0.24 211 255 212 255
unk4FB2AFCC=0.35 166 255 154 255
unk4FB2AFCD=0.72 0 255 0 255
unk4FB2AFCE=1 0 0 0 255
unk65FAD8DC=300
unk6BADFF6D=flare-Rainbow_blue_01.tga
unk78853F55=1 1
unk836D8A94=90 90 0
unkA16F6C79=0
unkA8F72E8F=1 0
unkAA5FC348=0
unkB9CCC3F8=1 1
unkC4232D8A=0
unkCF6C941F=0
unkD2D4469D=0 0.9
unkD2D4469E=1 1
unkEFE632B1=0 1
unkEFE632B2=0.5 0.5
unkEFE632B3=1 0
unkF3F0EE63=0 0
unkF3F0EE64=1 360
unkFD243221=0 -100 0
