[Cripple_Graphic_01]
e-life=3
e-rate=10
p-bindtoemitter=1 1
p-coloroffset=0 0.9
p-colorscale=1 0.1
p-colortype=1 2
p-flexscale=0.0035000001080334187
p-life=0.30000000000000004
p-linger=0
p-offset=0 70 0
p-quadrot=90 1 0
p-quadrotYP1=0 0
p-quadrotYP2=1 360
p-scale=160 160 1
p-texture=LeeSin_Base_E_Symbol_01.dds
p-type=1
p-xrgba=1 1 1 1
p-xrgba1=0 1 1 1 0
p-xrgba2=0.9 1 1 1 1
p-xrgba3=1 1 1 1 0
p-xscale=1 1 1
p-xscale1=0 1.2 1.2 1.2
p-xscale2=1 0.30000001192092896 0.30000001192092896 0.550000011920929
rendermode=4

[Flat]
e-life=0.30000000000000004
e-rate=3
e-timeoffset=0.2
p-life=0.15000000596046448
p-postoffset=0 350 0
p-quadrot=1
p-quadrotP1=0 0
p-quadrotP2=1 360
p-rgba=alpha_12.tga
p-rotvel=0
p-scale=170
p-texture=flare-sun_28.dds
p-xquadrot=0
p-xscale=1
p-xscale1=0 1 1 1
p-xscale2=1 0 0 0

[Hand_Glow]
e-life=0.44999998807907104
e-rate=3
e-timeoffset=0.2
p-bindtoemitter=1 1
p-flexoffset=0.0020000000949949026
p-flexscale=0.0035000001080334187
p-life=0.4
p-linger=0
p-offset=1 1 1
p-postoffset=0 350 0
p-quadrot=360
p-quadrotP1=0 0
p-quadrotP2=1 1
p-rgba=color-smoke32_07.tga
p-rotvel=100
p-rotvelP1=0 0.5
p-rotvelP2=1 -0.5
p-scale=130
p-scale1=0 0.7 0.7 0.7
p-scale2=0.30000000000000004 1 1 1
p-scale3=1 0.7000000000000001 0.7000000000000001 0.7000000000000001
p-texture=flare-Rainbow_red_01.dds
p-xquadrot=0
p-xscale=1
p-xscale1=0 0.3 0.3 0.3
p-xscale2=0.5 1 1 1
p-xscale3=1 0.30000000000000004 0.30000000000000004 0.30000000000000004

[Scroll2]
e-life=0.3499999940395355
e-local-orient=0
e-rate=1
e-timeoffset=0.1
p-bindtoemitter=1 1
p-life=0.44999998807907104
p-linger=0
p-postoffset=0 350 0
p-quadrot=0
p-rgba=alpha_12.tga
p-rotvel=0
p-scale=80
p-texture=blind_monk_symbol_15.dds
p-xquadrot=0
p-xscale=1
single-particle=1

[Star]
e-life=1
e-rate=1
p-bindtoemitter=1 1
p-flexscale=0.0035000001080334187
p-linger=0
p-offset=0 10 0
p-quadrot=0
p-rgba=color-smoke32_07.tga
p-rotvel=25
p-scale=135
p-simpleorient=2
p-texture=flare-sun_30.dds
p-type=1
p-xquadrot=0
p-xscale=1
single-particle=1

[System]
GroupPart1=Cripple_Graphic_01
GroupPart2=Hand_Glow
GroupPart2Type=Simple
GroupPart3=Warning
GroupPart3Type=Simple
GroupPart4=Flat
GroupPart4Type=Simple
GroupPart5=Warning2
GroupPart5Type=Simple
GroupPart6=Scroll2
GroupPart6Type=Simple
GroupPart7=Star
GroupPart7Type=Simple
SimulateEveryFrame=1

[Warning]
e-life=0.44999998807907104
e-rate=15
e-rotation1=1
e-rotation1P1=0 0
e-rotation1P2=1 360
e-timeoffset=0.2
p-bindtoemitter=1 1
p-life=0.15000000596046448
p-lifeP1=0 0.81
p-lifeP2=1 1.1100000143051147
p-offset=1 1 1
p-offsetXP1=0 0
p-offsetXP2=1 25
p-offsetYP1=0 0
p-offsetYP2=1 25
p-offsetZP1=0 0
p-offsetZP2=1 25
p-postoffset=0 340 0
p-quadrot=0
p-rgba=color-smoke32_07.tga
p-rotvel=180
p-rotvelP1=0 -1
p-rotvelP2=1 1
p-scale=12
p-scaleP1=0 1.85
p-scaleP2=1 0.550000011920929
p-texture=flare-Rainbow_red_01.dds
p-xquadrot=0
p-xscale=1
p-xscale1=0 0.75 0.75 0.75
p-xscale2=0.5 1.7000000000000002 1.7000000000000002 1.7000000000000002
p-xscale3=1 0.15000000596046448 0.15000000596046448 0.15000000596046448

[Warning2]
e-life=0.44999998807907104
e-rate=15
e-rotation1=1
e-rotation1P1=0 0
e-rotation1P2=1 360
e-timeoffset=0.2
p-bindtoemitter=1 1
p-life=0.15000000596046448
p-lifeP1=0 0.81
p-lifeP2=1 1.1100000143051147
p-offset=1 1 1
p-offsetXP1=0 0
p-offsetXP2=1 2
p-offsetYP1=0 0
p-offsetYP2=1 140
p-offsetZP1=0 0
p-offsetZP2=1 2
p-postoffset=0 285 0'
p-quadrot=0
p-rgba=color-smoke32_07.tga
p-rotvel=180
p-rotvelP1=0 -1
p-rotvelP2=1 1
p-scale=12
p-scaleP1=0 1.85
p-scaleP2=1 0.550000011920929
p-texture=flare-Rainbow_red_01.dds
p-xquadrot=0
p-xscale=1
p-xscale1=0 0.75 0.75 0.75
p-xscale2=0.5 1.7000000000000002 1.7000000000000002 1.7000000000000002
p-xscale3=1 0.15000000596046448 0.15000000596046448 0.15000000596046448

