[System]
GroupPart1=ground_movement1
GroupPart2=circles
GroupPart3=distort
SimulateEveryFrame=1

[circles]
e-life=3
e-linger=0
e-local-orient=1
e-rate=105
p-life=0.6
p-linger=0
p-local-orient=1
p-quadrot=90 0 0
p-scale=140 140 140
p-scaleYP1=0 2
p-scaleYP2=1 0.2
p-texture=MasterYi_Base_Z_Ring.dds
p-type=1
p-vel=0 0 -350
p-xrgba=1 1 1 1
p-xrgba1=0 1 1 1 0
p-xrgba2=0.4 1 1 1 0.6
p-xrgba3=1 1 1 1 1 0
p-xscale1=0 1 1 1
p-xscale2=1 0.1 0.1 0.1
pass=100
rendermode=0

[distort]
e-life=3
e-local-orient=0
e-rate=20
p-bindtoemitter=1 0
p-coloroffset=0.30000000000000004 0
p-colorscale=0.7000000000000001 1
p-colortype=1 0
p-distortion-mode=2
p-distortion-power=0.03500000014901161
p-life=0.3499999940395355
p-normal-map=distortion_soundwaves_01.tga
p-offset=0 0 0
p-postoffset=0 0 0
p-quadrot=90 0 90
p-rgba=alpha_20.tga
p-scale=70 10 10
p-simpleorient=3
p-texture=Aura_Self_02.tga
p-type=1
p-xscale=1
p-xscale1=0 1.5
p-xscale2=1 0.5
rendermode=1

[ground_movement1]
e-life=100
e-linger=0
e-rate=13
p-backfaceon=1
p-bindtoemitter=0 0
p-frameRate=30
p-life=1
p-linger=0
p-mesh=MasterYi_Q_Dash_Mesh.sco
p-meshtex=MasterYi_Base_Q_AP_SpeedShadow.dds
p-numframes=2
p-postoffset=0 0 -100
p-quadrot=90 0 0
p-randomstartframe=1
p-scale=0.8 0.8 0.8
p-texdiv=1 4
p-type=3
p-vel=0 -100 -240
p-xrgba=1 1 1 1
p-xrgba1=0 1 1 1 0
p-xrgba2=0.05 1 1 1 0.5
p-xrgba3=1 1 1 1 1 0
rendermode=1

[UNKNOWN_HASHES]
unk02A18F74=1 1
unk0BDB138D=1
unk262760EE=0 0 0
unk27C1442C=4
unk34462D4D=0 0 -140
unk3B403B6C=0.6
unk3B757826=1
unk47580DB7=10
unk47D0F643=1
unk4A08DCB9=MasterYi_Yellow_Glow.dds
unk4D4773F6=0 -10
unk4D4773F7=1 10
unk4DC58377=0 -40
unk4DC58378=1 40
unk4E4392F8=0 1
unk4E4392F9=1 -1
unk51D6607E=0
unk539903B3=0
unk55092F77=1
unk59CBA33E=4
unk5A9E799B=6
unk5C0B3E83=1 1 -40
unk6987ABC2=1
unk6DB1481A=0 0.5
unk6DB1481B=1 2
unk74FCEC7E=0.35
unk789A9C28=140 540 140
unk78D2E5B5=0 1 1 1 0
unk78D2E5B6=0.3 1 1 1 1
unk78D2E5B7=0.4 1 1 1 0.5
unk78D2E5B8=1 1 1 1 0
unk7F2E538F=0 1 1 1
unk7F2E5390=0.2 1 1 1
unk7F2E5391=1 1 4 0
unk8114BEC9=0.3
unk8B25B0F6=color-rampdown.tga
unk91261280=0 -1
unk91261281=0.5 -1
unk91261282=0.501 1
unk91261283=1 1.5
unk921908BA=30 60 10
unk92A8CF5F=0.5 0
unk945B2AAD=1
unk96DD17C3=0 100 0
unk9F27A890=0
unkA287797C=1 1 1 1
unkA301BB9E=0.5 0
unkA95C8695=0 50 0
unkB761BBEA=1
unkBB8B8741=1
unkCDB577DC=0 1
unkCDB577DD=1 2
unkCF13B064=1
unkD4695379=2
unkD714A480=90 0 0
unkDE71612D=0 1
unkDE71612E=1 0.5
unkE0F65806=1 1
unkF11E6CFC=1
unkFAF6204B=MasterYi_Base_R_Buf_Lines.dds
unkFDAF22F2=MasterYi_Base_R_Buf_Lines.dds
