[System]
GroupPart1=side
GroupPart3=large_streaks
GroupPart4=ground_movement
SimulateEveryFrame=1

[ground_movement]
e-life=-1
e-linger=0.3
e-rate=8
p-backfaceon=1
p-bindtoemitter=1 1
p-frameRate=2
p-life=1
p-linger=0
p-mesh=MasterYi_Q_Dash_Mesh.sco
p-meshtex=MasterYi_Base_Q_SpeedShadow.dds
p-meshtex-mult=MasterYi_Base_Q_SpeedShadow_Mult.dds
p-numframes=2
p-postoffset=0 20 30
p-quadrot=0 180 0
p-randomstartframe=1
p-scale=1 1 1
p-texdiv=2 1
p-type=3
p-uvscroll-no-alpha=1
p-uvscroll-rgb=0.2 0.15
p-uvscroll-rgb-mult=-0.1 0
p-uvscroll-rgbXP1=0 0.25
p-uvscroll-rgbXP2=1 -0.25
p-vel=0 0 -100
p-xrgba=1 1 1 1
p-xrgba1=0 1 1 1 0
p-xrgba2=0.1 1 1 1 1
p-xrgba3=0.4 0.2 0.2 0.2 0
p-xscale1=0 0 0 0
p-xscale2=0.1 1 1 1
p-xscale3=1 1 1 3
rendermode=4

[large_streaks]
e-life=-1
e-local-orient=1
e-rate=35
p-bindtoemitter=1 0
p-life=0.6
p-local-orient=1
p-offset=1 1 2
p-offsetXP1=0 30
p-offsetXP2=1 -30
p-offsetYP1=0 40
p-offsetYP2=1 -70
p-postoffset=0 100 20
p-quadrot=90 90 90
p-rotvel=100 0 0
p-scale=80 160 0
p-texture=MasterYi_Base_R_BoltLine.dds
p-type=1
p-uvscroll-no-alpha=1
p-uvscroll-rgb=2 0.5
p-uvscroll-rgbXP1=0 0.3
p-uvscroll-rgbXP2=1 0.5
p-uvscroll-rgbYP1=0 0.3
p-uvscroll-rgbYP2=1 1
p-vel=0 0 -120
p-xrgba1=0 1 0.8 0.2 0
p-xrgba2=0.5 1 0.8 0.2 0.75
p-xrgba3=1 0.3 0.3 0.1 0
p-xscale1=0 0.45 0.45 0.45
p-xscale2=1 0.3 1.2 0.3
p-xscaleXP1=0 0.6
p-xscaleXP2=1 1.2000000000000002
pass=50
rendermode=4

[side]
e-life=20
e-linger=0
e-local-orient=1
e-rate=8
e-rateP1=0 1
e-rateP2=1 2
p-bindtoemitter=1 1
p-life=0.2
p-lifeP1=0 1
p-lifeP2=1 0.5
p-linger=0
p-local-orient=1
p-offset=1 1 -20
p-offsetXP1=0 0
p-offsetXP2=1 10
p-offsetYP1=0 -20
p-offsetYP2=1 20
p-offsetZP1=0 0
p-offsetZP2=1 2
p-postoffset=0 100 -30
p-quadrot=90 0 0
p-scale=40 70 0
p-texture=MasterYi_Base_R_Buf_Lines.dds
p-type=1
p-uvscroll-no-alpha=1
p-uvscroll-rgb=0.2 0
p-uvscroll-rgb-multXP1=0 0.5
p-uvscroll-rgb-multXP2=1 1
p-vel=0 0 -140
p-xrgba=1 1 1 1
p-xrgba1=0 1 1 1 0
p-xrgba2=0.5 1 1 1 1
p-xrgba3=0.4 1 1 1 0.5
p-xrgba4=1 1 1 1 0
p-xscale1=0 1 1 1
p-xscale2=0.2 1 1 1
p-xscale3=1 1.2000000000000002 1.5 0
pass=1
rendermode=4

[UNKNOWN_HASHES]
unk007D905D=1
unk02657D46=1 1 1
unk02A18F74=1
unk07EBE852=1
unk0BDB138D=1
unk0EC3D22B=100
unk1403BA9D=-1
unk14FC0CA8=1
unk274A2681=12
unk2862E6E7=0 0 -20
unk2BC2A93F=0 2
unk2BC2A940=1 1
unk33922690=0 20
unk33922691=1 -20
unk34103611=0 20
unk34103612=1 -20
unk3CACDA7A=1
unk3F9E4B12=1
unk44EDE9B3=0.15
unk47D0F643=1
unk4A08DCB9=MasterYi_Yellow_Glow.dds
unk4C4ED744=MasterYi_Base_R_Overlay.dds
unk4E761C84=1 0.1
unk5105BBFE=10
unk59CBA33E=4
unk5B16AE2B=color-bellcurve4.tga
unk5C02A72A=0 0.95
unk5C02A72B=1 1.1
unk61E9E6B5=0 0.3
unk61E9E6B6=1 1
unk644C27E2=15
unk716E85DB=1
unk738030A0=1 0
unk74FCEC7E=0.65
unk789A9C28=100
unk8114BEC9=10
unk83A0097F=0.5 0
unk840D68D0=1
unk84233329=0 0.25 0.25 0.25
unk8423332A=1 0.5 2.5 0.8
unk8B25B0F6=color-rampdown.tga
unk945B2AAD=6
unk9D3E9554=40 180 0
unk9F27A890=0
unkA12CF04A=50
unkA1ACB773=0 -150
unkA1ACB774=1 150
unkA21DEC33=1
unkA22AC6F4=0 -150
unkA22AC6F5=1 150
unkA2A8D675=0 50
unkA2A8D676=1 -250
unkA6E2D869=1 1 -60
unkA95C8695=0 0 0
unkAFE61B09=1 1
unkB31E5BF4=0 0.1
unkB31E5BF5=1 1.6
unkC10F6A31=11
unkC3AA7F9B=0 1 0.8 0 0.55
unkC3AA7F9C=1 0.3 0.3 0.1 0
unkCFFE8FBE=1
unkD4695379=2
unkD990EC1C=100 0 0
unkDC09841A=90 90 90
unkE38F4B73=4
unkE47D0C09=1
unkE974A6AE=3
unkF11E6CFC=1
unkF32025DB=1 0
unkF5D90BA9=0 100 50
unkF7509731=0 0.15
unkF7509732=1 2
unkFFEAFFE5=MasterYi_Base_R_BoltLine_Black.dds
