[Hit]
e-life=0.2
e-linger=1
e-local-orient=1
e-rate=1
flag-disable-z=1
p-bindtoemitter=1 1
p-life=0.2
p-linger=0
p-postoffset=0 100 0
p-quadrot=1 0 0
p-quadrotXP1=0 0
p-quadrotXP2=1 90
p-rgba=color-bubblerupples.tga
p-scale=340 40 340
p-texture=MasterYi_Base_X_hit_flare.dds
p-type=0
p-xscale1=0 0 0 0
p-xscale2=0.4 1 1 1
p-xscale3=0.8 1 0.1 1
p-xscale4=1 1 0 1
pass=30
rendermode=0
single-particle=1

[System]
GroupPart1=flash
GroupPart1Type=Simple
GroupPart2=Hit
SimulateEveryFrame=1

[flash]
e-life=0.2
e-rate=1
p-life=0.11999999731779099
p-offset=0 100 0
p-quadrot=90
p-rgba=color-rampdown.tga
p-scale=140
p-texture=MasterYi_Base_Z_Hit_Flash.dds
p-xscale=1
p-xscale1=0 1
p-xscale2=0.5 4
p-xscale3=1 1

[UNKNOWN_HASHES]
unk0D76AE06=0.30000000000000004
unk198E8051=0.2
unk1F3CECF0=0
unk20E324B8=10 -180 0
unk239F727E=color-rampdown.tga
unk293611B2=3
unk2CD4EC35=1
unk31EC3E55=90
unk3AB190C7=0 0.8
unk3AB190C8=1 2
unk3B86F475=0 0.5
unk3B86F476=0.5 4
unk3B86F477=1 1
unk4740BC59=0.005
unk55CDBA20=MasterYi_Base_Z_Fade_Bubble.dds
unk574C5246=0
unk590EF57B=0
unk69D44FFE=100
unk743E61D7=0.15000000596046448
unk80563422=0.1
unk872C960D=1
unk8823BABC=1
unk8A67264F=alpha_12.tga
unk936D4566=160
unk939CA006=1
unk942F43FE=100 0 0
unk94887A21=1
unk97386A2C=100
unk9B254581=0 1
unk9B254582=1 0
unk9BA35502=0 1
unk9BA35503=1 0
unk9D6C418B=0 120 0
unkA46F72A4=0.005
unkAB8E718A=1
unkAD149134=0.18
unkB74EC131=MasterYi_Q_Slash.dds
unkB92C637F=0.15
unkBF0F7D0F=235
unkC0193CA0=75
unkC33D55AC=color-rampdown.tga
unkC8FCD3C7=0 1 1 1
unkC8FCD3C8=1 3 4 3
unkCC72CF63=6
unkD1CAD1F4=4
unkD9B02725=Hecarim_QTrail.sco
unkD9C50E27=0 0
unkD9C50E28=1 100
unkDA05ED64=0 1
unkDA05ED65=0.5 2
unkDA05ED66=1 5
unkE106DF6E=0 100 0
unkE1FE041D=0 10 0
unkE5088166=2 0
unkE669043E=1
unkE71D6462=MasterYi_Base_Q_Slash_Scroll_Tar.dds
unkEB2224F2=0.25 0.25 0.25
unkF90B307B=1
