[Drag]
f-drag=0.30000000000000004
f-pos=0 0 0
f-radius=1000

[Gravity]
f-accel=0 -800 0
f-localspace=0

[Pool]
e-life=1
e-rate=3
p-colorscale=1 1
p-colortype=1 0
p-frameRate=0
p-life=2
p-lifeP1=0 1
p-lifeP2=1 1.5
p-linger=0
p-numframes=3
p-offset=0 3 0
p-quadrot=90 0 1
p-quadrotZP1=0 0
p-quadrotZP2=1 360
p-randomstartframe=1
p-rgba=color-rampdown32_06.tga
p-scale=25 25 25
p-scaleP1=0 0.8
p-scaleP2=1 1
p-texdiv=2 2
p-texture=SnailSplat2.tga
p-type=1
p-xrgba=1 1 1 0.5
p-xscale1=0 0 0 0
p-xscale2=0.03500000014901161 2.0999999046325684 2.0999999046325684 2.0999999046325684
p-xscale3=0.05000000074505806 2.299999952316284 2.299999952316284 2.299999952316284
p-xscale4=0.06 2.1 2.2 2.1
p-xscale5=0.11 2 2 2
p-xscale6=1 1.2000000000000002 1.2000000000000002 1.2000000000000002
pass=-10
rendermode=1
single-particle=1

[Spittle]
e-life=0.2
e-linger=0
e-local-orient=1
e-rate=100
e-rotation1=1
e-rotation1-axis=0 0 1
e-rotation1P1=0 0
e-rotation1P2=1 -25
e-rotation2=1
e-rotation2-axis=0 1 0
e-rotation2P1=0 0
e-rotation2P2=1 360
field-accel-1=Gravity
field-drag-1=Drag
p-bindtoemitter=0.1 0
p-colorscale=1 1
p-colortype=1 0
p-frameRate=0
p-life=6
p-lifeP1=0 0.1
p-lifeP2=0.9 0.2
p-lifeP3=1 0.5
p-numframes=4
p-offset=1 1 0
p-offsetXP1=0 10
p-offsetXP2=1 30
p-offsetYP1=0 0
p-offsetYP2=1 30
p-postoffset=0 0 0
p-quadrot=1
p-quadrotP1=0 0
p-quadrotP2=1 360
p-randomstartframe=1
p-rgba=color-hold.tga
p-rotvel=1
p-rotvelP1=0 -60
p-rotvelP2=1 60
p-scale=10
p-scaleP1=0 1
p-scaleP2=1 3
p-shadow=1
p-startframe=0
p-texdiv=2 2
p-texture=SnailSplat0.tga
p-type=0
p-vel=0 1 0
p-velYP1=0 300
p-velYP2=1 600
p-xscale1=0 1
p-xscale2=1 0
rendermode=1

[System]
GroupPart1=Pool
GroupPart2=Spittle
GroupPart2Type=Simple
SimulateEveryFrame=1
SoundOnCreate=sfx_KogMaw_KogMawVoidOozeMissile_hit

[UNKNOWN_HASHES]
unk6274BFC3=15
