[System]
GroupPart1=ring
GroupPart1Importance=High
GroupPart1Type=Simple
GroupPart3=center
GroupPart3Importance=High
GroupPart3Type=Simple
GroupPart4=spark1
GroupPart4Importance=High
GroupPart4Type=Simple
GroupPart5=magicdots
GroupPart5Importance=High
GroupPart5Type=Simple
SimulateEveryFrame=1

[center]
e-life=0.2
p-bindtoemitter=1 0
p-frameRate=0
p-life=0.7000000000000001
p-lifeP1=0 0.8
p-lifeP2=1 1.1
p-offset=0 10 0
p-postoffset=0 70 0
p-quadrot=0
p-rgba=color-snowball.tga
p-rotvel=-1
p-rotvel1=0 0
p-rotvel2=1 100
p-rotvelP1=0 0.7000000000000001
p-rotvelP2=1 1.2000000000000002
p-scale=15
p-startframe=2
p-texdiv=2 3
p-texture=IceArrow03.tga
p-xscale=1
p-xscale1=0 1
p-xscale2=0.1 6
p-xscale3=1 4

[drag]
f-drag=1
f-pos=0 0 0
f-radius=1000

[gravity]
f-accel=0 -1000 0
f-localspace=0

[magicdots]
e-life=1
e-rate=40
e-rotation1=20
e-rotation1-axis=1 0 0
e-rotation1P1=0 0
e-rotation1P2=1 1
e-rotation2=1
e-rotation2P1=0 0
e-rotation2P2=1 360
field-accel-1=gravity
field-drag-1=drag
p-life=0.75
p-meshtex=icerock01.tga
p-offset=10 40 10
p-quadrot=1 1 1
p-quadrotXP1=0 1
p-quadrotXP2=1 360
p-quadrotZP1=0 0
p-quadrotZP2=1 360
p-rgba=color-rampdown.tga
p-scale=30
p-scaleXP1=0 0.8889999985694885
p-scaleXP2=1 1.2000000000000002
p-scaleYP1=0 0.5559999942779541
p-scaleYP2=1 1.6312589645385742
p-scaleZP1=0 0.7409999966621399
p-scaleZP2=1 1.3346669673919678
p-startframe=6
p-texdiv=2 4
p-texture=InfernalGuardian03.tga
p-vel=0 800 0
p-velYP1=0 0.5
p-velYP2=1 1
p-xscale1=0 0.1
p-xscale2=1 2
single-particle=1

[ring]
e-life=1
e-linger=0
e-rate=5
p-bindtoemitter=1 1
p-flexoffset=0.004999999888241291
p-life=0.30000000000000004
p-lifeP1=0 0.8
p-lifeP2=1 1.8
p-linger=0
p-offset=0 70 0
p-quadrot=1
p-quadrotP1=0 0
p-quadrotP2=1 360
p-rgba=color-snowball.tga
p-scale=30
p-scaleP1=0 0.8
p-scaleP2=1 1.2000000000000002
p-texdiv=2 3
p-texture=IceArrow03.tga
p-xscale=1
p-xscale1=0 1
p-xscale2=0.5 3
p-xscale3=1 3
single-particle=1

[spark1]
e-life=1
e-rate=5
p-bindtoemitter=1 0
p-flexoffset=0.004999999888241291
p-frameRate=0
p-life=0.4
p-lifeP1=0 0.8
p-lifeP2=1 1.1
p-offset=0 10 0
p-quadrot=45
p-quadrotP1=0 45
p-quadrotP2=1 90
p-rgba=color-snowball.tga
p-rotvel=0
p-scale=20
p-simpleorient=2
p-startframe=1
p-texdiv=2 3
p-texture=IceArrow03.tga
p-type=1
p-vel=0 -50 0
p-xscale=1
p-xscale1=0 1
p-xscale2=0.1 6
p-xscale3=1 2
single-particle=1

[UNKNOWN_HASHES]
unk024834A9=IceArrow03.tga
unk02F73C5A=-1
unk048EF26B=0 1
unk048EF26C=0.5 6
unk048EF26D=1 6.1000000000000005
unk144C459F=0 45
unk144C45A0=1 90
unk19766A3D=1 0 0
unk19DA122D=0 -3000 0
unk1BBDF863=1
unk1CED013C=0 -1
unk1CED013D=1 1
unk1D6B10BD=0 -1
unk1D6B10BE=1 1
unk1DE9203E=0 -1
unk1DE9203F=1 1
unk21D1690A=0 200 0
unk26F1A08E=0.4
unk330972D9=0.2
unk3712F973=1.25
unk395675BE=2 3
unk3D1A6506=color-snowball.tga
unk432ACBBE=0.30000000000000004
unk464FDEBD=5
unk47407D86=0 600 0
unk48FCCC73=0.7 0.7 0.7
unk4A2E5DE7=0 70 0
unk4ADAA9E5=0 70 0
unk4C1832A5=0 10 0
unk4D8CC551=20
unk4D8CC552=1
unk52AF4B51=0 0.8
unk52AF4B52=1 1.1
unk547F7CBD=100 200 300
unk567137A2=12
unk5C75435C=0
unk63AE8F64=rock.sco
unk71CD4892=0 0
unk71CD4893=1 1
unk724B5813=0 0
unk724B5814=1 360
unk739A5B63=icerock01.tga
unk766EDF46=1
unk793D16D9=0
unk7EC64658=0
unk8056BF27=IceArrow03.tga
unk868067ED=0 1
unk868067EE=0.1 6
unk868067EF=1 4
unkA4602AE8=1
unkA70A5596=30
unkAFDACB1B=0 0.7000000000000001
unkAFDACB1C=1 1.2000000000000002
unkB33479F1=3
unkB5257FBC=2 3
unkC4735A06=0 0.6669999957084656
unkC4735A07=1 1.5570000410079956
unkC4F16987=0 0.5559999942779541
unkC4F16988=1 1.6312589645385742
unkC56F7908=0 0.7409999966621399
unkC56F7909=1 1.3346669673919678
unkC7F71FA9=0.8
unkCAE1F790=0.30000000000000004
unkCBADFF64=1 0
unkCE7E554F=0 0.8
unkCE7E5550=1 1.1
unkD04928A7=0 10 0
unkD1419784=icerock01.tga
unkD6F9C9DB=0.2
unkDE66B8DE=-45
unkE10ABC08=color-snowball.tga
unkE26EECE2=1 0
unkEA4035BF=15
unkEF25E43D=1
unkEFC7EB5B=0
unkF23DE944=1
unkF731DA57=0 0
unkF731DA58=1 100
unkF7E2EC18=30
