[Sparkles]
e-life=1
e-local-orient=0
e-rate=30
e-rotation1=1
e-rotation1P1=0 0
e-rotation1P2=1 360
field-orbit-1=swirl
flag-disable-z=1
p-bindtoemitter=1 1
p-life=1
p-lifeP1=0 0.5
p-lifeP2=1 1
p-offset=40 1 0
p-offsetXP1=0 0
p-offsetXP2=0.9 1
p-offsetXP3=1 2
p-offsetYP1=0 0
p-offsetYP2=1 100
p-scale=6 6 6
p-scaleXP1=0 0.5
p-scaleXP2=1 1
p-scaleYP1=0 0.5
p-scaleYP2=1 1
p-texture=Soraka_Skin04_R_SparkleGreen.dds
p-vel=0 100 100
p-velYP1=0 0.2
p-velYP2=1 1.2000000000000002
p-xscale=1 1 1
p-xscale1=0 0 0 0
p-xscale2=0.2 3 3 3
p-xscale3=0.8 3 3 3
p-xscale4=1 0.4 0.4 0.4
rendermode=4
uniformscale=1

[Swirls1]
e-life=0.75
e-local-orient=0
e-rate=1
e-uvoffset=0 -1
p-backfaceon=1
p-bindtoemitter=1 1
p-life=1
p-mesh=soraka_skin04_r_swirls.scb
p-meshtex=Soraka_Skin04_R_ghostie.dds
p-meshtex-mult=Soraka_Skin04_Q_Indicator_Mult.dds
p-quadrot=0 1 0
p-quadrotYP1=0 0
p-quadrotYP2=1 360
p-randomstartframe=1
p-rotvel=0 20 0
p-texture-mode=clamp
p-type=3
p-uvscroll-rgb=0 1
p-uvscroll-rgb-clamp=1
p-uvscroll-rgbYP1=0 2
p-uvscroll-rgbYP2=1 2
p-xrgba=1 1 1 1
p-xrgba1=0 0.101961 0.52549 0.705882 0
p-xrgba2=0.1 0.14902 0.592157 0.886275 0.497993
p-xrgba3=0.75 0.027451 1 0.721569 0.749004
p-xrgba4=1 0.14902 0.356863 0.741176 0.749004
p-xscale=1 1 1
p-xscale1=0 1 0.5 1
p-xscale2=0.5 1 0.75 1
p-xscale3=0.75 1 1 1
p-xscale4=1 0.5 1.5 0.5
rendermode=4

[System]
GroupPart1=cylinder
GroupPart2=glow
GroupPart3=Sparkles
GroupPart4=Swirls1
GroupPart5=risingWisps1
SimulateEveryFrame=1

[cylinder]
e-disabled=1
e-life=1
e-local-orient=0
e-rate=1
p-backfaceon=1
p-bindtoemitter=1 0
p-flexscale=0.0044999998062849045
p-life=1
p-mesh=Soraka_Skin04_Q_Helix.scb
p-meshtex=Soraka_Skin04_Q_Lifesteal_eff_Swirl.dds
p-rotvel=0 180 0
p-scale=0.6499999761581421 0.75 0.6499999761581421
p-type=3
p-uvscroll-rgb=-1 0
p-xrgba=1 1 1 1
p-xrgba1=0 1 1 1 0
p-xrgba2=0.5 1 1 1 1
p-xrgba3=1 1 1 1 0
p-xscale=1 1 1
p-xscale1=0 1 1 1
p-xscale2=0.5 1 1 1
p-xscale3=1 0.7000000000000001 1.2000000000000002 0.7000000000000001
rendermode=4
single-particle=1

[glow]
e-life=0.7000000000000001
e-local-orient=0
e-rate=5
e-rotation1=1
e-rotation1P1=0 0
e-rotation1P2=1 360
field-orbit-1=swirl
p-bindtoemitter=1 1
p-life=1
p-lifeP1=0 0.85
p-lifeP2=1 1.25
p-offset=20 1 0
p-offsetXP1=0 0
p-offsetXP2=0.9 1
p-offsetXP3=1 2
p-offsetYP1=0 30
p-offsetYP2=1 100
p-scale=40 60 50
p-scaleP1=0 0.5 0.5 0.5
p-scaleP2=1 1.5 1.5 1.5
p-texture=bigglow.dds
p-vecalign=1
p-vel=0 100 0
p-velYP1=0 0.5
p-velYP2=1 1.2000000000000002
p-xrgba=0.1450980007648468 1 1 0.1490200012922287
p-xrgba1=0 1 1 1 1
p-xrgba2=0.3 1 1 1 1
p-xrgba3=0.8 1 1 1 1
p-xrgba4=1 1 1 1 0
p-xscale=1 1 1
p-xscale1=0 0 0 0
p-xscale2=0.2 3 3 3
p-xscale3=0.8 3 3 3
p-xscale4=1 0.4 0.4 0.4
rendermode=4

[risingWisps1]
e-life=0.5
e-local-orient=0
e-rate=5
e-rotation1=1
p-bindtoemitter=1 1
p-life=1.6
p-lifeP1=0 0.4
p-lifeP2=1 1
p-numframes=4
p-offset=0 100 0
p-offsetXP1=0 1
p-offsetXP2=1 1.3
p-offsetYP1=0 0.05
p-offsetYP2=1 1
p-quadrot=0 0 90
p-randomstartframe=1
p-scale=100 80 0
p-scaleXP1=0 1
p-scaleXP2=1 1
p-scaleYP1=0 1
p-scaleYP2=1 1.5
p-scaleZP1=0 1
p-scaleZP2=1 1
p-texdiv=2 2
p-texture=Soraka_Skin04_R_wisps.dds
p-type=1
p-vel=1 60 0
p-xrgba=1 1 1 1
p-xrgba1=0 0.027451 0.058824 0.14902 0.247105
p-xrgba2=0.5 0.12549 0.133333 0.156863 1
p-xrgba3=0.75 0.094118 0.129412 0.164706 0.247105
p-xrgba4=1 0.047059 0.062745 0.121569 0
p-xscale=1 1 1
p-xscale1=0 0 1 1
p-xscale2=1 5 1 1
rendermode=1

[swirl]
f-direction=0 1 0

[UNKNOWN_HASHES]
unk39C32936=0
unkB40FFE98=1
unkD5D9F2D0=1 3
