[System]
GroupPart1=soul_ball
GroupPart1Importance=High
GroupPart2=sphere_wisps
GroupPart2Importance=High
GroupPart3=dark_backdrop
GroupPart3Importance=High
GroupPart4=dark_core
GroupPart4Importance=High

[dark_backdrop]
e-life=2.2
e-rate=4
e-tilesize=10 10 10
p-backfaceon=1
p-life=1
p-lifeP1=0 0.7
p-lifeP2=0.5 1
p-lifeP3=1 1
p-linger=0
p-quadrot=1 1 0
p-quadrotXP1=0 1
p-quadrotXP2=1 360
p-scale=50 50 0
p-scaleXP1=0 1
p-scaleXP2=1 1.1
p-texture=Soraka_Skin04_E_Background.dds
p-vel=0 35 0
p-xrgba=0.02352900058031082 0.015685999765992165 0.08627499639987946 1
p-xrgba1=0 0.035294 0.027451 0.168627 0
p-xrgba2=0.5 0.003922 0.039216 0.141176 0.749004
p-xrgba3=1 0 0.011765 0.086275 0
p-xscale=1 1 1
p-xscale1=0 0.75 0.75 1
p-xscale2=0.5 1 1 1
p-xscale3=1 0.75 0.75 1
pass=-1
rendermode=1
uniformscale=1

[dark_core]
e-life=2.2
e-rate=4
e-tilesize=10 10 10
p-backfaceon=1
p-life=1
p-lifeP1=0 0.7
p-lifeP2=0.5 1
p-lifeP3=1 1
p-linger=0
p-quadrot=1 1 0
p-quadrotXP1=0 1
p-quadrotXP2=1 360
p-scale=18 18 0
p-scaleXP1=0 1
p-scaleXP2=1 1.1
p-texture=Soraka_Skin04_E_Background.dds
p-vel=0 35 0
p-xrgba=0.02352900058031082 0.015685999765992165 0.08627499639987946 1
p-xrgba1=0 0.035294 0.027451 0.168627 0
p-xrgba2=0.5 0.003922 0.039216 0.137255 1
p-xrgba3=1 0 0.011765 0.086275 0
p-xscale=1 1 1
p-xscale1=0 0.75 0.75 1
p-xscale2=0.5 1 1 1
p-xscale3=1 0.75 0.75 1
pass=1
rendermode=1
uniformscale=1

[soul_ball]
e-life=4.6000000000000005
e-rate=5
e-tilesize=10 10 10
p-backfaceon=1
p-life=1.5
p-lifeP1=0 0.7
p-lifeP2=0.5 1
p-lifeP3=1 1
p-linger=0
p-quadrot=1 1 0
p-quadrotXP1=0 1
p-quadrotXP2=1 360
p-scale=50 50 0
p-scaleXP1=0 1
p-scaleXP2=1 1.1
p-texture=Soraka_Skin04_Recall_GhostBall.dds
p-vel=0 35 0
p-xrgba=1 1 1 1
p-xrgba1=0 0.2 1 1 0
p-xrgba2=0.4 0.6 1 1 0.497993
p-xrgba3=0.5 0.8 1 1 0.8
p-xrgba4=0.75 0 0.286275 0.411765 0.497993
p-xrgba5=1 0 0.086275 0.203922 0
p-xscale=1 1 1
p-xscale1=0 0 0 1
p-xscale2=0.2 0.5 0.5 1
p-xscale3=0.5 1 1 1
p-xscale4=1 1.2000000000000002 1.2000000000000002 1
rendermode=1
uniformscale=1

[sphere_wisps]
e-life=2.549999952316284
e-rate=1.5
e-tilesize=10 10 10
e-uvoffset=0.5 0.4
e-uvoffsetXP1=0 -1
e-uvoffsetXP2=1 1
p-backfaceon=1
p-life=2
p-lifeP1=0 0.7
p-lifeP2=0.5 1
p-lifeP3=1 1
p-linger=0
p-mesh=Soraka_Skin04_Recall_GhostBall.scb
p-meshtex=Soraka_Skin04_Recall_Ghost.dds
p-quadrot=1 1 0
p-quadrotXP1=0 1
p-quadrotXP2=1 10
p-quadrotYP1=0 1
p-quadrotYP2=1 360
p-scale=2.2 2 2
p-scaleXP1=0 1
p-scaleXP2=1 1.1
p-type=3
p-uvscroll-rgb=0.5 0.5
p-uvscroll-rgbXP1=0 0.75
p-uvscroll-rgbXP2=1 1.25
p-uvscroll-rgbYP1=0 1
p-uvscroll-rgbYP2=1 1.25
p-vel=0 35 0
p-xrgba=1 1 1 1
p-xrgba1=0 0.2 1 1 0
p-xrgba2=0.4 0.6 1 1 0.6
p-xrgba3=0.5 0.8 1 1 0.2
p-xrgba4=0.6 0 0.7 1 0.1
p-xrgba5=1 0 0.3 0.7 0
p-xscale=1 1 1
p-xscale1=0 1 1 1
p-xscale2=0.2 1 1 1
p-xscale3=0.5 0.8 1 1
p-xscale4=1 0.7000000000000001 1 1
pass=1
rendermode=4
uniformscale=1

