[System]
GroupPart1=soul_ball_parent
GroupPart1Importance=High

[soul_ball_parent]
ChildParticleName=Soraka_Skin04_Recall_GhostChild.troy
e-life=13.600000000000001
e-rate=1
e-tilesize=10 10 10
e-timeoffset=5
p-backfaceon=1
p-childProb=1
p-linger=0
p-offset=0 125 190
p-scale=50 50 0
p-scaleXP1=0 1
p-scaleXP2=1 1.1
p-texture=empty32.dds
p-vel=0 35 0
p-xrgba=1 1 1 1
p-xrgba1=0 0.2 1 1 0
p-xrgba2=0.4 0.6 1 1 0.497993
p-xrgba3=0.5 0.8 1 1 0.8
p-xrgba4=0.75 0 0.286275 0.411765 0.497993
p-xrgba5=1 0 0.086275 0.203922 0
p-xscale=1 1 1
p-xscale1=0 0 0 1
p-xscale2=0.2 0.5 0.5 1
p-xscale3=0.5 1 1 1
p-xscale4=1 1.2000000000000002 1.2000000000000002 1
rendermode=1
single-particle=1
uniformscale=1

