[BarBase]
e-life=3
e-linger=1
e-local-orient=0
e-rate=50
e-rotation1=1
e-rotation1P1=0 0
e-rotation1P2=1 360
p-fixedorbittype=1
p-flexoffset=0.1
p-life=1
p-linger=1
p-offset=3 0 0
p-quadrot=0 0 90
p-scale=30 10 0
p-scalebias=1 3
p-simpleorient=2
p-texture=Soraka_Skin04_E_Snare_Bars.dds
p-type=1
p-xrgba=1 1 1 1
p-xrgba1=0 1 1 1 1
p-xrgba2=0.75 1 1 1 1
p-xrgba3=1 1 1 1 0
p-xscale=1 1 1
p-xscale1=0 0 0 0
p-xscale2=0.1 2.6 2.6 2.6
p-xscale3=0.5 5.5 5.5 5.5
p-xscale4=1 3 3 3
rendermode=4

[RuneCylinder]
e-life=0.2
e-rate=1
p-backfaceon=1
p-flexscale=0.05000000074505806
p-life=1.7000000000000002
p-linger=5
p-mesh=soraka_skin04_e_cylinder.scb
p-meshtex=Soraka_Skin04_E_prison_cylinder.dds
p-meshtex-mult=Soraka_Skin04_Q_Indicator_Mult.dds
p-offset=0 -10 0
p-quadrot=0 1 0
p-quadrotYP1=0 0
p-quadrotYP2=1 360
p-rotvel=0 10 0
p-scale=0.2 0.30000000000000004 0.2
p-texdiv-mult=0.25 0.5
p-type=3
p-uvscroll-rgb-mult=0 1
p-xrgba=1 1 1 1
p-xrgba1=0 0 0 0 0
p-xrgba2=0.1 0.215686 0.721569 0.662745 0.847059
p-xrgba3=0.35 0.333333 0.756863 0.886275 1
p-xrgba4=0.65 0.254902 0.368627 0.368627 0.745098
p-xrgba5=0.85 0.141176 0.282353 0.321569 0.494118
p-xrgba6=1 0 0 0 0
rendermode=1
single-particle=1

[System]
GroupPart1=BarBase
GroupPart2=groundCrack
GroupPart3=RuneCylinder
GroupPart4=burstNova
GroupPart5=risingWisps1
SimulateEveryFrame=1
group-scale-cap=300

[burstNova]
e-life=0.2
e-rate=1
p-life=1
p-linger=0.5
p-quadrot=-90 1 0
p-quadrotYP1=0 0
p-quadrotYP2=1 360
p-rotvel=0 0 0
p-rotvelYP1=0 0.75
p-rotvelYP2=1 1.6
p-scale=170 170 0
p-scale1=0 1 1 1
p-scale2=0.25 0.75 0.75 1
p-scale3=1 1 1 1
p-texture=Soraka_Skin04_Q_Tar_Start_Waves.dds
p-type=1
p-xrgba=1 1 1 1
p-xrgba1=0 1 1 1 0
p-xrgba2=0.1 1 1 1 1
p-xrgba3=0.3 0.384314 0.458824 0.796078 0.247059
p-xrgba4=0.65 0.078431 0.141176 0.168627 0
p-xrgba5=1 0 0 0 0
p-xscale=1 1 1
p-xscale1=0 0 0 1
p-xscale2=0.20000000298023224 0.75 0.75 1
p-xscale3=0.5 0.925000011920929 0.925000011920929 1
p-xscale4=1 1 1 1
pass=-20
rendermode=1

[groundCrack]
e-life=0.2
e-rate=1
p-flexscale=0.05000000074505806
p-life=1.7000000000000002
p-quadrot=-90 1 0
p-quadrotYP1=0 0
p-quadrotYP2=1 360
p-rotvel=0 0 0
p-rotvelYP1=0 0.75
p-rotvelYP2=1 1.6
p-scale=10 10 0
p-texture=Soraka_Skin04_E_prison_ground.dds
p-type=1
p-xrgba=1 1 1 1
p-xrgba1=0 0 0 0 0
p-xrgba2=0.1 0.145098 0.105882 0.27451 1
p-xrgba3=0.9 0.137255 0.211765 0.34902 1
p-xrgba4=1 0 0 0 0
pass=-20
rendermode=1
single-particle=1
uniformscale=1

[risingWisps1]
e-life=0.5
e-local-orient=0
e-rate=5
e-rotation1=1
p-backfaceon=1
p-bindtoemitter=1 1
p-life=0.8
p-lifeP1=0 0.4
p-lifeP2=1 1
p-numframes=4
p-offset=0 100 0
p-offsetXP1=0 1
p-offsetXP2=1 1.3
p-offsetYP1=0 0.05
p-offsetYP2=1 1
p-quadrot=0 1 90
p-quadrotYP1=0 -45
p-quadrotYP2=1 45
p-randomstartframe=1
p-scale=60 40 0
p-scaleXP1=0 1
p-scaleXP2=1 1
p-scaleYP1=0 1
p-scaleYP2=1 1.5
p-scaleZP1=0 1
p-scaleZP2=1 1
p-texdiv=2 2
p-texture=Soraka_Skin04_R_wisps.dds
p-type=1
p-vel=1 200 0
p-xrgba=1 1 1 1
p-xrgba1=0 0.027451 0.058824 0.14902 0.247105
p-xrgba2=0.5 0.12549 0.133333 0.156863 1
p-xrgba3=0.75 0.094118 0.129412 0.164706 0.247105
p-xrgba4=1 0.047059 0.062745 0.121569 0
p-xscale=1 1 1
p-xscale1=0 0 1 1
p-xscale2=1 5 1 1
rendermode=1
single-particle=1

[UNKNOWN_HASHES]
unkB40FFE98=1
