[System]
PersistThruDeath=1
SimulateEveryFrame=1

[UNKNOWN_HASHES]
unk011F2A2A=0
unk0193A571=0
unk01C73102=100
unk02A66D6C=up
unk0351B6D8=slow
unk04353453=50
unk0539FB88=0.25
unk05A04641=2 2
unk065B02F8=-1
unk0672E37E=1 0
unk068B4016=1
unk079F52EC=1
unk07E54E71=0
unk081DA62D=-1
unk0961F621=-1
unk0A141C51=swain_grand_torret_licks.tga
unk0E839655=0 0.5
unk0E839656=1 1
unk104ACF0D=0 1 0
unk108FE0FD=100 50 0
unk10FE108D=0 0.9
unk10FE108E=1 1
unk1434BF04=0 0 0
unk1620FAE6=0.5
unk182B7720=0
unk1B3C42A8=0 1
unk1B3C42A9=0.8 1
unk1B3C42AA=1 0
unk1D2311C5=2
unk1DC822F5=-0.5
unk1DF4C053=0 0
unk1DF4C054=1 360
unk1EF91BD4=0 0.8
unk1EF91BD5=1 1.5
unk1F5D8011=1
unk2222CB7E=1
unk2238CD31=0.5
unk25747565=1
unk2604DC31=0 80 0
unk267CF285=0 -600 0
unk2714941E=0
unk2780B662=4
unk2B8F74BA=0 0 0
unk2C49BF5E=color-Urgot-forcebarrier.tga
unk2CE8490E=0
unk2E0FFCA1=0 8
unk2E0FFCA2=0.5 3
unk2E0FFCA3=1 1
unk2E3E42CA=0.1
unk2ED57FB2=0.3
unk2EE227C0=26
unk2EE5C626=1 1
unk2F8F9DF1=1
unk357F3915=550
unk36A1531B=0.1
unk3A25003D=0 40 0
unk3A561515=1
unk3AED51FD=1.25
unk3EE6A5F2=0.3
unk40DBEF53=0 0 600
unk42B92566=1
unk433EFBDC=sharp_flash_02.tga
unk44670742=color-rampdown.tga
unk44FE442A=color-bellcurve.tga
unk45F33140=1 1
unk468A98DC=1
unk47CC83A2=1
unk484D3C11=-1
unk4AFE783D=1.25
unk4C269D6E=1
unk4CCA1793=color-rampdown.tga
unk4D9C80F9=1
unk4E33BDE1=4
unk4F70F085=swain_grand_glyph_01.tga
unk4F910172=0 100 0
unk4FE29993=0.4
unk516CA352=0 0
unk516CA353=1 360
unk52A81B00=1 1
unk536EF73C=0
unk550F6A6A=color-bellcurve.tga
unk55D48558=1
unk55FF914A=1
unk564890AD=1
unk56D9FBE9=0
unk56E3E804=0
unk57CFF34A=0
unk580B33E2=-1
unk58A68B39=0
unk59C69ACC=170
unk59D14D31=1
unk5BFA6BDE=0.2
unk5E44E421=4
unk5F896FCA=0 30 0
unk6118C609=0 30 0
unk65FAD8DC=170
unk6981E1C4=0
unk6B4484F9=0
unk6BADFF6D=sharp_flash_02.tga
unk6F40D7C2=100
unk6F9D668F=0 0
unk6F9D6690=1 0.25
unk701B7610=0 0
unk701B7611=1 1
unk713A6381=0 0.30000000000000004
unk713A6382=1 1.2000000000000002
unk73229399=1
unk73B6BFC9=0 30 0
unk78853F55=1 1
unk799D2E14=2 2
unk7AE17E08=1 1
unk7E481B53=1
unk7E6BB2C9=1
unk7F9E806D=1
unk7FB88B2E=orbit1
unk82807E28=0 0.5
unk82807E29=1 1
unk848BE072=0 0
unk848BE073=1 360
unk85F64D92=1
unk86ACDCCB=170
unk87967EAD=2
unk8B156384=2
unk8BC3CDF3=1.5
unk8C4C1896=0
unk8D224257=0
unk8E4C4F95=0 0
unk8E4C4F96=0.30000000000000004 2
unk8E4C4F97=0.8 0.8
unk8E4C4F98=1 0
unk8F381930=0
unk90F9BDF5=0 1 0
unk92549262=10000
unk925E1B25=0
unk92F603A7=0 0.8
unk92F603A8=1 1.5
unk9420BE5A=0
unk942FB3D5=3
unk9687D919=1000
unk97040F64=Feathers_02.tga
unk97DBA03E=1.25
unk985F119F=1 1
unk9C92F92A=280 190 0
unk9CEEFE7A=0 0 0
unkA165E965=1 1
unkA16F6C79=0
unkA24FB39E=1
unkA8F72E8F=1 0
unkA94E6D7F=Gravity
unkA9D7C95D=sharp_flash_02.tga
unkAA5FC348=1
unkAA65430C=0 0.9
unkAA65430D=1 1
unkAAF70030=0
unkAB220C22=3
unkAE551973=1 3
unkAFE6D566=0 250 300
unkB0D072DA=0 0
unkB0D072DB=1 360
unkB2C2D399=1
unkB30850F1=FeathersNoise
unkB384B8F2=0 80 0
unkB5860D71=1 1
unkB81BCCFC=0 0
unkB81BCCFD=1 1
unkB82B1F85=0
unkB899DC7D=0 0
unkB899DC7E=1 1
unkB9CCC3F8=1 1
unkB9EDC2BA=0
unkBB082670=0
unkBC5BEB0C=1 1
unkC0D07A45=swain_grand_glyph_01.tga
unkC25FFD8A=0 0 0
unkC4232D8A=0
unkC4690725=0
unkC4F6A739=0 0 0
unkC5C98205=slow
unkC7772F20=0 8
unkC7772F21=0.5 3
unkC7772F22=1 1
unkC81AD5F4=190
unkC98ABBC9=1 1
unkCA501689=0
unkCB680D71=0
unkCD404CDB=0
unkCDA32ECA=1
unkCE4B24ED=2
unkCF410CDD=120 0 0
unkCF6C941F=0
unkD2D4469D=0 0.9
unkD2D4469E=1 1
unkD2FB007F=1 0
unkD4D13DB8=1
unkD9B304DA=0.1
unkDA5BDF9A=0
unkDC2849A6=4
unkDDE3E05F=0 0
unkDDE3E060=1 360
unkDE703A95=0
unkDF024FF5=4
unkDF774CDA=1
unkE2933FB4=190
unkE5CAD725=1
unkE632A086=1
unkE8D82304=swain_grand_glyph_02.tga
unkEFDBC952=color-rampdown.tga
unkEFE632B1=0 8
unkEFE632B2=0.5 3
unkEFE632B3=1 1
unkF3F0EE63=0 0
unkF3F0EE64=1 360
unkF50117F3=130 0 0
unkF50E113D=120 0 0
unkF6BBB53F=1 1
unkF9114309=1
unkF94ED947=0 0
unkF94ED948=1 360
unkF970660F=0
unkF9F20AEE=2
unkFC9CCB6A=0 -50 0
unkFD243221=0 80 0
unkFE2A5694=0 0.8
unkFE2A5695=1 2
