[SandTrailCourse]
e-life=2.7
e-rate=30
e-rgba=255 255 255 255
e-rgba1=0 1 1 1 0
e-rgba2=0.25 1 1 1 1
e-rgba3=1 1 1 1 0
e-tilesize=20 0 0
e-trail-cutoff=1000
p-bindtoemitter=0.1 0
p-life=1
p-life1=0 0.35
p-life2=0.75 1
p-life3=1 0.5
p-offset=-20 0 10
p-scale=55 0 0
p-scale1=0.8 1 1 1
p-scale2=1 2 1 1
p-texture=Nasus_Base_Z_Taunt_TrailCourse.dds
p-trailmode=1
p-type=5
p-uvscroll-rgb=0 0
p-vel=0 0 0
p-worldaccel=0 -500 0
p-xrgba=1 1 1 1
p-xrgba1=0 1 1 1 1
p-xrgba2=0.02 1 1 1 1
p-xrgba3=0.175 1 1 0.627451 1
p-xrgba4=0.25 1 1 1 1
p-xrgba5=0.7 1 1 1 1
p-xrgba6=1 1 1 1 0
p-xscale=1 1 1
p-xscale1=0 0.5 1 1
p-xscale2=0.15 0.7 1 1
p-xscale3=0.3499999940395355 1.149999976158142 1 0.8500000238418579
p-xscale4=1 2 1 0
pass=-20
rendermode=1

[Snow]
e-life=2.5
e-rate=200
p-colortype=1 3
p-drag=1 1 1
p-life=1
p-lifeP1=0 0.1
p-lifeP2=0.8999999761581421 0.75
p-lifeP3=1 1.5
p-numframes=4
p-offset=-30 10 0
p-offsetXP1=0 0.5
p-offsetXP2=1 1
p-offsetYP1=0 -1
p-offsetYP2=1 1
p-orbitvel=1 0 0
p-quadrot=1 0 0
p-quadrotXP1=0 0
p-quadrotXP2=1 360
p-randomstartframe=1
p-rotvel=1 0 0
p-rotvelXP1=0 -300
p-rotvelXP2=1 300
p-scale=5 5 5
p-scale1=0.5 1 1 1
p-scale2=1 0.5 0.5 0.5
p-scaleXP1=0 0.5
p-scaleXP2=0.9 0.7
p-scaleXP3=1 1
p-texdiv=2 2
p-texture=Nasus_Base_Z_Taunt_Bits4x4.dds
p-vel=50 0 50
p-worldaccel=0 -1000 0
p-worldaccelYP1=0 0
p-worldaccelYP2=1 1
p-xrgba=1 1 1 1
p-xrgba1=0 1 1 1 0
p-xrgba2=0.15 1 1 1 1
p-xrgba3=0.7 1 1 1 1
p-xrgba4=1 1 1 1 0
p-xscale=1 1 1
p-xscale1=0 0 0 0
p-xscale2=0.2 1 1 1
p-xscale3=0.7000000000000001 1 1 1
p-xscale4=1 0 0 0
rendermode=1
uniformscale=1

[System]
GroupPart1=SandTrailCourse
GroupPart2=Snow
SimulateEveryFrame=1

[UNKNOWN_HASHES]
unk7CDD2A43=0 1 1 1 1
unk7CDD2A44=1 1 1 1 0
