[Inner]
e-life=1
e-linger=0
e-rate=1
p-bindtoemitter=1 1
p-coloroffset=0 0
p-colorscale=0.009999999776482582 0.009999999776482582
p-colortype=0 0
p-life=0.85
p-linger=0
p-postoffset=0 5 0
p-quadrot=90 0 0
p-rgba=color-team-shaded.tga
p-scale=100 100 0
p-texture=Xerath_Base_Z_AoE_Ring.tga
p-type=1
p-xrgba1=0 0.5 0.5 0.5 0.1
p-xscale1=0 0.5 0.5 0.5
p-xscale2=1 1 1 1
rendermode=0
single-particle=1
teamcolor-correction=1

[System]
GroupPart2=border
GroupPart3=Inner
PersistThruDeath=1
SimulateEveryFrame=1

[border]
e-life=1
e-linger=0
e-rate=1
p-bindtoemitter=1 1
p-coloroffset=0 0
p-colorscale=0.009999999776482582 0.009999999776482582
p-colortype=0 0
p-life=0.85
p-linger=0
p-postoffset=0 5 0
p-quadrot=90 0 0
p-rgba=color-team-shaded.tga
p-scale=100 100 0
p-texture=Xerath_Base_Z_AoE_Ring.tga
p-type=1
p-xrgba1=0 0.5 0.5 0.5 0.05
p-xrgba2=0.7 1 1 1 0.4
p-xrgba3=1 0 0 0 0
rendermode=0
single-particle=1
teamcolor-correction=1

[UNKNOWN_HASHES]
unk00D74AD3=0 0.5 0 0
unk00D74AD4=0.15 0.5 1 0
unk00D74AD5=0.5 1 0.5 1
unk00D74AD6=1 0 0.2 0
unk079A1DE8=4
unk1D0A3BE0=0 1.5 1 1
unk1D0A3BE1=1 0.5 1 1
unk2794EFDC=1
unk336261FE=6 40 10
unk339A55B1=1 3
unk36E930F4=1
unk426CD37F=0 5 0
unk43D0D2C0=0.3 1 0.5 1
unk4DB85128=0.7
unk58BD9BC4=90 0 0
unk59D02373=0.85
unk5C27583A=1
unk63E115A0=color-energyburst.tga
unk665C363F=1 0 0
unk66F059B2=0 300 1 1
unk66F059B3=1 100 1 1
unk67E4469A=0 1
unk67E4469B=1 4
unk6D168F57=150
unk6FF8E7EB=255 255 255 255
unk70FEEC3C=0 0.3
unk70FEEC3D=1 2
unk74046D3F=0 0 0
unk762C1306=0 0.5 0.5 0.5 0.5
unk762C1307=0.75 0.9 0.9 0.9 1
unk762C1308=1 1 1 1 1
unk7C9F178F=sparks.tga
unk8580471D=1
unk9C3E0DFA=1
unkACC5F2A0=4
unkAF7D497E=1
unkB624294A=1 1
unkBAD2DD9D=0 0
unkBAD2DD9E=1 360
unkBBC0E891=-400 0 0
unkC51CC625=0
unkC9D9D1A6=1
unkCF698356=2 2
unkDDEB5580=7 7 7
unkE8C258E9=0 0.1
unkE8C258EA=1 1
unkEC678A62=0 0 0
