[System]
SimulateEveryFrame=1
group-vis=10000

[UNKNOWN_HASHES]
unk00B9FC14=0 0
unk00B9FC15=1 360
unk01D4C8C7=1
unk0326A4F1=1
unk08BC22EF=1
unk0DAC22E9=1 1
unk13F53C41=BaseXerath
unk1730E771=1
unk173828CB=2 2 2
unk1CCDA6C9=2 2 2
unk20705A51=1
unk20956173=300 70 30
unk237D7812=0 0
unk237D7813=1 1
unk23FB8793=0 0
unk23FB8794=1 1
unk25D09C97=16
unk2B48B508=5500 0 0
unk2C75C026=1 3
unk2C9ECCC9=0 0.1
unk2D73C633=4
unk2E6B6121=4 4
unk3164B47C=1 1
unk36051B1F=0 -1
unk36051B20=1 1
unk363C73AF=0 0.99
unk363C73B0=1 1.0099999904632568
unk36529233=0 1
unk36529234=1 1
unk36832AA0=0 0.5
unk36832AA1=1 1
unk36D0A1B4=0 1
unk36D0A1B5=1 1
unk374EB135=0 -1
unk374EB136=1 1
unk38B399EE=0
unk4017DFC8=0 2 0.2 0.3
unk4017DFC9=0.2 0.2 5 0.3
unk4017DFCA=0.8 0 20 1
unk47C436B4=0 0.6
unk47C436B5=1 1
unk4CF28631=4
unk4ED6CB47=0 0.1
unk50E39503=0
unk52A63838=2
unk52EB25B6=0
unk53D69521=0 -1
unk53D69522=1 1
unk5454A4A2=0 0.5
unk5454A4A3=1 1
unk5B187308=200 0 0
unk5FF5F83B=0 1 0
unk60EEC6C9=1
unk62365D92=0 0
unk62365D93=1 360
unk6642137E=1 1
unk6D90F8F0=0
unk6F48BC10=0 0
unk6F48BC11=1 1
unk6FC6CB91=0 0
unk6FC6CB92=1 1
unk7313A567=1 1
unk77E01A3A=0 0 0 0 1
unk77E01A3B=0.08 0 0.3 1 0.2
unk77E01A3C=0.3 0.2 0 1 0.2
unk77E01A3D=1 0 0 0.4 0
unk77F3404A=0 2 0.2 0.3
unk77F3404B=0.2 0.2 5 0.3
unk77F3404C=0.8 0 20 1
unk78F57C41=0
unk81139286=5500 0 0
unk87052473=2.5
unk8AEC5943=RuneXerath
unk8C9AA271=2.5
unk8D526045=1
unk931CF6BE=1
unk95FC3FF7=Xerath_Base_Z_Energy_Mult.tga
unk965A8506=0 0.7
unk965A8507=1 1
unk96D89487=0 0.5
unk96D89488=1 1.5
unk97FE30B9=90 0 90
unk98B274BC=1
unk99A6CA00=0
unk99DE158A=0 0 0
unkA09F99D3=1
unkA5A15D15=16
unkA66362A2=100
unkAB59EF68=1
unkABF8E0A0=100
unkACA4FFA8=1 3
unkB07DD89A=-1 2
unkB1C964F3=1
unkB5D94504=0 0.7
unkB5D94505=1 1
unkB6575485=0 0.5
unkB6575486=1 1.5
unkB66BB331=0 0.99
unkB66BB332=1 1.0099999904632568
unkB8FC6CEB=1
unkB95CD588=0 0 0
unkBB293605=0
unkBBDFAC84=Xerath_Base_Z_Energy_4x4_Blur.tga
unkBCEBD93A=2
unkC425C01F=4 4
unkC55E140A=200 0 0
unkC57A1D18=-1 2
unkCAD8AF66=1
unkCC0CF131=0 1
unkCC0CF132=1 1
unkCC8B00B2=0 1
unkCC8B00B3=1 1
unkCD091033=0 -1
unkCD091034=1 1
unkCE842902=0
unkCFD9913B=90 0 90
unkD31A6538=0
unkD6ED153D=0 1 0
unkD91DA443=1
unkDD7E95B2=0 0.6
unkDD7E95B3=1 1
unkDE5CFEBF=0
unkDFCC89E9=1
unkE225BB3C=0 0 0 0 1
unkE225BB3D=0.08 0 0.5 0.4 0.2
unkE225BB3E=0.3 0.2 0 0 0.2
unkE225BB3F=1 0 0 0 0
unkF3BB0D06=Xerath_Base_Z_Energy_4x4_Blur.tga
unkF5163DF9=Xerath_Base_Z_Energy_Mult.tga
unkFE5D62F5=300 70 30
