[Arrow]
e-rate=1
p-bindtoemitter=1
p-life=5
p-linger=0
p-mesh="Ashe_Skin06_BA_Arrow.sco"
p-meshtex="Ashe_Skin06_Z_Colormap.tga"
p-quadrot=-90.0 0.0 0.0
p-rotvel=0.0 0.0 0.0
p-scale=1.0 0.5 1.3
p-shadow=1
p-type=3
pass=1
rendermode=1

[HeartBurst]
e-local-orient=1
e-rate=3
p-bindtoemitter=0
p-colortype=1
p-drag=3.0 3.0 3.0
p-life=0.7000000000000001
p-lifeP1=0.0 0.5
p-lifeP2=0.9 1.0
p-lifeP3=1.0 2.0
p-numframes=9
p-offset=10.0 -20.0 10.0
p-offsetXP1=0.0 -1.0
p-offsetXP2=1.0 1.0
p-offsetYP1=0.0 0.0
p-offsetYP2=1.0 1.0
p-offsetZP1=0.0 -1.0
p-offsetZP2=1.0 1.0
p-orbitvel=0.0 5.0 0.0
p-orbitvelYP1=0.0 -1.0
p-orbitvelYP2=1.0 1.0
p-quadrot=0.0 0.0 0.0
p-quadrotP1=0.0 0.0
p-quadrotP2=1.0 360.0
p-randomstartframe=1
p-scale=20.0 20.0 0.0
p-scaleXP1=0.0 0.5
p-scaleXP2=1.0 1.0
p-texdiv=3.0 3.0
p-texture="Ashe_Skin06_Z_Hearts_01.tga"
p-type=0
p-vecalign=1
p-vel=0.0 300.0 0.0
p-velYP1=0.0 0.1
p-velYP2=1.0 1.0
p-xrgba1=0.0 1.0 1.0 1.0 0.8
p-xrgba2=0.5 0.8 0.0 0.3 0.5
p-xrgba3=1.0 0.1 0.0 0.0 0.0
p-xscale=1.0 1.0 1.0
p-xscale1=0.0 0.3 0.3 0.3
p-xscale2=0.2 0.9 0.9 0.9
p-xscale3=0.3 1.0 1.0 1.0
p-xscale4=0.4 0.9 0.9 0.9
p-xscale5=0.7 0.2 0.2 0.2
p-xscale6=1.0 0.1 0.1 0.1
rendermode=0
single-particle=1
uniformscale=0

[System]
GroupPart1="trail"
GroupPart2="Arrow"
GroupPart2Type="complex"
GroupPart3="HeartBurst"
SimulateEveryFrame=1

[trail]
e-local-orient=1
e-rate=150
p-bindtoemitter=0
p-colortype=1
p-drag=3.0 3.0 3.0
p-life=0.30000000000000004
p-lifeP1=0.0 0.5
p-lifeP2=1.0 1.0
p-offset=5.0 -40.0 5.0
p-offsetXP1=0.007000000216066837 -1.0
p-offsetXP2=1.0 1.0
p-offsetYP1=0.0 0.0
p-offsetYP2=1.0 1.0
p-offsetZP1=0.0 -1.0
p-offsetZP2=1.0 1.0
p-quadrot=0.0 0.0 0.0
p-quadrotP1=0.0 0.0
p-quadrotP2=1.0 360.0
p-scale=3.0 30.0 0.0
p-texture="Ashe_Skin06_Z_Mist.tga"
p-type=1
p-vel=0.0 200.0 0.0
p-velYP1=0.0 0.5
p-velYP2=1.0 1.0
p-xrgba1=0 1 1 0 1
p-xrgba2=0.3 0.6 0.0 0.3 0.5
p-xrgba3=1.0 0.6 0.0 0.0 0.0
p-xscale=1.0 1.0 1.0
p-xscale1=0.0 2.0 2.0 2.0
p-xscale2=1.0 4.0 4.0 4.0
rendermode=4

