[Cut]
e-life=0.1
e-rate=10
p-drag=2 2 2
p-life=0.30000000000000004
p-quadrot=360 0 0
p-quadrotXP1=0 -1
p-quadrotXP2=1 1
p-scale=100 100 100
p-scaleXP1=0 0.8
p-scaleXP2=1 1
p-scaleYP1=0 1
p-scaleYP2=1 1.2000000000000002
p-texture=Yasuo_Skin02_attack_impact_slash.dds
p-xscale=1 1 1
p-xscale1=0 1 0 1
p-xscale2=0.30000000000000004 0.8 1.4000000000000001 1
p-xscale3=1 0 1.5 1
pass=100
rendermode=1

[System]
GroupPart1=Cut
GroupPart2=spark
GroupPart3=explosion
GroupPart4=fireCloud
PersistThruDeath=1
SimulateEveryFrame=1
SoundOnCreate=Play_sfx_YasuoSkin02_YasuoDashWrapper_hit

[explosion]
e-disabled=1
e-life=2
e-rate=3
p-colortype=1 3
p-drag=2 0 2
p-life=0.5
p-lifeP1=0 0.75
p-lifeP2=1 1
p-scale=200 200 200
p-scaleXP1=0 0.8
p-scaleXP2=1 1
p-scaleYP1=0 0.8
p-scaleYP2=1 1
p-texture=Yasuo_skin01_basic_attack_flash.dds
p-vel=0 0 0
p-velXP1=0 1
p-velXP2=1 0.1
p-worldaccel=0 0 0
p-worldaccelYP1=0 0
p-worldaccelYP2=1 1
p-xrgba=1 1 1 1
p-xrgba1=0 1 1 1 0
p-xrgba2=0.3 1 1 1 1
p-xrgba3=0.4 1 1 1 1
p-xrgba4=1 1 0 0 0
p-xscale=1 1 1
p-xscale1=0 0 0 0
p-xscale2=0.1 1 1 0
p-xscale3=1 0.1 0.1 0
pass=10
rendermode=4
single-particle=1
uniformscale=1

[fireCloud]
e-disabled=1
e-life=0.2
e-rate=4
p-drag=0 3 0
p-life=0.3499999940395355
p-lifeP1=0 0.6
p-lifeP2=1 1
p-linger=2
p-offset=20 20 20
p-offsetXP1=0 -1
p-offsetXP2=1 1
p-offsetYP1=0 -1
p-offsetYP2=1 1
p-offsetZP1=0 -1
p-offsetZP2=1 1
p-postoffset=0 50 0
p-quadrot=1 1 0
p-quadrotXP1=0 1
p-quadrotXP2=1 360
p-rotvel=50 0 0
p-rotvelXP1=0 -1
p-rotvelXP2=1 1
p-scale=200 200 0
p-scaleXP1=0 0.5
p-scaleXP2=1 1
p-texture=Yasuo_skin01_explostion.dds
p-worldaccel=0 50 0
p-xrgba=1 1 1 1
p-xrgba1=0 1 1 1 0
p-xrgba2=0.3 1 1 1 1
p-xrgba3=0.4 0.3 0.2 0.2 0.2
p-xrgba4=1 0.3 0.2 0.2 0
p-xscale=1 1 1
p-xscale1=0 0.2 0.2 0.2
p-xscale2=0.2 0.8 0.8 0.8
p-xscale3=1 1.4000000000000001 1.4000000000000001 1.4000000000000001
pass=2
rendermode=1
single-particle=1
uniformscale=1

[spark]
e-life=0.5
e-rate=20
e-timeoffset=0.1
p-drag=3 3 3
p-life=1
p-lifeP1=0 0.2
p-lifeP2=1 1
p-numframes=2
p-offset=50 50 50
p-offsetXP1=0 -1
p-offsetXP2=1 1
p-offsetYP1=0 -1
p-offsetYP2=1 1
p-offsetZP1=0 -1
p-offsetZP2=1 1
p-orbitvel=1 0.5 0
p-orbitvelXP1=0 1
p-orbitvelXP2=1 -1
p-orbitvelYP1=0 1
p-orbitvelYP2=1 -1
p-randomstartframe=1
p-scale=20 20 0
p-scaleXP1=0 0.8
p-scaleXP2=1 1
p-scaleYP1=0 0.8
p-scaleYP2=1 1
p-texdiv=2 1
p-texture=Yasuo_Skin02_BA_Spark_tar.dds
p-vel=100 100 100
p-velXP1=0 2
p-velXP2=1 -2
p-velYP1=0 -1
p-velYP2=1 1
p-velZP1=0 0
p-velZP2=0.9 8
p-velZP3=1 15
p-worldaccel=0 0 0
p-worldaccelYP1=0 0
p-worldaccelYP2=1 1
p-xrgba=1 1 1 1
p-xrgba1=0 1 1 1 0
p-xrgba2=0.3 1 1 1 1
p-xrgba3=1 1 0 0 0
p-xscale=1 1 1
p-xscale1=0 0 0 0
p-xscale2=0.1 1 1 0
p-xscale3=1 0.1 0.1 0
pass=5
rendermode=4
single-particle=1
uniformscale=1

