[System]
GroupPart1=muzzle
GroupPart2=muzzle_blend
GroupPart3=fragment
SimulateEveryFrame=1

[fragment]
e-life=2
e-local-orient=1
e-rate=30
e-timeoffset=1.5
p-drag=4 4 4
p-flexscale=0.004999999888241291
p-frameRate=0
p-life=0.35
p-lifeP1=0 0.4
p-lifeP2=0.5 0.7
p-lifeP3=1 2
p-numframes=4
p-offset=0 0 0
p-quadrot=0 0 0
p-randomstartframe=1
p-scale=11 11 0
p-scaleYP1=0 1
p-scaleYP2=0.8 1.5
p-scaleYP3=1 2
p-startframe=0
p-texdiv=2 2
p-texture=Yasuo_skin01_Q_muzzle_frag.dds
p-type=0
p-vec-velocity-minscale=1.3
p-vec-velocity-scale=0.00800000037997961
p-vecalign=1
p-vel=100 100 100
p-velXP1=0 -10
p-velXP2=1 -3
p-velYP1=0 2
p-velYP2=1 -2
p-velZP1=0 -2
p-velZP2=1 2
p-xrgba=1 1 1 1
p-xrgba1=0 1 1 1 0
p-xrgba2=0.15 1 1 1 1
p-xrgba3=0.5 1 1 1 1
p-xrgba4=1 1 1 1 0
p-xscale1=0 1 1 1
p-xscale2=0.5 1 2 1
p-xscale3=1 1 1 1
pass=-5
rendermode=1
single-particle=1

[muzzle]
e-life=2
e-linger=0
e-rate=1
e-timeoffset=1.5
p-colortype=1 3
p-drag=3 3 1
p-life=0.1
p-linger=0
p-offset=0 0 0
p-quadrot=0 1 0
p-quadrotXP1=0 0.9
p-quadrotXP2=1 1.1
p-quadrotYP1=0 0
p-quadrotYP2=1 360
p-rotvel=0 1 0
p-rotvelYP1=0 150
p-rotvelYP2=0.9 250
p-rotvelYP3=1 400
p-scale=120 120 120
p-scaleXP1=0 0.9
p-scaleXP2=1 1
p-scaleZP2=1 0.9
p-texture=Yasuo_skin01_explostion.dds
p-type=0
p-vel=0 300 0
p-velYP1=0 0
p-velYP2=1 1
p-xrgba=1 1 1 1
p-xrgba1=0 1 1 1 0
p-xrgba2=0.1 1 1 1 1
p-xrgba3=0.3 1 1 1 1
p-xrgba4=1 1 1 1 0p-rgba=Color_Yasuo_skin01_Dance.dds
p-xscale1=0 0.5 0.5 0.5
p-xscale2=0.5 1.5 1.5 1.5
p-xscale3=1 1.2000000000000002 1.2000000000000002 1.2000000000000002
pass=0
single-particle=1

[muzzle_blend]
e-life=2
e-linger=0
e-rate=1
e-timeoffset=1.5
p-colortype=1 3
p-life=0.15
p-linger=0
p-offset=0 0 0
p-quadrot=90 -180 0
p-rgba=Color_Yasuo_skin01_passvive_wind.dds
p-scale=75 75 75
p-texture=Yasuo_skin01_Q_muzzle_cas.dds
p-type=1
p-xrgba=1 1 1 1
p-xrgba1=0 1 1 1 0
p-xrgba2=0.1 1 1 1 1
p-xrgba3=0.3 1 1 1 1
p-xrgba4=1 1 1 1 0
p-xscale1=0 0.5 0.5 0.5
p-xscale2=0.2 1 1.2 2
p-xscale3=1 5 0.5 1.2
pass=0
single-particle=1

[UNKNOWN_HASHES]
unk2FB13BE3=4
unkC87D1831=1
