[Cubes]
e-life=0.2
e-rate=6
p-drag=3 3 2
p-life=0.30000000000000004
p-lifeP1=0 0.9
p-lifeP2=1 1
p-mesh=Yasuo_Skin02_Z_Cube.scb
p-meshtex=Yasuo_Skin02_Z_White_01.dds
p-offset=40 40 40
p-offsetXP1=0 -1
p-offsetXP2=1 1
p-offsetYP1=0 -1
p-offsetYP2=1 1
p-offsetZP1=0 -1
p-offsetZP2=1 1
p-type=3
p-vel=600 600 100
p-velXP1=0 0.2
p-velXP2=1 1
p-velYP1=0 0.2
p-velYP2=1 1
p-velZP1=0 -1
p-velZP2=1 1
p-xrgba=1 1 1 1
p-xrgba1=0 1 1 1 1
p-xrgba2=0.4 1 0.52549 0.286275 1
p-xrgba3=0.8 0.14902 0.086275 0.05098 1
p-xrgba4=1 0.129412 0.098039 0.054902 1
p-xscale=1 1 1
p-xscale1=0 1 1 1
p-xscale2=1 0 0 0
pass=15
rendermode=1
single-particle=1

[Drag]
f-drag=2
f-pos=0 300 0
f-radius=1000

[Flash]
e-life=2
e-rate=3
p-colortype=1 3
p-drag=2 0 2
p-life=0.5
p-lifeP1=0 0.75
p-lifeP2=1 1
p-scale=200 200 200
p-scaleXP1=0 0.8
p-scaleXP2=1 1
p-scaleYP1=0 0.8
p-scaleYP2=1 1
p-texture=Yasuo_skin02_basic_attack_flash.dds
p-vel=0 0 0
p-velXP1=0 1
p-velXP2=1 0.1
p-worldaccel=0 0 0
p-worldaccelYP1=0 0
p-worldaccelYP2=1 1
p-xrgba=1 1 1 1
p-xrgba1=0 1 1 1 0
p-xrgba2=0.1 1 1 1 1
p-xrgba3=0.2 1 1 1 1
p-xrgba4=1 1 0 0 0
p-xscale=1 1 1
p-xscale1=0 0 0 0
p-xscale2=0.1 1 1 0
p-xscale3=1 0.1 0.1 0
pass=10
rendermode=4
single-particle=1
uniformscale=1

[Gravity]
f-accel=0 -1000 0

[Ring_01]
e-life=0.2
e-rate=1
e-rgba=255 67 61 255
p-flexscale=0.004999999888241291
p-life=0.30000000000000004
p-rotvel=1 0 0
p-rotvel1=0 200 0 0
p-rotvel2=0.4 0 0 0
p-rotvel3=1 0 0 0
p-rotvelXP1=0 -1
p-rotvelXP2=1 1
p-scale=80 80 80
p-texture=Yasuo_Skin02_Z_Ring_02.dds
p-xrgba=1 1 1 1
p-xrgba1=0 1 1 1 1
p-xrgba2=0.52 1 1 1 1
p-xrgba3=1 1 1 1 0
p-xscale=1 1 1
p-xscale1=0 0.2 0.2 1
p-xscale2=0.4 0.9 0.9 1
p-xscale3=1 1 1 1
rendermode=4
single-particle=1

[Square_02]
e-life=0.5
e-rate=10
e-rgba=47 20 15 255
p-drag=2 0 2
p-life=1
p-lifeP1=0 0.2
p-lifeP2=1 1
p-numframes=2
p-offset=50 50 50
p-offsetXP1=0 -1
p-offsetXP2=1 1
p-offsetYP1=0 -1
p-offsetYP2=1 1
p-offsetZP1=0 -1
p-offsetZP2=1 1
p-randomstartframe=1
p-scale=10 10 0
p-scaleXP1=0 0.3
p-scaleXP2=1 1
p-scaleYP1=0 0.3
p-scaleYP2=1 1
p-texdiv=2 1
p-texture=Yasuo_Skin02_BA_Spark_tar.dds
p-vec-velocity-minscale=1.3
p-vec-velocity-scale=0.00800000037997961
p-vecalign=1
p-vel=100 100 0
p-velXP1=0 1
p-velXP2=1 10
p-velYP1=0 0
p-velYP2=0.8 1
p-velYP3=1 1.5
p-velZP1=0 -1
p-velZP2=1 1
p-worldaccel=0 0 0
p-worldaccelYP1=0 0
p-worldaccelYP2=1 1
p-xrgba=1 1 1 1
p-xrgba1=0 1 1 1 0
p-xrgba2=0.2 1 1 1 1
p-xrgba3=1 1 1 1 1
p-xscale=1 1 1
p-xscale1=0 0 0 0
p-xscale2=0.1 1 1.3 0
p-xscale3=1 0.1 0.1 0
pass=5
rendermode=1
single-particle=1

[System]
GroupPart1=blood
GroupPart2=Flash
GroupPart3=Square_02
GroupPart4=Ring_01
GroupPart5=Cubes
SimulateEveryFrame=1

[blood]
ExcludeAttachmentType=turret nexus inhibitor
KeywordsExcluded=Yasuoskin01
e-alpharef=18
e-disabled=1
e-life=0.2
e-rate=6
e-timeoffset=0.1
e-uvoffset=1 0
e-uvoffsetXP1=0 1
e-uvoffsetXP2=1 1
field-accel-1=Gravity
field-drag-1=Drag
p-colortype=1 3
p-flexoffset=0.004999999888241291
p-flexscale=0.004999999888241291
p-life=1
p-lifeP1=0 0.75
p-lifeP2=1 1
p-numframes=4
p-quadrot=180 1 0
p-quadrotYP1=0 -130
p-quadrotYP2=1 -100
p-randomstartframe=1
p-rgba=color-whiteweb32.tga
p-scale=6 2 0
p-scaleYP1=0 0.3
p-scaleYP2=1 0.6000000000000001
p-texdiv=2 2
p-texture=Yasuo_Base_Blood.dds
p-type=2
p-vel=0 500 0
p-xscale=1 1 1
p-xscale1=0 1 1 1
p-xscale2=1 25 275 0
rendermode=3

