[Cubes]
e-disabled=1
e-life=0.2
e-rate=6
e-rgba=255 255 255 119
p-drag=1 1 1.5
p-life=0.30000000000000004
p-lifeP1=0 0.9
p-lifeP2=1 1
p-mesh=zed_skin02_w_tar_cube_01.scb
p-meshtex=Yasuo_Skin02_Z_White_01.dds
p-offset=40 40 40
p-offsetXP1=0 -1
p-offsetXP2=1 1
p-offsetYP1=0 -1
p-offsetYP2=1 1
p-offsetZP1=0 -1
p-offsetZP2=1 1
p-type=3
p-vel=350 350 500
p-velXP1=0 -1
p-velXP2=1 1
p-velYP1=0 -1
p-velYP2=1 0.5
p-velZP1=0 -1
p-velZP2=1 -0.30000001192092896
p-worldaccel=0 -900 0
p-xrgba=1 1 1 1
p-xrgba1=0 1 1 1 1
p-xrgba2=0.4 1 0.756863 0.631373 1
p-xrgba3=0.8 1 0.576471 0.313725 1
p-xrgba4=1 0.129412 0.098039 0.054902 1
p-xscale=1 1 1
p-xscale1=0 1 1 1
p-xscale2=1 0 0 0
pass=15
rendermode=4
single-particle=1

[Ring_01]
e-disabled=1
e-life=0.2
e-rate=1
e-rgba=255 90 78 255
p-frameRate=30
p-life=0.5
p-numframes=16
p-rotvel=1 0 0
p-rotvel1=0 200 0 0
p-rotvel2=0.4 0 0 0
p-rotvel3=1 0 0 0
p-rotvelXP1=0 -1
p-rotvelXP2=1 1
p-scale=60 60 60
p-scaleXP1=0 0.6
p-scaleXP2=1 1
p-scaleYP1=0 0.6
p-scaleYP2=1 1
p-scaleZP1=0 0.6
p-scaleZP2=1 1
p-startframe=1
p-texdiv=4 4
p-texture=Yasuo_Skin02_Z_Ring_01.dds
p-xrgba=1 1 1 1
p-xrgba1=0 1 1 1 1
p-xrgba2=0.8 1 1 1 1
p-xrgba3=1 1 1 1 0
p-xscale=1 1 1
p-xscale1=0 0.2 0.2 1
p-xscale2=0.4 0.9 0.9 1
p-xscale3=1 1 1 1
rendermode=4
single-particle=1
uniformscale=1

[Ring_1]
e-disabled=1
e-life=0.2
e-rate=1
p-flexscale=0.004999999888241291
p-life=0.4
p-offset=0 -30 0
p-quadrot=90 0 0
p-scale=100 100 100
p-texture=Yasuo_Skin02_Z_Ring_03.dds
p-xrgba=1 1 1 1
p-xrgba1=0 1 1 1 1
p-xrgba2=0.52 1 1 1 1
p-xrgba3=1 1 1 1 0
rendermode=1
single-particle=1

[Square_01]
e-life=0.5
e-rate=10
e-rgba=165 38 7 255
p-drag=1 0 2
p-life=1
p-lifeP1=0 0.2
p-lifeP2=1 1
p-numframes=2
p-offset=50 50 50
p-offsetXP1=0 -1
p-offsetXP2=1 1
p-offsetYP1=0 -1
p-offsetYP2=1 1
p-offsetZP1=0 -1
p-offsetZP2=1 1
p-randomstartframe=1
p-scale=15 15 0
p-scaleXP1=0 0.3
p-scaleXP2=1 1
p-scaleYP1=0 0.3
p-scaleYP2=1 1
p-texdiv=2 1
p-texture=Yasuo_Skin02_BA_Spark_tar.dds
p-vec-velocity-minscale=1.3
p-vec-velocity-scale=0.00800000037997961
p-vecalign=1
p-vel=200 100 200
p-velXP1=0 -1
p-velXP2=1 1
p-velYP1=0 1
p-velYP2=0.800000011920929 -1
p-velYP3=1 -1.5
p-velZP1=0 -1
p-velZP2=1 1
p-worldaccel=0 -800 0
p-worldaccelYP1=0 0
p-worldaccelYP2=1 1
p-xrgba=1 1 1 1
p-xrgba1=0 1 1 1 0
p-xrgba2=0.2 1 1 1 1
p-xrgba3=1 1 1 1 0
p-xscale=1 1 1
p-xscale1=0 0 0 0
p-xscale2=0.1 1 1.3 0
p-xscale3=1 0.1 0.1 0
pass=5
rendermode=4
single-particle=1

[System]
GroupPart1=flash_skin01
GroupPart2=Ring_01
GroupPart3=Cubes
GroupPart4=flash
GroupPart5=Ring_1
GroupPart6=Square_01
PersistThruDeath=1
SimulateEveryFrame=1
SoundOnCreate=Play_sfx_YasuoSkin02_YasuoWMovingWall_hit

[flash]
KeywordsExcluded=Yasuoskin01
e-life=0.30000000000000004
e-rate=3
p-flexoffset=0.004999999888241291
p-flexscale=0.004999999888241291
p-life=0.15000000596046448
p-linger=1
p-quadrot=-60 0 0
p-scale=120 120 120
p-scaleXP1=0 0.6
p-scaleXP2=1 1.1
p-texture=Yasuo_Skin02_Q_tornado_blast.dds
p-type=1
p-vel=0 0 0
p-velZP1=0 0
p-velZP2=1 1
p-xrgba=1 1 1 1
p-xrgba1=0 1 1 1 0
p-xrgba2=0.2 1 1 1 0.75
p-xrgba3=1 1 1 1 0
p-xscale=1 1 1
p-xscale1=0 0.2 0.2 0.2
p-xscale2=0.5 1.1 1.1 1.1
p-xscale3=1 0.2 0.2 0.2
pass=20
rendermode=4
uniformscale=1

[flash_skin01]
e-life=2
e-rate=3
p-colortype=1 3
p-drag=2 0 2
p-life=0.25
p-lifeP1=0 0.75
p-lifeP2=1 1
p-scale=100 100 100
p-scaleXP1=0 0.8
p-scaleXP2=1 1
p-scaleYP1=0 0.8
p-scaleYP2=1 1
p-texture=Yasuo_skin02_basic_attack_flash.dds
p-vel=0 0 0
p-velXP1=0 1
p-velXP2=1 0.1
p-worldaccel=0 0 0
p-worldaccelYP1=0 0
p-worldaccelYP2=1 1
p-xrgba=1 1 1 1
p-xrgba1=0 1 1 1 0
p-xrgba2=0.1 1 1 1 1
p-xrgba3=0.2 1 1 1 1
p-xrgba4=1 1 0 0 0
p-xscale=1 1 1
p-xscale1=0 0 0 0
p-xscale2=0.1 1 1 0
p-xscale3=1 0.1 0.1 0
pass=10
rendermode=4
single-particle=1
uniformscale=1

