[Shadow]
e-life=2
e-linger=0
e-local-orient=0
e-rate=1
e-timeoffset=1
p-bindtoemitter=1 1
p-colorscale=1 0.5
p-colortype=1 0
p-life=2.5
p-projection-fading=200
p-projection-y-range=5
p-quadrot=1
p-rgba=color-bellramp32.tga
p-scale=200
p-texture=towerdustshadow.tga
p-type=7
p-xscale1=0 0
p-xscale2=0.5 1.3
p-xscale3=1 2
pass=-1
rendermode=2
single-particle=1

[System]
GroupPart1=animated_mesh
GroupPart2=Shadow
GroupPart2Type=Simple
PersistThruDeath=1
SimulateEveryFrame=1
group-vis=5000

[animated_mesh]
e-life=1
e-linger=0
e-rate=1
p-animation=Lissandra_Skin02_Death_Shatter.anm
p-bindtoemitter=1
p-life=5
p-linger=3
p-local-orient=1
p-meshtex=lissandra_Skin02_TX_CM.dds
p-quadrot=0 180 0
p-scale=1.1200000047683716 1.1200000047683716 1.1200000047683716
p-shadow=1
p-skeleton=Lissandra_Skin02_Death.skl
p-skin=Lissandra_Skin02_Death.skn
p-type=3
rendermode=3
single-particle=1

[UNKNOWN_HASHES]
unk0050E4BE=0
unk0285F1F9=64
unk058BFAAA=10 0 0
unk09470803=0 1
unk0C3D4924=1
unk0C3D4925=1
unk1842AEF9=1 3
unk190947A3=0 0
unk25ACB28F=2
unk27E74CD8=200
unk2D39A6AC=0 1 1 0
unk2D39A6AD=0.2 2 2 0
unk2D39A6AE=1 3 3 0
unk2F055DCD=1
unk31C484DA=1.5
unk3476C898=0 0.30000000000000004 0 0
unk3476C899=1 1 0 0
unk3A4E3A92=1
unk3BD57707=color-Lissandra_DeathDust.tga
unk3FA8CD1E=0.8
unk43D26520=0 0.5
unk43D26521=1 1
unk450AF0BE=30
unk48DEF2A0=1
unk4FA7B84F=1
unk4FCB1CE5=0
unk554409A1=0 0.5
unk554409A2=1 1
unk59BEAE5C=0 -30
unk59BEAE5D=1 30
unk5C05AA66=0 0 0
unk5C83D96B=1 0.5
unk63D2BEDD=1
unk6524DDE0=2
unk6579C81B=0 1 1 0
unk6579C81C=0.2 2 2 0
unk6579C81D=1 4 4 0
unk70B37621=-1
unk713CB02B=1.2000000000000002
unk7AE85426=0 1 0
unk7B4DA258=color-Lissandra_DeathDust.tga
unk7D54EF35=1
unk7EC81D59=0 1 0
unk83D10346=30 30 0
unk84831C0F=50
unk851FF79D=1 0 0
unk87EC2728=0 0.2
unk87EC2729=1 0.8
unk895A550A=1 3
unk8F1ABD6A=300 0 0
unk939F1814=0 0
unk939F1815=1 10
unk9A18D9F7=0 0
unk9A18D9F8=1 1
unkA9017368=Lissandra_Death_DustAnim.tga
unkACCDADD9=1200 0 0
unkAFCFBA9A=30
unkB1C5B173=0 1
unkB1C5B174=1 1.2000000000000002
unkB31DCE2A=0 0 1
unkB5DFB6E7=2 2 2
unkB88E7722=0 1
unkB88E7723=1 1.6
unkB9ED5A57=60 60 0
unkBD526636=0
unkBD60190C=1 0 0
unkC25312E5=0 0
unkC25312E6=1 90
unkC2D12266=0 0
unkC2D12267=1 360
unkC4C5EEEF=1
unkC6C51BD5=1
unkC8A908F2=0
unkC94A2F69=0 1 0
unkCA084907=300
unkD766B79A=1 0.5
unkDB9D850F=0 -1
unkDB9D8510=1 1
unkDE56C076=0 50
unkDE56C077=1 130
unkDEB59D0C=1
unkDEDBD02D=0 -120
unkDEDBD02E=1 120
unkE122CC37=0 30 0
unkE14194D7=TowerDust32.tga
unkE3F5A13D=8 8
unkEBDCD24F=0 0.6000000000000001
unkEBDCD250=1 1
unkF557E238=2.5 2.5 2.5
unkF6CC7612=0 1
unkFCB22FA3=1
unkFD059A12=0 0
