[Sparks_01]
e-life=-1
e-linger=0
e-local-orient=1
e-rate=80
e-rotation1=1
e-rotation1-axis=0 1 0
e-rotation1P1=0 0
e-rotation1P2=1 360
p-bindtoemitter=0 0
p-drag=3 3 3
p-life=0.2
p-lifeP1=0 0.4
p-lifeP2=1 2
p-offset=100 0 0
p-offsetXP1=0 0
p-offsetXP2=1 0.6000000000000001
p-orbitvel=0 1 0
p-orbitvelYP1=0 -1
p-orbitvelYP2=1 1
p-postoffset=0 10 0
p-randomstartframe=1
p-scale=5 3 10
p-scaleXP1=0 0.5
p-scaleXP2=1 1
p-scaleYP1=0 0.2
p-scaleYP2=1 1.2000000000000002
p-texdiv=2 2
p-texture=Lissandra_Skin02_Z_Sparks_01.dds
p-type=0
p-vec-velocity-minscale=1
p-vec-velocity-scale=0.011
p-vecalign=1
p-vel=400 800 0
p-velXP1=0 -1
p-velXP2=1 1
p-velYP1=0 0.3
p-velYP2=1 1
p-velZP1=0 -1
p-velZP2=1 1
p-xrgba=1 1 1 1
p-xrgba1=0 1 1 1 1
p-xrgba2=0.9 1 1 1 1
p-xrgba3=1 0 0 0 0
p-xscale1=0 1.5 1.5 1.5
p-xscale2=1 0 0 0
pass=10
rendermode=0

[System]
GroupPart1=Sparks_01
SimulateEveryFrame=1

