[Shards]
e-life=1
e-linger=1
e-local-orient=0
e-rate=200
e-rate1=0 2
e-rate2=0.2 0
e-rate3=0.4 2
e-rate4=0.6000000000000001 0
e-rate5=0.8 2
e-rate6=1 1
p-drag=1 1 1
p-life=0.6000000000000001
p-lifeP1=0 0.1
p-lifeP2=1 2
p-linger=2
p-mesh=Lissandra_ba_crystal.sco
p-meshtex=Lissandra_ba_crystal.tga
p-offset=0 1 0
p-offset1=0 0 0 0
p-offset2=1 0 200 0
p-quadrot=1 1 0
p-quadrotXP1=0 0
p-quadrotXP2=1 360
p-quadrotYP1=0 0
p-quadrotYP2=1 360
p-rgba=color-hold.tga
p-rotvel=1 0 1
p-rotvelXP1=0 -1000
p-rotvelXP2=0.5 -500
p-rotvelXP3=0.5099999904632568 500
p-rotvelXP4=1 1000
p-rotvelZP1=0 -1000
p-rotvelZP2=0.5 -500
p-rotvelZP3=0.5099999904632568 500
p-rotvelZP4=1 1000
p-scale=3 3 3
p-scaleXP1=0 0.1
p-scaleXP2=0.8 0.3
p-scaleXP3=1 1
p-scaleYP1=0 0.1
p-scaleYP2=0.8 0.3
p-scaleYP3=1 1
p-scaleZP1=0 0.1
p-scaleZP2=0.8 0.3
p-scaleZP3=1 1
p-shadow=1
p-type=3
p-vel=300 300 300
p-velXP1=0 -1
p-velXP2=1 1
p-velYP1=0 0
p-velYP2=1 1
p-velZP1=0 -1
p-velZP2=1 1
p-worldaccel=0 -400 0
p-xscale1=0 1 1 1
p-xscale2=0.4 1 1 1
p-xscale3=1 0 0 0
rendermode=3

[System]
GroupPart1=Shards
PersistThruDeath=1
SimulateEveryFrame=1

