[Shards]
e-life=0.5
e-rate=50
p-drag=1.7000000000000002 1.7000000000000002 1.7000000000000002
p-flexoffset=0.004999999888241291
p-life=0.30000000000000004
p-lifeP1=0 0.1
p-lifeP2=1 1
p-linger=1
p-local-orient=1
p-offset=-20 0 20
p-postoffset=3 3 3
p-postoffsetXP1=0 -20
p-postoffsetXP2=1 20
p-postoffsetYP1=0 2
p-postoffsetYP2=1 20
p-postoffsetZP1=0 -20
p-postoffsetZP2=1 20
p-quadrot=0 0 0
p-quadrotYP1=1 360
p-rgba=color-hold.tga
p-scale=30 50 50
p-scaleXP1=0 0.2 0.2 0.2
p-scaleXP2=0.8 0.5 0.5 0.5
p-scaleXP3=1 1 1 1
p-scaleYP1=0 0.2 0.2 0.2
p-scaleYP2=0.8 0.5 0.5 0.5
p-scaleYP3=1 1 1 1
p-scaleZP1=0 0.1 0.1 0.1
p-scaleZP2=0.8 0.3 0.3 0.3
p-scaleZP3=1 1 1 1
p-texture=Lissandra_Skin02_Q_blackSpikes.dds
p-vecalign=1
p-vel=200 1700 200
p-velXP1=0 -1
p-velXP2=1 1
p-velYP1=0 0.1
p-velYP2=1 1
p-velZP1=0 -1
p-velZP2=1 2
p-worldaccel=0 -200 0
p-xscale=1 1 1
p-xscale1=0 0.1 0.1 0.1
p-xscale2=0.1 1 1 1
p-xscale3=0.4 1 1 1
p-xscale4=1 0 0 0
rendermode=1
single-particle=1

[Spike_02]
e-life=1
e-rate=1
p-bindtoemitter=1 1
p-life=0.2800000011920929
p-linger=0
p-mesh=Lissandra_Skin02_Q_Mis_Shatter_02.scb
p-meshtex=Lissandra_Skin02_Q_Mis_Shatter.dds
p-offset=-20 0 20
p-postoffset=0 80 82
p-quadrot=-90 -180 30
p-scale=0.7000000000000001 0.7000000000000001 0.7000000000000001
p-type=3
p-vecalign=1
p-vel=-300 0 70
pass=10
rendermode=1
single-particle=1

[Spike_03]
e-life=1
e-rate=1
p-bindtoemitter=1 1
p-life=0.2800000011920929
p-linger=0
p-mesh=Lissandra_Skin02_Q_Mis_Shatter_03.scb
p-meshtex=Lissandra_Skin02_Q_Mis_Shatter.dds
p-offset=-20 0 20
p-postoffset=0 80 82
p-quadrot=-90 -180 0
p-scale=0.7000000000000001 0.7000000000000001 0.7000000000000001
p-type=3
p-vecalign=1
p-vel=0 0 70
pass=10
rendermode=1
single-particle=1

[System]
GroupPart1=spike_01
GroupPart2=muzzle
GroupPart3=Shards
GroupPart4=dust
GroupPart5=Spike_02
GroupPart6=Spike_03
PersistThruDeath=1
SimulateEveryFrame=1
SoundOnCreate=Play_sfx_LissandraSkin02_LissandraShards_buffactivate

[dust]
e-life=1
e-rate=70
e-uvoffset=1 1
e-uvoffsetXP1=0 0
e-uvoffsetXP2=1 1
e-uvoffsetYP1=0 0
e-uvoffsetYP2=1 1
p-drag=2 2 2
p-life=0.30000000000000004
p-lifeP1=0 1
p-lifeP2=1 2
p-offset=10 10 50
p-offsetXP1=0 -2
p-offsetXP2=1 2
p-offsetZP1=0 -2
p-offsetZP2=1 2
p-quadrot=1 1 0
p-quadrotXP1=0 1
p-quadrotXP2=1 360
p-rgba=Lissandra_Skin02_Trail_Smoke_ColorMap.dds
p-rotvel=0 150 0
p-rotvelYP1=0 -1
p-rotvelYP2=1 1
p-scale=50 50 50
p-texture=Lissandra_Skin02_Smoke_Dust.dds
p-uvscroll-no-alpha=1
p-uvscroll-rgb=0.25 0.25
p-uvscroll-rgbXP1=0 0
p-uvscroll-rgbXP2=1 1
p-uvscroll-rgbYP1=0 0
p-uvscroll-rgbYP2=1 1
p-vel=2 200 2
p-velXP1=0 0
p-velXP2=1 1
p-velYP1=0 1
p-velYP2=1 0
p-xrgba=1 1 1 0.5
p-xrgba1=0 1 1 1 0
p-xrgba2=0.1 1 1 1 1
p-xrgba3=0.9 1 1 1 1
p-xrgba4=1 0 0 0 0
p-xscale=1 1 1
p-xscale1=0 0 0 0
p-xscale2=0.1 1 1 1
p-xscale3=1 2 2 2
pass=-100
rendermode=4

[muzzle]
e-life=1
e-rate=1
p-backfaceon=1
p-life=0.18000000715255737
p-local-orient=1
p-mesh=Lissandra_Skin02_Q_Muzzle_Cone.sco
p-meshtex=Lissandra_Skin02_Q_Blastback.dds
p-offset=-20 0 20
p-postoffset=0 30 0
p-quadrot=0 90 0
p-rgba=Lissandra_Skin02_Q_RGBA.dds
p-scale=7 17 7
p-type=3
p-xscale=1 1 1
p-xscale1=0 0 0 0
p-xscale2=0.1 3 3 3
p-xscale3=1 7 10 7
rendermode=4
single-particle=1

[spike_01]
e-life=1
e-rate=1
p-bindtoemitter=1 1
p-life=0.2800000011920929
p-linger=0
p-mesh=Lissandra_Skin02_Q_Mis_Shatter_01.scb
p-meshtex=Lissandra_Skin02_Q_Mis_Shatter.dds
p-offset=-20 0 20
p-postoffset=0 80 82
p-quadrot=-90 180 0
p-scale=0.7000000000000001 0.7000000000000001 0.7000000000000001
p-type=3
p-vecalign=1
p-vel=300 0 70
pass=10
rendermode=1
single-particle=1

