[UNKNOWN_HASHES]
unk030F7E3A=-1
unk08F6B099=1
unk094821F3=9
unk0957BF81=0
unk09835443=1
unk0A223349=1 1
unk0B99B1A7=0.0035000001080334187
unk0C0382B6=0
unk0D207067=color-armor_energy_01.tga
unk1258B139=20
unk138C9D86=0 50 0
unk1655EA1E=18
unk18239969=0.2
unk1D23B71C=0 0
unk1D23B71D=1 360
unk1DA1C69D=0 0
unk1DA1C69E=1 360
unk1E12DCD1=flare-Rainbow_yellow_01.tga
unk23715576=1 1
unk239341E0=magicball.sco
unk252845E7=mord_energy_ball_01.tga
unk2561DA66=0.4
unk294EC9F0=1
unk2BC5A0FA=1 1
unk2D64D00E=flare-Rainbow_yellow_01.tga
unk2D692B5E=0.0024999999441206455
unk2DA56C46=0 0 1
unk2E4C5DE1=color-rampdown.tga
unk2F30E7F1=0 0.7
unk2F30E7F2=0.30000001192092896 1.850000023841858
unk2F30E7F3=1 0.7
unk3052AA40=0 50 0
unk3179ACB1=-1
unk347EB71C=1 1 1
unk34C0B8F7=2.25 2.25 2.25
unk350C9D38=0 0 0 0
unk350C9D39=1 -15 0 0
unk363A2D04=yellow_rings_01.tga
unk37333330=0.5
unk3781D798=32
unk3B8A9EDE=color-smoke32_07.tga
unk3BB1EB8C=1 1
unk3F3BC471=0
unk44C01895=5
unk459001FC=0.2
unk463AB139=0 120 120
unk4C0A29FD=1.4000000000000001
unk4D3045BB=flare-Rainbow_yellow_01.tga
unk53A3F941=0 -1
unk53A3F942=1 1
unk542208C2=0 -1
unk542208C3=1 1
unk54AFCE1E=0
unk5BB8C674=color-rampdown.tga
unk5EEE063D=360 360 360
unk609800A6=1 2
unk64EE402B=32
unk673A8010=90 90 90
unk69429D93=0 1
unk69429D94=0.7000000000000001 0.5
unk69429D95=1 0
unk70012A29=1
unk71AA3830=1
unk72E25002=0 1
unk72E25003=0.5 1.5
unk72E25004=1 2
unk73192C6D=3
unk75604E43=1 1
unk7826DFBD=0 0.6000000000000001
unk7826DFBE=1 1.5
unk7B2FF2FE=1 0.1
unk7C19C808=1
unk7C19C809=1
unk7C99EA9D=1 1
unk80165FC9=0 0
unk80165FCA=1 360
unk80946F4A=0 0
unk80946F4B=1 360
unk84242278=0
unk85E6C5AD=0
unk8859A926=0
unk8E59007D=0 50 0
unk8FCB13AA=1 3
unk944519E7=0
unk948B173E=0 18
unk948B173F=1 65
unk9BE673B2=1 1 1
unk9ED017F1=0 0.5
unk9ED017F2=1 -0.5
unk9F8858DB=1
unk9F8858DC=1
unkA24B1015=0 0 0 0
unkA24B1016=0.5 1 1 1
unkA24B1017=1 0 0
unkA2F2E53F=0 0.9
unkAB20A7AF=0 0 0 0 1
unkAB20A7B0=1 1 1 1 1
unkAE1D97BC=0 0
unkAE1D97BD=1 1
unkAE9BA73D=0 0
unkAE9BA73E=1 1
unkAF19B6BE=0 0
unkAF19B6BF=1 1
unkB06493C6=0 0 0
unkB19D0352=0 0
unkB19D0353=0.7000000000000001 0.8
unkB19D0354=1 0.2
unkB4568CEB=0 18
unkB4568CEC=1 65
unkB46484FA=0 1.1 1.1 1.1
unkB46484FB=0.5 0.7 0.7 0.7
unkB46484FC=1 0.35 0.35 0.35
unkB5EB2FD3=0 0 0
unkB640793A=0
unkB8F559C7=0 0
unkB8F559C8=1 1
unkBA726048=0 10 0 0
unkBA726049=0.5 5 0 0
unkBA72604A=1 0 0 0
unkBE6EBF3F=1 1
unkC1071430=100
unkC1B1827A=0
unkC20B90AA=0 0.6000000000000001
unkC20B90AB=1 1.5
unkC31A43F3=0.4
unkC5C4B643=0 0
unkC9DB738A=0 50 0
unkCF32163E=0.2
unkCF592840=155
unkD0FF0333=0 0 1
unkD16878FF=0 0
unkD1687900=0.7000000000000001 0.8
unkD1687901=1 0.2
unkD318EDB1=0 0
unkD318EDB2=1 180
unkD943086B=alpha_02.tga
unkDFC79902=1 1 1 1
unkE0CBC2BD=90 90 90
unkE24AE62A=1.4000000000000001
unkE2788222=5
unkE5CB249F=1 1 1
unkE74A0653=0 50 0
unkED4E8243=0.5
unkF6877E84=0 0
unkF6877E85=1 180
unkF6F7ABEF=0.15000000596046448
unkF7FD51AF=0
unkF9AA9D38=0 1 1 1
unkF9AA9D39=1 0.1 0.1 0.1
unkFA316106=360
unkFC89873D=360 0 0
unkFE36185A=0.0035
