[3DPoof]
e-life=1
e-rate=4
e-uvoffset=1 -0.30000001192092896
e-uvoffset-mult=1 0
e-uvoffset-multXP1=0 0
e-uvoffset-multXP2=1 1
e-uvoffsetXP1=0 0
e-uvoffsetXP2=1 1
p-backfaceon=1
p-life=0.75
p-mesh=Kalista_poof2.scb
p-meshtex=Kalista_Base_BA_Hit_Poof.dds
p-meshtex-mult=Kalista_Base_BA_Hit_Poof_mult.dds
p-scale=10 10 12
p-scaleXP1=0 1
p-scaleXP2=1 0.9
p-scaleYP1=0 1
p-scaleYP2=1 0.9
p-scaleZP1=0 1
p-scaleZP2=1 0.9
p-type=3
p-uvscroll-rgb=0 -1.2
p-uvscroll-rgb-mult=0 -0.5
p-vel=0 0 100
p-xrgba=1 1 1 1
p-xrgba1=0 1 1 1 0
p-xrgba2=0.5 1 1 1 1
p-xrgba3=1 1 1 1 0
p-xscale=1 1 1
p-xscale1=0 1 1 1
p-xscale2=1 1.2000000000000002 1.2000000000000002 1.5
rendermode=1
single-particle=1

[Attract]
f-accel=8000 8000 8000
f-pos=0 0 100
f-radius=1000

[Flash]
e-life=1
e-rate=1
flag-disable-z=1
p-life=0.30000000000000004
p-scale=300 75 0
p-texture=Kalista_Base_BA_flash.dds
p-xrgba=1 1 1 1
p-xrgba1=0 1 1 1 1
p-xrgba2=1 1 1 1 0
p-xscale=1 1 1
p-xscale1=0 0.5 1 0
p-xscale2=1 1 0 0
rendermode=4

[Repulse]
f-accel=-20000 0 0
f-pos=0 0 400
f-radius=300

[System]
GroupPart1=3DPoof
GroupPart2=poof
GroupPart3=Wisps
GroupPart4=Flash
SimulateEveryFrame=1

[Wisps]
e-disabled=1
e-life=6
e-local-orient=0
e-rate=35
e-rotation1=1
e-rotation1-axis=0 1 0
e-rotation1P1=0 0
e-rotation1P2=1 360
p-bindtoemitter=1 0
p-drag=1 1 1
p-life=1.3
p-lifeP1=0 0.7
p-lifeP2=1 1.5
p-linger=4
p-numframes=16
p-offset=40 120 40
p-offsetXP1=0 -1
p-offsetXP2=1 1
p-offsetYP1=0 0
p-offsetYP2=1 1
p-offsetZP1=0 -1
p-offsetZP2=1 1
p-orbitvel=0 0 0
p-orbitvelYP1=0 0.3
p-orbitvelYP2=1 1
p-quadrot=0 0 0
p-quadrotXP1=0 0
p-quadrotXP2=1 360
p-randomstartframe=1
p-rgba=color-bellcurve32.tga
p-rotvel=0 0 0
p-rotvelXP1=0 -1
p-rotvelXP2=1 1
p-scale=30 30 0
p-scaleXP1=0 -1.5
p-scaleXP2=0.5 -1
p-scaleXP3=0.5110999941825867 1
p-scaleXP4=1 1.5
p-texdiv=4 4
p-texture=Kalista_Base_BA_wisps.dds
p-type=1
p-vel=0 205 0
p-velYP1=0 0.6
p-velYP2=1 1
p-velZP1=0 0.7
p-velZP2=1 1
p-xrgba=1 1 1 0.45200300216674805
p-xscale=1 1 1
p-xscale1=0 0 1 0
p-xscale2=1 1 3 1
rendermode=1

[poof]
e-life=0.2
e-rate=2000
e-rotation1=1
e-rotation1-axis=0 0 1
e-rotation1P1=0 0
e-rotation1P2=1 360
field-attract-1=Attract
field-attract-2=Repulse
p-accel=0 4000 -4000
p-backfaceon=1
p-drag=1 1 1
p-life=0.30000000000000004
p-lifeP1=0 1.3
p-lifeP2=0.1 1
p-lifeP3=0.5 0.7000000000000001
p-lifeP4=1 0.30000000000000004
p-numframes=16
p-offset=0 -20 0
p-offsetYP1=0 -1
p-offsetYP2=1 1
p-randomstartframe=1
p-scale=40 30 0
p-texdiv=4 4
p-texture=Kalista_Base_BA_wisps.dds
p-vec-velocity-scale=0.0020000000949949026
p-vecalign=1
p-vel=0 0 1000
p-velZP1=0 1
p-velZP2=1 1.2000000000000002
p-xrgba=1 1 1 1
p-xrgba1=0 1 1 1 0.5
p-xrgba2=0.45 1 1 1 0.375
p-xrgba3=1 0.3 0 1 0
p-xscale=1 1 0
p-xscale1=0 1 1 0
p-xscale2=1 1 1 0
rendermode=1

[UNKNOWN_HASHES]
unk2F4567B8=Repulse
unk483F5388=1
