[System]
GroupPart2=beamstop
SimulateEveryFrame=1

[beamstop]
e-life=0.1
e-linger=0
e-local-orient=1
e-rate=3
e-tilesize=0 600 0
e-tilesizeYP1=0 1
e-tilesizeYP2=0.9 2
e-tilesizeYP3=1 4
p-bindtoemitter=1
p-life=0.4
p-linger=0
p-offset=0 0 0
p-scale=50 1 1
p-scaleXP1=0 -4
p-scaleXP2=0.5 -2
p-scaleXP3=0.5009999871253967 2
p-scaleXP4=1 3
p-texdiv=1 1
p-texture=Kennen_Base_Z_LightningVert.tga
p-type=6
p-uvscroll-rgb=0.3 0
p-uvscroll-rgbXP1=0 1
p-uvscroll-rgbXP2=1 3
p-xrgba1=0 0 0 0 0
p-xrgba2=0.04 0 0 0 0
p-xrgba3=0.2 1 1 1 1
p-xrgba4=0.5 0 0.3 1 0.5
p-xrgba5=1 0 0 1 0
p-xscale1=0 1 0 0
p-xscale2=1 2 0 0
rendermode=0
single-particle=1

[UNKNOWN_HASHES]
unk01BD08D8=1
unk140BC7EC=1
unk15F3E4D0=0 0
unk15F3E4D1=1 1
unk196DD653=1 3
unk1EB254C6=0
unk20ED7C75=0 1 0 0
unk20ED7C76=1 1.5 0 0
unk2243C4A0=60 1 1
unk2D6A1CE4=0 100 0
unk32545719=0 1
unk3254571A=1 3
unk3FE33BE3=1
unk4C4BA684=6
unk6D023DD6=0 1
unk6D023DD7=0.9 3
unk6D023DD8=1 4
unk7199E25C=1
unk795EB46C=0 0
unk87991399=0 -4
unk8799139A=0.5 -1.5
unk8799139B=0.5009999871253967 1.5
unk8799139C=1 2
unk88409E18=0
unk8A03414D=0
unk92757C1D=0 0 0
unk92997342=6
unk9CB54931=lightning-ring.tga
unkAB13F238=4 0
unkCD7C8891=1 1
unkD02A2606=0.2
unkD7526758=1
unkDC41F851=0.2
unkDF1A6A29=1 0
unkE652EA7E=color-electricity.tga
unkEF886435=1
unkFB82C934=3 2
