[DarkGround]
e-life=1
e-linger=0
e-local-orient=0
e-rate=1
p-backfaceon=1
p-bindtoemitter=1 1
p-life=5
p-linger=0
p-postoffset=0 0 0
p-quadrot=90 0 0
p-scale=800 800 600
p-texture=ball32_01.tga
p-type=1
p-xrgba=0 0.05 0 0.25
pass=-1000
rendermode=1
single-particle=1

[System]
GroupPart1=cylinder1
GroupPart1Importance=High
GroupPart2=DarkGround
SimulateEveryFrame=1

[cylinder1]
e-life=6
e-local-orient=0
e-rate=12
e-uvoffset=1 0.5
e-uvoffsetXP1=0 0
e-uvoffsetXP2=1 1
p-backfaceon=1
p-bindtoemitter=1
p-coloroffset=0.5 0
p-colorscale=0.5 1
p-colortype=3 0
p-frameRate=0
p-life=1
p-lifeP1=0 0.5
p-lifeP2=0.8 0.8
p-lifeP3=1 1.2000000000000002
p-linger=0
p-local-orient=0
p-mesh=saucer9.sco
p-meshtex=lightning-ring.tga
p-numframes=10
p-offset=0 0 0
p-postoffset=0 20 0
p-quadrot=0 1 0
p-quadrotYP1=0 0
p-quadrotYP2=1 360
p-rotvel=0 2 0
p-rotvelYP1=0 5
p-rotvelYP2=1 10
p-scale=39 40 40
p-scaleXP1=0 0.9
p-scaleXP2=1 1
p-scaleYP1=0 -1
p-scaleYP2=1 1
p-startframe=0
p-texdiv=1 2
p-type=3
p-uvscroll-rgb=-0.1 0.06
p-uvscroll-rgbXP1=0 0.25
p-uvscroll-rgbXP2=1 1
p-xrgba1=0 0 0 0 0
p-xrgba2=0.04 0 0 0 0
p-xrgba3=0.4 0.7 1 1 0.7
p-xrgba4=0.6 0 0.3 1 0.3
p-xrgba5=1 0 0 1 0
p-xscale1=0 1 1 1
p-xscale2=1 1.0099999904632568 1 1.0099999904632568
rendermode=0

[UNKNOWN_HASHES]
unk00B774FE=lightning-bg.tga
unk00F42076=1
unk04588829=disc.sco
unk04659FBA=0 1
unk05F756CF=0
unk0653C8CD=3 3
unk0731D6B2=0 0.5
unk0731D6B3=1 1
unk07A4EC75=0
unk07AFE633=0 -2
unk07AFE634=0.5 -1
unk07AFE635=0.5009999871253967 1
unk07AFE636=1 2
unk09A03082=1
unk0AEEF174=1
unk0B7E7039=1 1
unk0B7E80EE=1
unk0EA9A21F=0.5
unk0F0DC4C5=0 0.66
unk0F0DC4C6=1 0.66
unk12E51A04=1
unk13334F2A=1 1
unk1AC1746A=2
unk1FAC9E60=0 0.30000000000000004
unk1FAC9E61=1 2
unk21DBB40D=0 0 -90
unk24D26697=AlphaStrike_prison__ball__p-rgba.tga
unk2BF941C8=0
unk2D400CE6=0 0
unk2D400CE7=1 360
unk2DBBE4FD=0
unk2DFCEBA0=1 3
unk2E07E04E=200
unk34AB4079=5
unk35B7DA27=1 1.3
unk362E1FCD=0 0 0
unk371973A5=1
unk3F7166AB=0.009999999776482582 0.003000000026077032
unk40C312C4=1
unk431ED97A=1 0
unk445258EB=1
unk44BDCB7F=1
unk45BD2FD8=multilightning.tga
unk4AD404F1=color-flicker.tga
unk4BB734F0=900 0 0
unk4DE1AC05=0 0.2
unk4DE1AC06=1 1
unk53DE72B6=3
unk54097EA8=1
unk5AB5EC3A=1 1
unk60109483=0 0 0
unk6146D66A=disc.sco
unk647FE9C3=1 1
unk6750427F=lightning-bg2-green.tga
unk6945A1B6=6
unk69943F0A=0
unk70D26F0D=0 0 0
unk73CC714A=0
unk755D7401=1
unk758F147F=0
unk769EB950=0 100 0
unk7E014F4F=0 0 0
unk7F6E662E=color-eyefade32.tga
unk8587FDC0=1
unk88A3DFE5=1
unk8A9359F1=1
unk8ACB229D=1
unk8AD59181=team_ring_green_02.tga
unk9218E9DA=0 10 0
unk93119DB1=0
unk934EF6A3=1 0
unk9389D4EC=1
unk939BCA8E=0
unk94709E67=100
unk94B1FE0C=1
unk97D241F6=0 0 0
unk98936533=1
unk99A998B1=2
unk9D467BB6=0 0 500
unkB0CCC0F7=3
unkB39DF339=0 1
unkBC4A7669=9
unkBC954356=linger=0
unkC275AF0B=0
unkC2F76F26=100
unkC4385240=0
unkC9F5631C=0 1 1 1
unkC9F5631D=1 5 1 1
unkCB9604EE=5400
unkCCAA8D10=0 0 0
unkCD15DA6A=-0.009999999776482582 0.004999999888241291
unkD23DA840=1
unkD2AA983C=1 1
unkD4313B81=1
unkD7BCF238=5
unkDC53D66C=1
unkE3D4C483=1
unkE5672234=1
unkE7081C39=0
unkE70E9C66=1.2000000000000002 1
unkE91EDC8F=0 100 0
unkEC337C41=1 1
unkEDE5B6B0=color-flicker.tga
unkF17E3FE5=50
unkF1FFC684=1 1
unkF423AEF8=0
unkF71B3067=1
unkF87C46ED=5400
unkFA8508A1=1 3
unkFFBC4EC7=20 40 0
