[System]
GroupPart1=twisted_vines
group-scale-cap=350

[twisted_vines]
e-life=0.1
e-rate=1
p-animation=Spell2_ROOTS_Death.anm
p-backfaceon=1
p-flexscale=0.004999999888241291
p-life=0.2
p-linger=0
p-meshtex=Maokai_haunted_W_Tar_Root_TX.dds
p-quadrot=0 180 0
p-scale=0.7000000000000001 0.6000000000000001 0.7000000000000001
p-shadow=1
p-skeleton=Spell2_Roots.skl
p-skin=Spell2_Roots.skn
p-type=3
p-xrgba=1 1 1 1
p-xrgba1=0 1 1 1 0
p-xrgba2=0.05 1 1 1 1
p-xrgba3=0.16 1 1 1 1
p-xrgba4=0.8 1 1 1 1
p-xrgba5=0.9 1 1 1 1
p-xrgba6=1 1 1 1 0
rendermode=1
single-particle=1

