[Aura1]
e-disabled=1
e-life=1
e-rate=1
p-bindtoemitter=1 1
p-colorscale=1 0.4
p-life=0.5
p-linger=0
p-offset=0 10 0
p-quadrot=90 0 0
p-rotvel=0 100 0
p-scale=35 35 1
p-simpleorient=2
p-texture=Caitlyn_Skin06_W_Trap_Red_01.dds
p-type=1
p-vel=0 25 0
p-xrgba=1 1 1 1
p-xrgba1=0 1 1 1 0
p-xrgba2=0.4 1 1 1 1
p-xrgba3=0.6 1 1 1 1
p-xrgba4=1 1 1 1 0
p-xscale=1 1 1
p-xscale1=0 1.2 1.2 0.1
p-xscale2=1 0.6000000000000001 0.6000000000000001 1.8
rendermode=4
single-particle=1
teamcolor-correction=1

[Mesh]
e-life=0.1
e-rate=1
p-backfaceon=1
p-life=0.4
p-mesh=caitlyn_skin06_w_dome_01.scb
p-meshtex=Caitlyn_Skin06_W_Dome_01.dds
p-scale=1.5 1.5 1.5
p-type=3
p-uvscroll-rgb=0 -1.2
p-uvscroll-rgb-clamp=1
p-xrgba=1 1 1 1
p-xrgba1=0 1 1 1 1
p-xrgba2=0.1 1 1 1 1
p-xrgba3=1 1 1 1 0
p-xscale=1 1 1
p-xscale1=0 0 0 0
p-xscale2=0.4 0.8 1.2000000000000002 0.8
p-xscale3=0.8 1 1 1
p-xscale4=1 1 0 1
rendermode=4
single-particle=1

[Streak]
e-life=1
e-rate=1
p-life=0.30000000000000004
p-lifeP1=0 0.7
p-lifeP2=1 1
p-offset=0 80 0
p-quadrot=-90 0 90
p-scale=10 150 1
p-startframe=1
p-texture=Caitlyn_Skin06_Z_Spike_01.dds
p-type=2
p-xrgba=1 1 1 1
p-xrgba1=0 1 1 1 1
p-xrgba2=0.1 1 1 1 1
p-xrgba3=0.5 1 0 0.015686 1
p-xrgba4=1 1 0 0 0
p-xscale=1 1 1
p-xscale1=0 3 2 -50
p-xscale2=0.5 1 2 -350
p-xscale3=1 0.5 2 -500
pass=11
rendermode=4
single-particle=1

[System]
GroupPart1=aoe_leaf_03
GroupPart1Importance=High
GroupPart1Type=Simple
GroupPart2=dust
GroupPart2Importance=High
GroupPart2Type=Simple
GroupPart3=target
GroupPart3Importance=High
GroupPart4=Mesh
GroupPart5=Streak
GroupPart6=Aura1
GroupPart6Importance=High
PersistThruDeath=1
SimulateEveryFrame=1

[aoe_leaf_03]
e-disabled=1
e-life=0.30000000000000004
e-rate=5
e-rotation1=1
e-rotation1P1=0 0
e-rotation1P2=1 360
field-drag-1=dustdrag
p-life=1.9500000476837158
p-lifeP1=0 0.2
p-lifeP2=1 1
p-offset=45 0 45
p-offsetXP1=0 0
p-offsetXP2=1 1
p-offsetYP1=0 1
p-offsetYP2=1 6
p-offsetZP1=0 0
p-offsetZP2=1 1
p-postoffset=0 -20 0
p-quadrot=1
p-quadrotXP1=0 0
p-quadrotXP2=1 360
p-rgba=color-smoke32.tga
p-rotvel=60
p-rotvelXP1=0 -1
p-rotvelXP2=1 1
p-scale=8
p-scaleXP1=0 0.5
p-scaleXP2=1 1.6
p-texture=leaf_01.dds
p-vel=150 930 150
p-velXP1=0 0.6
p-velXP2=1 1
p-xscale=1
p-xscale1=0 0
p-xscale2=0.2 1.3
p-xscale3=0.25 1.399999976158142
p-xscale4=1 1.7000000000000002
rendermode=1
single-particle=1

[dust]
e-disabled=1
e-life=0.05000000074505806
e-local-orient=0
e-rate=40
e-rotation1=360
e-rotation1-axis=1 0 0
e-rotation1P1=0 0
e-rotation1P2=1 1
e-rotation2=360
e-rotation2-axis=0 0 1
e-rotation2P1=0 0
e-rotation2P2=1 1
p-life=0.4399999976158142
p-lifeP1=0 0.9
p-lifeP2=1 1.1
p-quadrot=1
p-quadrotXP1=0 0
p-quadrotXP2=1 360
p-randomstartframe=1
p-rgba=color-smoke32.dds
p-rotvel=1
p-rotvelXP1=0 -60
p-rotvelXP2=1 60
p-scale=22
p-scaleXP1=0 1
p-scaleXP2=1 1.8
p-texdiv=2 2
p-texture=Darius_Skin04_E_Dust_01.dds
p-vel=100 290 100
p-velYP1=0 0.35
p-velYP2=1 1.1
p-xscale=1
p-xscale1=0 0
p-xscale2=0.1 1
p-xscale3=1 2
rendermode=1
single-particle=1

[target]
e-life=1
e-rate=1
p-bindtoemitter=1 1
p-colorscale=1 0.4
p-life=1
p-quadrot=90 0 0
p-rotvel=0 90 0
p-scale=80 80 80
p-texture=Caitlyn_Skin06_R_Holo_01.dds
p-type=1
p-xrgba=1 1 1 1
p-xrgba1=0 1 1 1 0
p-xrgba2=0.4 1 1 1 1
p-xrgba3=0.7 1 1 1 0
p-xscale=1 1 1
p-xscale1=0 0 0 0
p-xscale2=0.2 1 1 1
rendermode=4
single-particle=1
teamcolor-correction=1

