[Holo_01]
e-life=1
e-rate=1
e-rgba=255 255 255 163
e-rotation1=1
e-rotation1-axis=1 0 0
e-rotation1P1=0 0
e-rotation1P2=1 360
e-rotation2=1
e-rotation2-axis=0 1 0
e-rotation2P1=0 0
e-rotation2P2=1 360
p-backfaceon=1
p-bindtoemitter=1 1
p-life=1.3
p-linger=0
p-local-orient=1
p-mesh=caitlyn_skin06_r_holo_01.scb
p-meshtex=Caitlyn_Skin06_R_HoloGun_01.dds
p-quadrot=0 180 90
p-type=3
p-xquadrot=1 0 0
p-xquadrot-on=1
p-xquadrot1=0 -18.5 0 0
p-xquadrot2=0.5 0 0 0
p-xquadrot3=1 0 0 0
p-xscale=1 1 1
p-xscale1=0 0 0 0
p-xscale2=0.2 1 1 1
p-xscale3=1 1 1 1
rendermode=4
single-particle=1

[Holo_02]
Particle-Velocity=1 0 0
Particle-Velocity1=0 -100 0 0
Particle-Velocity2=0.5 -200 0 0
Particle-Velocity3=0.6 0 0 0
Particle-Velocity4=1 0 0 0
e-life=1.1
e-rate=1
e-rotation1=1
e-rotation1-axis=1 0 0
e-rotation1P1=0 0
e-rotation1P2=1 360
e-rotation2=1
e-rotation2-axis=0 1 0
e-rotation2P1=0 0
e-rotation2P2=1 360
e-timeoffset=0.1
p-backfaceon=1
p-bindtoemitter=1 1
p-life=1.2000000000000002
p-linger=0
p-local-orient=1
p-mesh=caitlyn_skin06_r_holo_01.scb
p-meshtex=Caitlyn_Skin06_R_HoloGun_02.dds
p-postoffset=100 0 0
p-quadrot=0 180 90
p-type=3
p-xquadrot=1 0 0
p-xquadrot-on=1
p-xquadrot1=0 20 0 0
p-xquadrot2=0.5 0 0 0
p-xquadrot3=1 0 0 0
p-xscale=1 1 1
p-xscale1=0 0 0 0
p-xscale2=0.2 0.8 0.8 0.8
p-xscale3=0.5600000023841858 0.800000011920929 0.800000011920929 0.800000011920929
p-xscale4=0.6000000000000001 1.3 1 1.3
p-xscale5=0.6499999761581421 1 1 1
p-xscale6=1 1 1 1
rendermode=4
single-particle=1

[Holo_03]
e-disabled=1
e-life=2
e-rate=1
e-rotation1=1
e-rotation1-axis=1 0 0
e-rotation1P1=0 0
e-rotation1P2=1 360
e-rotation2=1
e-rotation2-axis=0 1 0
e-rotation2P1=0 0
e-rotation2P2=1 360
e-timeoffset=0.8
p-backfaceon=1
p-bindtoemitter=1 1
p-life=0.5
p-linger=0
p-local-orient=1
p-mesh=caitlyn_skin06_r_holo_01.scb
p-meshtex=Caitlyn_Skin06_R_HoloGun_03.dds
p-quadrot=0 180 90
p-type=3
rendermode=1
single-particle=1

[System]
GroupPart1=Holo_01
GroupPart2=Holo_02
GroupPart3=Holo_03
SimulateEveryFrame=1

