[System]
GroupPart1=indicator_01_pulse_02
GroupPart1Importance=High
GroupPart1Type=Simple
GroupPart2=keyhole
GroupPart2Importance=High
GroupPart2Type=Simple

[indicator_01_pulse_02]
e-life=3
e-linger=0
e-local-orient=1
e-rate=4
p-bindtoemitter=1 1
p-coloroffset=0 0.9
p-colorscale=1 0.1
p-colortype=1 2
p-life=0.5
p-linger=0
p-offset=0 10 0
p-projection-fading=100
p-projection-y-range=50
p-rgba=AlphaStrike_prison__ball__p-rgba.tga
p-scale=110 110 0
p-texture=displace_05.tga
p-type=7
p-xscale=1
p-xscale1=0 0.4
p-xscale2=1 0.75
rendermode=0

[keyhole]
e-life=3
e-linger=0
e-local-orient=1
e-rate=3
p-bindtoemitter=1 1
p-coloroffset=0 0.9
p-colorscale=1 0.1
p-colortype=1 2
p-life=0.5
p-linger=0
p-offset=0 10 0
p-postoffset=0 0 0
p-projection-fading=100
p-projection-y-range=50
p-rotvel=40 0 0
p-scale=60 60 0
p-simpleorient=2
p-texture=displace_02.tga
p-type=7
rendermode=0

[UNKNOWN_HASHES]
unk00075310=1 0.1
unk0193A571=0
unk02391AC6=1
unk0477FD3C=0 0
unk0477FD3D=0.30000000000000004 2
unk0477FD3E=0.8 0.8
unk0477FD3F=1 0
unk04EA19B0=slow
unk0672E37E=1 0
unk07C16502=0
unk0A5EA5B6=1
unk0A7186A3=1 3
unk0E3E809B=1 3
unk0EBFE105=0
unk0FEF11B6=0.5
unk14383A2C=0 0
unk14383A2D=1 1
unk14B649AD=0 0
unk14B649AE=1 2
unk15EFDC90=1
unk17321BD5=70 50 0
unk18053424=0 0
unk18053425=1 1
unk188343A5=0 0
unk188343A6=1 1
unk1B8095A8=slow
unk1C06E401=0.15000000596046448
unk1F5D8011=1
unk1F6085CD=-0.5
unk22455F05=0.5
unk22463EEE=100
unk27AEFA55=0
unk2CE8490E=0
unk2E402181=flare-rainbow_purp_01.tga
unk2E5D3150=0.2
unk2EE5C626=1 1
unk2F4D4FE5=150
unk2FAED8FA=0
unk35B0FDC5=1
unk35F701C5=-0.5
unk36A1531B=0.1
unk36AD54FD=0
unk3BBD6315=0 0 0
unk3F1F8FCD=20 400 0
unk41A39D34=2
unk41B6639A=1 3
unk42B92566=0.25
unk433EFBDC=sharp_flash_02.tga
unk449E4D0A=1 1
unk4597CA17=0 0
unk4710DE56=orbit1
unk480B2483=0 500 200
unk4A6D2A34=1 1
unk4B7D1723=0 0
unk4B7D1724=1 1
unk4BFB26A4=0 0
unk4BFB26A5=1 1
unk4CCA1793=color-rampdown.tga
unk4DFEDEA9=0 0.30000000000000004
unk4DFEDEAA=1 1.2000000000000002
unk516CA352=0 0
unk516CA353=1 360
unk5211605E=orbit1
unk5253DF0D=0 -720 0
unk54748706=0 0
unk54748707=1 360
unk548D7C14=1 2
unk551A1BD4=50
unk556B4677=0 0
unk55FF914A=5
unk564890AD=0
unk566AA2C3=0
unk57CFF34A=0
unk580B33E2=0
unk5834927B=0 0 400
unk5938406F=0 0
unk5C5E4E2D=1
unk5D691EC6=0
unk5E9A0CAD=1 1
unk65DB5996=30 150 0
unk6B10CABD=0 0
unk6B10CABE=0.30000000000000004 2
unk6B10CABF=0.8 0.8
unk6B10CAC0=1 0
unk6D887A2E=0
unk71CBB6E8=18
unk781921BE=0.5
unk79371413=up
unk7F9E806D=1
unk803F68EC=2 2
unk803FC9F8=Poof_necro.tga
unk8209A3FA=0 0 350
unk8430F409=0.15000000596046448
unk84A645DC=0 0 0
unk86ACDCCB=240
unk876A1D8A=4
unk8922B900=0 0.5
unk8922B901=1 1
unk8CB0236E=0 0
unk8CB0236F=1 360
unk8DD14797=0
unk8F93EACC=0
unk8FF5CB61=110 110 0
unk9269F671=slow
unk932B8265=90 90 0
unk956668B1=0 0.30000000000000004
unk956668B2=1 1.2000000000000002
unk976DF55F=1
unk97775FED=250
unk9806259C=0 10 0
unk99983E7F=0 0.8
unk99983E80=1 1.350000023841858
unk9E66DF83=7
unk9E8F05BF=1
unk9EB1F8E7=18
unkA4CDFF72=displace_05.tga
unkA53C3387=0 0
unkA53C3388=1 360
unkAA65430C=0 0.9
unkAA65430D=1 1
unkABAA987E=1
unkACE0628E=-0.5
unkB03CB58F=0 0
unkB03CB590=1 360
unkB1102CF8=0 0.25
unkB1102CF9=1 1.1
unkB27854C5=0 0
unkB27854C6=0.30000000000000004 2
unkB27854C7=0.8 0.8
unkB27854C8=1 0
unkB2C2D399=0
unkB384B8F2=0 100 0
unkB40589AD=0 0.9
unkB5536E14=0
unkB5E95D5B=1
unkB71E7049=1 1
unkBAE0F800=2
unkBAE20089=4
unkBF69C4F0=35
unkC185B277=0 0.4
unkC185B278=1 2
unkC2F71BAE=1
unkC7772F20=0 1
unkC7772F21=0.5 0.5
unkC7772F22=1 0
unkC82D9076=0
unkC93D3FD6=0 0 0
unkC98ABBC9=1 1
unkC9FEC094=up
unkCD404CDB=0
unkCDB4EC41=1 1
unkCEE8A6AD=2 2
unkD04387D1=1
unkD3082EC5=1
unkD4FF429C=up
unkD5076FFF=0.5
unkD7CBF6C1=0 0.5
unkD7CBF6C2=1 1
unkDD3D283C=1 1
unkE0089D6D=0
unkE11F424A=0.15000000596046448
unkE6D89779=Poof_necro.tga
unkE7661128=0 0.30000000000000004
unkE7661129=1 1.2000000000000002
unkE8417C40=0 0.8
unkE8417C41=1 1.350000023841858
unkEC7B6E0C=0
unkF465AE2E=250
unkF64931D5=orbit1
unkFB35AE33=1 1
unkFE6C20CE=1
