[Baredge]
KeywordsExcluded=PaxSona
e-life=0.44999998807907104
e-rate=1
e-timeoffset=0.1
flag-disable-z=1
p-bindtoemitter=1 0
p-coloroffset=0.4 0.30000000000000004
p-drag=1.5 1.5 1.5
p-flexscale=0.5
p-life=1
p-linger=1
p-offset=0 20 -50
p-quadrot=90 0 -90
p-randomstartframe=1
p-scale=0.5 0.5 1
p-texture=Sion_Base_E_MinHit_groundslide.dds
p-type=1
p-xrgba=1 1 1 1
p-xrgba1=0 0.666667 0 0 1
p-xrgba2=0.3 0.333333 0 0 1
p-xrgba3=1 0.333333 0 0 0

[System]
GroupPart1=frontwake
GroupPart2=Baredge
GroupPart3=speedlines
GroupPart4=redshadow
PersistThruDeath=1
SimulateEveryFrame=1
group-vis=3000

[frontwake]
e-life=0.5
e-rate=3
e-rotation1=1
e-rotation1-axis=1 0 0
e-rotation2=1
e-rotation2-axis=0 1 0
p-backfaceon=1
p-bindtoemitter=1 1
p-flexscale=0.2
p-life=1
p-linger=0.5
p-local-orient=1
p-mesh=sion_base_r_cas_mesh_wake.scb
p-meshtex=Sion_Base_R_wake_texture.dds
p-postoffset=0 20 0
p-quadrot=0 90 0
p-scale=0.009999999776482582 0.019999999552965164 0.009999999776482582
p-type=3
p-uvscroll-no-alpha=1
p-uvscroll-rgb=-1 1
p-xrgba=1 1 1 1
p-xrgba1=0 0.666667 0 0 1
p-xrgba2=0.8 0.329412 0 0 0.9608
p-xrgba3=1 0.666667 0 0 0
rendermode=4
single-particle=1

[redshadow]
e-life=0.3499999940395355
e-linger=1
e-rate=2
p-bindtoemitter=1 0
p-life=1
p-local-orient=1
p-offset=0 130 0
p-offset1=0 0 0 0
p-offset2=0.2 0 0.6 0
p-offset3=0.5 0 0.6 0
p-postoffset=0 0 -40
p-quadrot=90 0 0
p-scale=50 150 0
p-scaleupfromorigin=1
p-texture=Sion_Base_E_shadow.dds
p-type=1
p-uvscroll-no-alpha=1
p-uvscroll-rgb=0.4 0
p-xrgba=1 1 1 0.3569999933242798
p-xrgba1=0 1 1 1 0
p-xrgba2=0.2 1 1 1 1
p-xrgba3=0.7 1 1 1 0
p-xscale=1 1 1
p-xscale1=0 1 1 0
p-xscale2=0.1 1 1 0
p-xscale3=1 2 0.7 0
pass=-1
rendermode=1
single-particle=1

[speedlines]
e-life=0.5
e-rate=10
p-bindtoemitter=0.5 0
p-life=1
p-lifeP1=0 1
p-lifeP2=1 1.2000000000000002
p-linger=1
p-offset=1 6 1
p-offsetXP1=0 -10
p-offsetXP2=1 10
p-offsetZP1=0 -10
p-offsetZP2=1 10
p-postoffset=0 30 0
p-quadrot=90 0 90
p-scale=50 70 50
p-scaleXP1=0 1
p-scaleXP2=1 2
p-scaleYP1=0 0.6
p-scaleYP2=1 1
p-scaleZP1=0 0.6
p-scaleZP2=1 1
p-texture=Sion_Base_E_speedlines.dds
p-type=1
p-uvscroll-no-alpha=1
p-vel=0 0 200
p-xrgba=1 1 1 1
p-xrgba1=0 1 1 1 1
p-xrgba2=0.8 0.333333 0 0 0
p-xscale=1 1 1
p-xscale1=0 1 1 1
p-xscale2=0.7 1 0 1
pass=2
rendermode=1

