[System]
GroupPart1=weapontrail
SimulateEveryFrame=1
group-vis=3000

[weapontrail]
e-life=1
e-rate=1
p-backfaceon=1
p-life=0.1
p-linger=0
p-mesh=Sion_Base_BA_trail3.scb
p-meshtex=Sion_Base_BA_Trail_tex.dds
p-quadrot=0 180 0
p-scale=1.0499999523162842 1.0499999523162842 1.0499999523162842
p-type=3
p-uvscroll-rgb=0 -5
p-uvscroll-rgb-clamp=1
p-xrgba=1 1 1 1
p-xrgba1=0 0.682353 0.729412 0.709804 1
p-xrgba2=1 1 0 0.215686 0.945098
rendermode=1
single-particle=1

