[System]
GroupPart1=hitspikes
GroupPart2=flash
GroupPart2Importance=High
GroupPart3=flash1
GroupPart4=praxis
SimulateEveryFrame=1

[flash]
e-life=1
e-local-orient=0
e-rate=5
e-rotation1=1
e-rotation1-axis=0 1 0
e-rotation1P1=0 0
e-rotation1P2=1 360
flag-disable-z=1
p-backfaceon=1
p-bindtoemitter=1 1
p-flexoffset=0.004999999888241291
p-flexscale=0.5
p-life=0.30000000000000004
p-linger=0
p-numframes=4
p-offset=30 10 0
p-postoffset=0 100 0
p-quadrot=90 0 90
p-randomstartframe=1
p-scale=0.6000000000000001 0.6000000000000001 1
p-scaleXP1=0 0.5
p-scaleXP2=1 1
p-texdiv=2 2
p-texture=Sion_Base_Passive_Axe_shards.dds
p-vecalign=1
p-vel=1 20 0
p-xrgba=1 1 1 0.547996997833252
p-xrgba1=0 1 0.666667 0 1
p-xrgba2=0.3 0.886275 0.309804 0 0.572503
p-xrgba3=0.7 0.329412 0 0 0
single-particle=1
uniformscale=1

[flash1]
KeywordsExcluded=Yasuoskin01
e-life=0.1
e-rate=1
p-flexoffset=0.004999999888241291
p-flexscale=0.004999999888241291
p-life=0.1899999976158142
p-linger=1
p-offset=0 40 0
p-quadrot=1 0 0
p-quadrotXP1=0 1
p-quadrotXP2=1 360
p-scale=140 140 140
p-scaleXP1=0 0.5
p-scaleXP2=1 1.1
p-texture=Sion_Base_BA_Tar_Flash.dds
p-vel=0 0 0
p-velZP1=0 0
p-velZP2=1 1
p-xrgba=1 1 1 1
p-xrgba1=0 1 1 1 0
p-xrgba2=0.1 1 1 1 1
p-xrgba3=0.5 1 1 1 1
p-xrgba4=1 1 1 1 0
p-xscale=1 1 1
p-xscale1=0 0.2 0.2 0.2
p-xscale2=0.5 1.1 1.1 1.1
p-xscale3=1 0.2 0.2 0.2
pass=20
uniformscale=1

[hitspikes]
e-disabled=1
e-life=1
e-rate=4
e-rotation1=45
e-rotation1-axis=0 1 0
e-shape-scale=0
p-colortype=1 3
p-drag=0.6000000000000001 0.6000000000000001 0.6000000000000001
p-flexscale=0.8
p-life=0.6000000000000001
p-lifeP1=0 0.7
p-lifeP2=1 1
p-linger=0
p-numframes=4
p-offset=1 1 1
p-offsetXP1=0 -1
p-offsetXP2=1 1
p-offsetZP1=0 1
p-offsetZP2=1 2
p-postoffset=0 100 0
p-quadrot=1 0 0
p-quadrotXP1=0 0
p-quadrotXP2=1 360
p-randomstartframe=1
p-scale=0.2 0.5 0.7000000000000001
p-texdiv=2 2
p-texture=Sion_Base_Q_Hit3_spikes.dds
p-vecalign=1
p-vel=0 100 0
p-velXP1=0 0.5
p-velXP2=1 1
p-velYP1=0 0.5
p-velYP2=1 1
p-xrgba=1 1 1 1
p-xrgba1=0 1 1 1 0
p-xrgba2=0.1 1 1 1 1
p-xrgba3=1 0.333333 0 0 0
pass=1
rendermode=1
single-particle=1

[praxis]
e-alpharef=0
e-life=1
e-rate=1
flag-disable-z=1
p-life=0.15000000596046448
p-lifeP1=0 0.8
p-lifeP2=1 1
p-local-orient=1
p-offset=0 40 0
p-quadrot=0 1 0
p-scale=50 100 0
p-texture=Sion_Base_BA_Tar_cresent.dds
p-vecalign=1
p-vel=20 0 0
p-xrgba=1 1 1 1
p-xrgba1=0 1 1 1 1
p-xrgba2=0.2 1 1 0 0.847105
p-xrgba3=0.5 1 1 0 0.627497
p-xrgba4=1 1 0 0 0
p-xscale=1 1 1
p-xscale1=0 0.4 0.4 0.4
p-xscale2=0.30000000000000004 0.9 0.9 0.9
p-xscale3=1 2 2 2
single-particle=1

