[Cas_sparks]
e-life=0.2
e-rate=25
e-shape-scale=2
field-accel-1=SparkNoise
field-attract-1=SparkNoise
field-orbit-1=SparkNoise
p-bindtoemitter=1 1
p-drag=2 1 4
p-flexoffset=0.004999999888241291
p-life=1
p-lifeP1=0 0.5
p-lifeP2=1 1
p-offset=50 100 80
p-offsetXP1=0 -1
p-offsetXP2=1 1
p-offsetYP1=0 -1
p-offsetYP2=1 1
p-offsetZP1=0 -1
p-offsetZP2=1 1
p-orbitvel=0 1 0
p-orbitvelYP1=0 -5
p-orbitvelYP2=1 5
p-postoffset=0 30 100
p-scale=35 35 0
p-scaleXP1=0 0.4
p-scaleXP2=0.8 0.7000000000000001
p-scaleXP3=1 1
p-texture=Sion_Base_Q_Hit3_spark.dds
p-vecalign=1
p-vel=0 800 100
p-velXP1=0 0
p-velXP2=1 1
p-velYP1=0 1
p-velYP2=1 1
p-velZP1=0 0.3
p-velZP2=1 1
p-xrgba=1 1 1 1
p-xrgba1=0 1 0.666667 0 1
p-xrgba2=0.8 0.333333 0 0 1
p-xscale=1 1 1
p-xscale1=0 1 1 1
p-xscale2=1 0 0 0
rendermode=1
single-particle=1

[System]
GroupPart1=Cas_sparks
GroupPart2=hagaSphere
GroupPart3=distortion
GroupPart3Importance=Low
GroupPart3Type=Simple
GroupPart4=flashglow
GroupPart5=flash
PersistThruDeath=1
SimulateEveryFrame=1

[distortion]
e-life=1
e-linger=-1
e-rate=5
flag-disable-z=1
p-bindtoemitter=1 0.8500000238418579
p-coloroffset=0.3 0
p-colorscale=0.7000000000000001 1
p-distortion-mode=2
p-distortion-power=0.3499999940395355
p-life=0.4
p-local-orient=1
p-normal-map=Sion_Base_R_heat_distort.dds
p-quadrot=90
p-rgba=color-hold.tga
p-scale=50
p-simpleorient=2
p-texture=color-hold.DDS
p-type=1
p-xscale=1
p-xscale1=0 1
p-xscale2=1 6
pass=5
rendermode=1
single-particle=1

[flash]
e-life=1
e-rate=2
flag-disable-z=1
p-flexoffset=0.004999999888241291
p-flexscale=0.004999999888241291
p-life=0.1
p-linger=4
p-quadrot=1 0 0
p-quadrotXP1=0 1
p-quadrotXP2=1 360
p-scale=220 220 200
p-scaleXP1=0 0.5
p-scaleXP2=1 1
p-texture=Sion_Base_BA_Tar_Flash.dds
p-vel=0 0 0
p-velZP1=0 0
p-velZP2=1 1
p-xrgba=1 1 1 1
p-xrgba1=0 1 1 1 0
p-xrgba2=0.1 1 1 1 1
p-xrgba3=0.5 1 1 1 1
p-xrgba4=1 0 0 0 0
p-xscale=1 1 1
p-xscale1=0 1.1 1.1 1.1
p-xscale2=1 0.2 0.2 0.2
pass=4
single-particle=1
uniformscale=1

[flashglow]
e-life=1
e-rate=2
flag-disable-z=1
p-flexoffset=0.004999999888241291
p-flexscale=0.004999999888241291
p-life=0.5
p-linger=4
p-offset=0 100 0
p-quadrot=1 0 0
p-quadrotXP1=0 1
p-quadrotXP2=1 360
p-scale=160 160 200
p-scaleXP1=0 0.5
p-scaleXP2=1 1
p-texture=Sion_Base_R_Hit_Flash.dds
p-vel=0 0 0
p-velZP1=0 0
p-velZP2=1 1
p-xrgba=1 1 1 1
p-xrgba1=0 1 1 1 0
p-xrgba2=0.05 1 0.666667 0 1
p-xrgba3=0.5 0.666667 0 0 1
p-xrgba4=1 0.333333 0 0 0
p-xscale=1 1 1
p-xscale1=0 0 0 0
p-xscale2=0.5 2 2 2
p-xscale3=1 0 0 0
pass=3
single-particle=1
uniformscale=1

[hagaSphere]
e-life=0.9399999976158142
e-linger=-1
e-local-orient=0
e-rate=1
e-rotation1=1
e-rotation1-axis=1 0 0
e-rotation1P1=0 0
e-rotation1P2=1 90
e-rotation2=1
e-rotation2-axis=0 1 0
e-rotation2P1=0 0
e-rotation2P2=1 360
p-backfaceon=1
p-life=0.6000000000000001
p-mesh=Haga_sphere_geo.sco
p-meshtex=Sion_Base_Passive_hagasphere.dds
p-offset=0 0 0
p-offsetXP1=0 0
p-offsetXP2=1 1
p-postoffset=0 100 0
p-quadrot=0 1 0
p-quadrotYP1=0 1
p-quadrotYP2=1 360
p-scale=3.1 3.1 3.1
p-scaleXP1=0 0.8
p-scaleXP2=1 1
p-type=3
p-uvscroll-rgb=0 -0.6
p-worldaccel=0 500 0
p-xrgba=1 1 1 1
p-xrgba1=0 0 0 0 0
p-xrgba2=0.1 1 1 1 1
p-xrgba3=0.7 1 1 1 0.6
p-xrgba4=1 0 0 0 0.3
p-xscale=1 1 1
p-xscale1=0 0.5 0.5 0.5
p-xscale2=0.4 0.8 0.8 0.8
p-xscale3=1 1 1 1
pass=12
rendermode=1
single-particle=1
uniformscale=1

