[System]
GroupPart1=weapon
GroupPart2=sparkles1
SimulateEveryFrame=1

[sparkles1]
Particle-Drag=1 1 1
e-local-orient=0
e-rate=40
e-rgba=255 255 255 179
e-shape-name=sion_base_q_weapon_blade_mesh.scb
flag-disable-z=1
p-life=1
p-lifeP1=0 0.6
p-lifeP2=0.8 0.7000000000000001
p-lifeP3=1 1
p-linger=0.2
p-numframes=4
p-orbitvel=0.4 0.4 0.4
p-orbitvelXP1=0 -1
p-orbitvelXP2=1 1
p-orbitvelYP1=0 -1
p-orbitvelYP2=1 1
p-orbitvelZP1=0 -1
p-orbitvelZP2=1 1
p-quadrot=1 1 0
p-quadrotXP1=0 0
p-quadrotXP2=1 360
p-quadrotYP1=0 0
p-quadrotYP2=1 360
p-randomstartframe=1
p-rotvel=50 50 0
p-rotvelXP1=0 -1
p-rotvelXP2=1 1
p-rotvelYP1=0 -1
p-rotvelYP2=1 1
p-scale=70 70 70
p-scaleXP1=0 0.4
p-scaleXP2=0.8 0.5
p-scaleXP3=1 1
p-texdiv=2 2
p-texture=Sion_Base_Q_Cas1_weaponshards.dds
p-type=1
p-vel=0 0 0
p-velXP1=0 0
p-velXP2=1 1
p-worldaccel=0 3 0
p-xrgba=0.8745099902153015 0.23137299716472626 0.38431400060653687 0.547996997833252
p-xrgba1=0 1 1 1 0
p-xrgba2=0.5 1 1 1 1
p-xrgba3=1 1 1 1 1
p-xscale=1 1 1
p-xscale1=0 1 1 1
p-xscale2=1 0 1 1
rendermode=1
uniformscale=1

[weapon]
e-life=1
e-rate=1
p-backfaceon=1
p-bindtoemitter=1 1
p-life=1.5
p-linger=1
p-local-orient=1
p-mesh=sion_base_q_weapon_blade_mesh.scb
p-meshtex=Sion_Base_Q_Cas1_weaponglow.dds
p-meshtex-mult=Sion_Base_Q_Cas_Mult.dds
p-texdiv-mult=0 3
p-type=3
p-uvscroll-no-alpha=1
p-uvscroll-rgb-mult=-1 0
p-xrgba=1 1 1 1
p-xrgba1=0 1 1 1 0
p-xrgba2=0.8 1 1 1 1
p-xrgba3=1 1 1 1 0
p-xscale=1 1 1
p-xscale1=0 1 1 1
p-xscale2=1 1.2000000000000002 1.2000000000000002 1.2000000000000002
rendermode=1

