[System]
GroupPart1=glow
GroupPart2=sparks1

[glow]
e-rate=1
flag-disable-z=1
p-bindtoemitter=1 0
p-coloroffset=0 0.5
p-colorscale=1 0.5
p-colortype=1 3
p-life=2
p-lifeP1=0 0.3
p-lifeP2=1 1
p-linger=0.5
p-local-orient=1
p-numframes=4
p-quadrot=0 0 90
p-randomstartframe=1
p-scale=30 30 0
p-texture=Sion_Base_R_Cas_Frontglow.dds
p-vel=0 0 0
p-velYP1=0 1
p-velYP2=1 1.3
p-worldaccel=0 50 0
p-xrgba=1 1 1 1
p-xrgba1=0 1 0.666667 0 0
p-xrgba2=0.5 0.686275 0.239216 0.015686 0.45098
p-xrgba3=0.8 0.333333 0 0 1
p-xrgba4=1 0.666667 0 0 0
p-xscale=1 1 1
p-xscale1=0 0 0 0
p-xscale2=0.35 0.8 0.8 0
p-xscale3=1 1 1 0
pass=1

[sparks1]
e-rate=25
e-rotation1=1
e-rotation1-axis=0 1 0
e-rotation1P1=0 0
e-rotation1P2=1 360
e-shape-use-normal-for-birth=0
p-bindtoemitter=1 1
p-colortype=1 3
p-drag=0.6000000000000001 0.2 0.6000000000000001
p-life=1.5
p-lifeP1=0 0.7
p-lifeP2=1 1
p-linger=1
p-numframes=4
p-offset=30 60 0
p-offsetYP1=0 0
p-offsetYP2=1 1
p-orbitvel=2 2 2
p-orbitvelXP1=0 -1
p-orbitvelXP2=1 1
p-orbitvelYP1=0 -1
p-orbitvelYP2=1 1
p-orbitvelZP1=0 -1
p-orbitvelZP2=1 1
p-quadrot=1 0 0
p-quadrotXP1=0 0
p-quadrotXP2=1 360
p-randomstartframe=1
p-scale=50 70 0
p-scaleXP1=0 0.5
p-scaleXP2=1 1
p-scaleYP1=0 0.5
p-scaleYP2=1 1.5
p-texdiv=4 4
p-texture=Sion_base_P_aura.dds
p-vecalign=1
p-vel=0 -50 0
p-worldaccel=0 100 0
p-xrgba=1 1 1 1
p-xrgba1=0 1 0.058824 0.27451 0
p-xrgba2=0.3 1 0.458824 0.556863 1
p-xrgba3=0.7 0.839216 0.145098 0.156863 1
p-xrgba4=1 0 0 0 0
p-xscale=1 1 1
p-xscale1=0 0 0 0
p-xscale2=0.3 0.5 0.5 0
p-xscale3=1 0 0 0
pass=1
rendermode=4

