[HandGlow]
e-life=4
e-rate=3
p-bindtoemitter=1
p-life=1
p-linger=0
p-offset=0 0 0
p-scale=115 100 115
p-texture=Gragas_Skin02_Z_Glow01.tga
p-type=0
p-xrgba=1 1 1 1
p-xrgba1=0 1 1 1 1
p-xrgba2=0.85 1 1 1 1
p-xrgba3=1 1 1 1 0
p-xscale1=0 0 0 0
p-xscale2=0.5 0.5 0.5 1
p-xscale3=1 1 1 1
rendermode=2

[Splashy]
e-life=4
e-linger=0
e-local-orient=1
e-rate=100
e-rgba=255 255 255 255
e-rotation1=1
e-rotation1-axis=0 0 1
e-rotation1P1=0 10
e-rotation1P2=1 20
e-rotation2=1
e-rotation2-axis=0 1 0
e-rotation2P1=0 1
e-rotation2P2=1 360
p-accel=0 -100 0
p-bindtoemitter=1
p-drag=2 0 2
p-frameRate=30
p-life=0.3499999940395355
p-lifeP1=0 0.5
p-lifeP2=1 1
p-linger=0.5
p-local-orient=0
p-numframes=16
p-offset=20 0 0
p-offsetXP1=0 0.8
p-offsetXP2=1 1
p-postoffset=0 0 0
p-postoffsetYP1=0 0
p-postoffsetYP2=1 1
p-scale=40 20 50
p-scaleXP1=0 -0.30000001192092896
p-scaleXP2=0.5 -1
p-scaleXP3=0.5001000165939331 1
p-scaleXP4=1 0.30000000000000004
p-scaleYP1=0 0.5
p-scaleYP2=1 1
p-scaleZP1=0 0.30000000000000004
p-scaleZP2=1 1
p-shadow=0
p-startframe=0
p-texdiv=4 4
p-texture=Gragas_Skin02_Z_Splashes_Anim_4x4.tga
p-type=0
p-vecalign=1
p-vel=200 0 0
p-velXP1=0 0.1
p-velXP2=1 1
p-velYP1=0 0.8
p-velYP2=1 1
p-xrgba1=0 1 1 1 1
p-xrgba2=0.2 1 1 1 1
p-xrgba3=0.6 1 1 1 1
p-xrgba4=1 1 1 1 1
p-xscale1=0 0.6 0.1 0.6
p-xscale2=0.4 0.8 1.2000000000000002 0.8
p-xscale3=1 1 1.1 1
pass=2
rendermode=1
single-particle=0

[System]
GroupPart1=cast_flash
GroupPart1Importance=High
GroupPart2Importance=High
GroupPart3=Splashy
GroupPart4=HandGlow
SimulateEveryFrame=1
SoundPersistent=Play_sfx_Gragas_GragasW_damageloop

[cast_flash]
e-life=0.2
e-rate=2
p-bindtoemitter=1 1
p-life=0.25
p-rotvel=100 0 0
p-rotvelXP1=0 -1
p-rotvelXP2=0.5 -0.5
p-rotvelXP3=0.51 0.5
p-rotvelXP4=1 1
p-scale=7 7 7
p-simpleorient=0
p-texture=Gragas_Skin02_W_Flare.tga
p-type=0
p-xrgba=1 1 1 1
p-xrgba1=0.5 1 1 1 1
p-xrgba2=1 1 1 1 0
p-xscale=1.149999976158142 1.149999976158142 1.149999976158142
p-xscale1=0 0 0 0
p-xscale2=0.5 12.5 1.25 0
p-xscale3=1 25 25 0
pass=10
rendermode=0
uniformscale=1

[UNKNOWN_HASHES]
unk02A976BD=1
unk0386928A=0 0 0
unk06E37E9B=Gragas_Skin02_W_Flare.tga
unk0D051C8A=1
unk0D8977E4=80
unk175564A9=10
unk17777573=0 60 0
unk23352708=1
unk2444BE6F=0
unk251C6E2E=0
unk26DF1163=0.2
unk29F43AFA=0 -200 0
unk2F514C33=0 0 0
unk30204137=1
unk39E5CBEE=4 1
unk3AA565C0=0.5
unk3E9FA19A=0
unk3F13B516=1
unk46BD380B=4
unk533EA181=0 0.5
unk533EA182=1 1
unk5A03A3EF=100
unk5F6E3172=0
unk60F33C27=0 0.5 0.5 0.5
unk60F33C28=1 1 1 1
unk6A0B9C08=4
unk757B79DC=0
unk76FE3576=1 1 1
unk7E05283B=0 0 0 0
unk7E05283C=0.5 0.4 0.4 0.4
unk7E05283D=1 0.8 0.8 0.8
unk86FCB530=0.002
unk8AA264C9=1
unk8B1BB1DF=0 0.2
unk8B1BB1E0=1 2
unk8E7E16CD=0.0035000001080334187
unk96527366=200 200 200
unkA6C0E428=1 1 1 1
unkAEB56E14=1
unkB1276AB2=1 1
unkB34B9A80=1
unkB43AD52F=0 1
unkB43AD530=1 -1
unkC0048F0A=120
unkC27E211C=0.2
unkC6A3A0D2=0
unkCE95F367=0.5
unkD0D87ED7=1 1 1
unkD57702D2=1
unkD5EB792C=1 0 0
unkE182C8BB=0
unkE1DC5F4B=1
unkE30202D0=1
unkE4FDB691=0 0
unkE4FDB692=1 360
unkEA613E56=1
unkEDA02609=0 1 1 1 1
unkEDA0260A=1 1 1 1 0
unkF74D2DF9=0 0 0
unkF9CCF4F7=Gragas_Skin02_W_BuffSplash.tga
