[System]
GroupPart1Type="Simple"
GroupPart2Type="Simple"
GroupPart3Type="Simple"
GroupPart4="base2"
GroupPart4Type="Simple"
GroupPart5="crosshairs"
GroupPart5Type="Simple"

[base2]
e-life=-1
e-local-orient=0
e-rate=1
p-bindtoemitter=1.0 1.0
p-frameRate=0
p-life=1
p-offset=0.0 100.0 -20.0
p-quadrot=0
p-rgba="color-bellcurve.tga"
p-rotvel=1
p-rotvel1=0.0 0.0
p-rotvel2=1.0 0.0
p-scale=150
p-startframe=1
p-texdiv=2.0 1.0
p-texture="ArchersMark02.tga"
p-xrgba=1
p-xrgba1=0.0 0.148 0.0 0.0 0.0
p-xrgba2=1.0 1.5 0.0 0.0 0.0
p-xscale=1
p-xscale1=0.0 0.777555525302887
p-xscale2=1.0 1.3339999914169312

[crosshairs]
e-life=-1
e-local-orient=0
e-rate=1
p-bindtoemitter=1.0 1.0
p-frameRate=0
p-life=1.5
p-offset=0.0 100.0 -20.0
p-quadrot=0
p-rgba="color-bellcurve.tga"
p-rotvel=1
p-rotvel1=0.0 0.0
p-rotvel2=1.0 0.0
p-scale=80
p-texdiv=2.0 1.0
p-texture="ArchersMark02.tga"
p-xscale=1
p-xscale1=0.0 1.0
p-xscale2=0.6370000243186951 1.8170000314712524
p-xscale3=1.0 2.2243340015411377

[UNKNOWN_HASHES]
unk00850D8A="ArchersMark02.tga"
unk0288841C=1
unk073E7CA8=1
unk07F6261E=-1
unk140DF869=-1
unk19203D4C=2.0 1.0
unk1E1EEA96="color-archersmark.tga"
unk206CED43=0
unk24E276C5=1.0 1.0
unk256487E8=2
unk25E02537=1
unk2754644D=1
unk314F22F7=0
unk36AB5F4E=45
unk3EE6A5F2=1
unk4508AD89=0.0 1.0
unk4508AD8A=1.0 1.5
unk49F2BEED=1.5
unk4AFE783D=-1
unk52A81B00=1.0 1.0
unk550F6A6A="color-bellcurve.tga"
unk560A9138=-1
unk5A8CDB19="ArchersMark02.tga"
unk5BE463BC=0
unk5C3F5E9B=2.0 1.0
unk5E44E421=1
unk601B8365="color-bellcurve.tga"
unk6118C609=0.0 100.0 -20.0
unk6950FD1C=2
unk776028BA=0.0 0.0
unk776028BB=1.0 0.0
unk8417A69C=1
unk84BD40CE=0.0 0.5180000066757202
unk84BD40CF=1.0 1.0
unk93C6D9BC=45
unk9957C823=1
unk9CEEFE7A=0
unkB012F035=0.0 250.0 0.0
unkB3886579=100
unkC0D07A45="ArchersMark02.tga"
unkC6143F6B=1
unkC9538A48=0
unkCA261320=2.0 1.0
unkD03911CD=1
unkDCA391BF=0
unkDD8FCA88=125
unkE0C74D19=3
unkE2933FB4=100
unkE2C103E8=25
unkF3321184=0.0 20.0 0.0
