[Streaks]
e-life=4
e-linger=0
e-local-orient=1
e-rate=20
e-rate1=0 1
e-rate2=1 0
p-bindtoemitter=0 0
p-drag=1 1 1
p-life=0.30000000000000004
p-lifeP1=0 1
p-lifeP2=0.9 1
p-lifeP3=1 2
p-local-orient=0
p-offset=50 1 30
p-offsetXP1=0 -1
p-offsetXP2=0.20000000298023224 -0.30000001192092896
p-offsetXP3=0.8 0.30000000000000004
p-offsetXP4=1 1
p-offsetYP1=0 50
p-offsetYP2=1 150
p-postoffset=0 50 50
p-quadrot=90 90 0
p-scale=80 30 0
p-scaleXP1=0 1
p-scaleXP2=0.8 1.2000000000000002
p-scaleXP3=1 1.5
p-scaleYP1=0 1
p-scaleYP2=0.5 1.2000000000000002
p-scaleYP3=1 2
p-texture=overdrivelines_iblitz.tga
p-type=1
p-vel=0 0 -200
p-velZP1=0 0.8
p-velZP2=1 1.2000000000000002
p-xrgba=0.5 0.5 1 1
p-xrgba1=0 1 1 1 1
p-xrgba2=1 1 1 1 0
p-xscale1=0 0 1 1
p-xscale2=1 3 1 1

[System]
GroupPart1=Streaks
GroupPart1Importance=High
SimulateEveryFrame=1

