[System]
GroupPart1Type=Complex
GroupPart2=ring
GroupPart2Type=Simple
GroupPart3=flash
GroupPart3Type=Simple
GroupPart4=flashlines
GroupPart4Type=Simple

[flash]
e-life=0.1
e-linger=0.1
e-rate=20
p-bindtoemitter=1 1
p-colorscale=1 0.2
p-colortype=1 0
p-frameRate=0
p-life=0.30000000000000004
p-numframes=1
p-offset=0 0 0
p-quadrot=1
p-quadrotP1=0 0
p-quadrotP2=1 360
p-rgba=color-rampdown.tga
p-scale=200
p-startframe=0
p-texdiv=2 3
p-texture=ryzebasicattack.tga
p-type=0
p-xscale1=0 1
p-xscale2=1 0
rendermode=0

[flashlines]
e-life=0.15000000596046448
e-linger=0.15000000596046448
e-rate=10
p-bindtoemitter=1 1
p-colorscale=1 0.2
p-colortype=1 0
p-frameRate=0
p-life=0.2
p-numframes=1
p-offset=0 0 0
p-quadrot=1
p-quadrotP1=0 0
p-quadrotP2=1 360
p-rgba=color-hotshotpurple.tga
p-scale=50
p-startframe=5
p-texdiv=2 3
p-texture=ryzebasicattack.tga
p-type=0
p-xscale1=0 1
p-xscale2=1 3
rendermode=0

[ring]
e-life=0.30000000000000004
e-linger=0.30000000000000004
e-rate=1
p-bindtoemitter=1 1
p-colorscale=1 1
p-colortype=1 0
p-frameRate=0
p-life=0.6000000000000001
p-numframes=1
p-offset=0 0 0
p-rgba=color-rampdown.tga
p-scale=70
p-startframe=0
p-texdiv=1 1
p-texture=rainbowhalo.tga
p-type=0
p-xscale1=0 1
p-xscale2=1 1.5
rendermode=0
single-particle=1

[UNKNOWN_HASHES]
unk0683053D=1 1
unk120542AC=0 1 0 0
unk120542AD=1 1 1 1
unk19AC168F=0.4
unk2468125C=0 0
unk2468125D=1 360
unk24E621DD=0 0
unk24E621DE=1 360
unk2564315E=0 0
unk2564315F=1 360
unk25C3E8DA=0.30000000000000004
unk26AF0E66=0 0 0
unk29C6F657=10 70 70
unk2A53CBA3=0
unk390A54BE=300
unk39C31C4F=0
unk3BECAD52=255 255 255 255
unk69EB939D=1 1 1
unk8DCD0F68=ball03.tga
unk9340DA21=0.30000000000000004
unk940280E5=1
unk95CD970D=2
unk9D75B826=0 30 -30
unkB08D569A=0
unkBA3D5F58=0 1 0 1 0
unkBA3D5F59=0.5 1 0 1 1
unkBA3D5F5A=0.8 1 1 1 1
unkCAFA48BE=0
