[Flame]
KeywordsExcluded=SteelLegionLux
e-life=5
e-linger=0
e-rate=200
e-rate1=0 1
e-rate2=0.30000000000000004 1
e-rate3=0.7000000000000001 0.6000000000000001
e-rate4=1 0.30000000000000004
e-rotation1=1
e-rotation1-axis=0 1 0
e-rotation1P1=0 0
e-rotation1P2=1 360
field-accel-1=FlameAccel2
field-attract-1=FlameAttract2
p-coloroffset=0 0
p-colorscale=1 1
p-colortype=1 3
p-flexoffset=0.009999999776482582
p-frameRate=0
p-life=2
p-lifeP1=0 0.2
p-lifeP2=0.8999999761581421 0.25
p-lifeP3=1 0.4
p-numframes=12
p-offset=20 50 0
p-offsetYP1=0 0.3
p-offsetYP2=1 1.5
p-quadrot=1
p-quadrotP1=0 0
p-quadrotP2=1 360
p-randomstartframe=1
p-rgba=color-flamesword.tga
p-rotvel=360
p-rotvelP1=0 -1
p-rotvelP2=0.10000000149011612 -0.30000001192092896
p-rotvelP3=0.8999999761581421 -0.30000001192092896
p-rotvelP4=1 1
p-scale=5
p-scaleP1=0 0.5
p-scaleP2=0.9 1.5
p-scaleP3=1 2
p-startframe=0
p-texdiv=4 4
p-texture=flames03.tga
p-type=0
p-vel=50 0 0
p-velYP1=0 1
p-velYP2=1 2
p-xscale=1
p-xscale1=0 0
p-xscale2=0.2 1
p-xscale3=0.8 1
p-xscale4=1 0.1
pass=1
rendermode=0

[FlameAccel2]
f-accel=0 200 0
f-localspace=0

[FlameAttract2]
f-accel=300
f-pos=0 600 0
f-radius=1000

[Glow]
KeywordsExcluded=SteelLegionLux
e-life=1
e-linger=0
e-rate=1
flag-disable-z=1
p-coloroffset=0 0
p-colorscale=1 1
p-colortype=1 0
p-frameRate=0
p-life=2
p-numframes=1
p-offset=0 100 0
p-rgba=color-rampdown.tga
p-scale=150
p-startframe=1
p-texdiv=2 2
p-texture=DivineBlessing02.tga
p-type=0
p-xscale1=0 1
p-xscale2=1 0.5
pass=2
rendermode=0
single-particle=1

[System]
GroupPart1=Flame
GroupPart1Type=Simple
GroupPart2=Glow
GroupPart2Type=Simple
PersistThruDeath=1
SimulateEveryFrame=1

[UNKNOWN_HASHES]
unk057101D8=2000
unk09497E93=1000
unk0CD0BBFD=400
unk1434BF04=0 0 0
unk16BC4CA4=0 200 0
unk16EBCCE7=0.5
unk1E0E56D5=400
unk2FE53305=400
unk3992B599=0
unk4007CC17=0
unk4EC14E13=0 0 0
unk4F910172=0 100 0
unk51C3566E=0 100 0
unk53C6A74A=0 -3000 0
unk646842E1=50
unk7A493CC2=100
unk82BB9835=3
unk8B156384=1
unk90F9BDF5=0 1 0
unk92549262=10000
unk9E2B8451=0 300 0
unkA7D96A9F=7
unkA839AA78=100
unkB381534C=0 1000 0
unkC4690725=0
unkC8F8E976=0 0.75
unkC8F8E977=1 1.5
unkCB680D71=0
unkE9F64129=0 0 0
