[System]
GroupPart5Importance=Low
SimulateEveryFrame=1

[UNKNOWN_HASHES]
unk02CB4B70=0 0 0 0
unk02CB4B71=0.5 1 1 0
unk02CB4B72=1 0 0 0
unk02D6CB48=1
unk0849D3B5=0 0
unk0849D3B6=1 360
unk08CD3E62=30 40 0
unk0BFB7221=0 0
unk0BFB7222=0.5 0.2
unk0BFB7223=1 1
unk15BFEB07=1 0 0
unk1773B568=4 4 4
unk1ABB25A7=flames03.dds
unk1BE3B5E2=1
unk27162B8A=0 1
unk27162B8B=0.5 0.30000000000000004
unk27162B8C=1 0
unk30BFE49B=1 1
unk36B9BC02=0 0 1 0
unk36B9BC03=1 1 1 1
unk36FE211B=10 10 0
unk37C0ED21=1
unk380ECA0D=1
unk3A4A2BA9=10 0 0
unk3BD23368=1
unk420974BD=12
unk46618F95=0 1 0
unk4B8DED3B=4
unk529EEEFE=0 1 0 0
unk529EEEFF=1 3 0 0
unk5406557D=0 -200
unk5406557E=0.20000000298023224 -20
unk5406557F=0.8 20
unk54065580=1 200
unk548464FE=0 0
unk548464FF=1 2
unk5502747F=0 -200
unk55027480=0.20000000298023224 -20
unk55027481=0.8 20
unk55027482=1 200
unk5AB19C61=1 0 0
unk5E36FB13=1
unk5E9A0EA9=0 -10 0
unk5F9F7115=4 4 4
unk6577F9FE=0 0.8
unk6577F9FF=1 1
unk678054A3=0 1
unk678054A4=0.9 2
unk678054A5=1 3
unk685B71F4=1
unk6B8005B7=0 0.30000000000000004
unk6B8005B8=1 1
unk6FCBC487=0 1 0
unk71549059=0 1000 1
unk71DA8B79=4 4
unk71E397BC=1 100 0
unk74288618=0 0 1 1
unk74288619=1 0 1 1000
unk7460D7C9=1 3
unk7A3FCC0C=0 0
unk7A3FCC0D=1 2
unk7DDFDC98=0 0
unk7DDFDC99=1 360
unk7E278B52=0 0.30000000000000004
unk7E278B53=1 1
unk7E93182C=flames03_frost.dds
unk7EA59AD3=0 0
unk7EA59AD4=1 1
unk8740B110=2
unk8B33610C=0 1
unk8B33610D=0.9 5
unk8B33610E=1 8
unk9029FACB=0.1
unk9075454F=0 1
unk90754550=0.5 0.30000000000000004
unk90754551=1 0
unk9358835B=0.1
unk95E32227=30 40 0
unk9C41CD16=0.5
unk9D697588=color-brandblaze.dds
unk9EF358EB=0 0 0 0
unk9EF358EC=0.5 1 1 0
unk9EF358ED=1 0 0 0
unk9FA64CC8=1 1
unkA652BF43=color-brandblaze_frost.dds
unkA69EEF3F=1500
unkAA853FEF=6000 30 0
unkAC576A72=0 -120
unkAC576A73=1 120
unkAF8838FA=1500
unkAFC0A95A=0 1 0
unkB317DB5D=0 0
unkB317DB5E=1 360
unkB5DBD966=1
unkBB2A76C8=0 0
unkBB2A76C9=1 360
unkBBD9FC16=10 10 0
unkBCD871F9=1
unkC17F2E9D=1
unkC8DDD7CE=1 3
unkCBE6847D=0
unkCE66BBBA=disintegratefire.dds
unkCF6C6CBD=0.75
unkD2A48B57=0 0.30000000000000004
unkD2A48B58=1 1
unkD3229AD8=0 0
unkD3229AD9=1 1
unkD7519362=1
unkDA9E4C9B=50 0 0
unkDA9F9C84=2
unkDB843F08=0.1
unkDCF72E87=1
unkE26C6E67=1
unkE311D754=1 0 0
unkE5953135=color-fireballtrail.dds
unkE8FC945C=1 3
unkEC2A035E=0 1
unkEC2A035F=0.9 2
unkEC2A0360=1 3
unkED8C74B8=12
unkEDC751EC=0 0 1 0
unkEDC751ED=1 0 1000 0
unkEECAAAEC=60
unkF0BD213A=0 0
unkF0BD213B=1 360
unkF2C347E5=0 -20
unkF2C347E6=1 20
unkF5DCFDF5=0 0
unkF6D9A9DC=1 0 0
unkFA60D39B=FrostFireBrand
unkFB87E5D6=1 1
unkFEF06F3E=4 4
