[System]
GroupPart1=ribbons1
GroupPart2=ribbons2
SimulateEveryFrame=1

[ribbons1]
e-life=4
e-local-orient=1
e-rate=60
e-rotation1=1
e-rotation1-axis=0 1 0
e-rotation1P1=0 0
e-rotation1P2=1 360
e-tilesize=1200 200 0
p-coloroffset=0 0
p-colorscale=1 1
p-colortype=1 1
p-drag=2 2 2
p-life=1
p-lifeP1=0 0.8
p-lifeP2=1 2
p-linger=2
p-offset=1 0 0
p-offsetXP1=0 -10
p-offsetXP2=1 10
p-postoffset=120 0 0
p-quadrot=6000 30 0
p-quadrot1=0 0 1 0
p-quadrot2=1 1 1 1
p-rgba=color_mono_trail.dds
p-rotvel=1 0 0
p-rotvelXP1=0 -100
p-rotvelXP2=1 100
p-scale=15 10 0
p-texture=purple_turret_trail.dds
p-trailmode=1
p-type=4
p-vel=1 110 0
p-velXP1=0 -100
p-velXP2=0.20000000298023224 -20
p-velXP3=0.8 20
p-velXP4=1 100
p-velYP1=0 0
p-velYP2=1 2
p-velZP1=0 -100
p-velZP2=0.20000000298023224 -20
p-velZP3=0.8 20
p-velZP4=1 100
p-xscale1=0 1 0 0
p-xscale2=0.5 0 0 0
p-xscale3=1 0 0 0
rendermode=0

[ribbons2]
e-life=4
e-local-orient=1
e-rate=20
e-rotation1=1
e-rotation1-axis=0 1 0
e-rotation1P1=0 0
e-rotation1P2=1 360
e-tilesize=200 0 0
p-coloroffset=0 0
p-colorscale=1 1
p-colortype=1 1
p-drag=2 3 2
p-life=1
p-lifeP1=0 0.8
p-lifeP2=1 2
p-linger=2
p-offset=1 0 0
p-offsetXP1=0 -10
p-offsetXP2=1 10
p-postoffset=-120 0 0
p-quadrot=1 30 0
p-quadrot1=0 0 1 0
p-quadrot2=1 1 1 1
p-rgba=color_mono_trail.dds
p-rotvel=1 0 0
p-rotvelXP1=0 -100
p-rotvelXP2=1 100
p-scale=15 10 0
p-texture=purple_turret_trail.dds
p-trailmode=1
p-type=4
p-vel=10 0 0
p-velXP1=0 -100
p-velXP2=0.20000000298023224 -20
p-velXP3=0.8 20
p-velXP4=1 100
p-velYP1=0 0
p-velYP2=1 1
p-velZP1=0 -100
p-velZP2=0.20000000298023224 -20
p-velZP3=0.8 20
p-velZP4=1 100
p-xscale1=0 1 0 0
p-xscale2=0.5 0 0 0
p-xscale3=1 0 0 0
rendermode=4

