[Skin03Tendrils]
KeywordsRequired=MakerViktor
e-life=0.4
e-local-orient=0
e-rate=30
p-bindtoemitter=1 0
p-life=0.4
p-lifeP1=0 1
p-lifeP2=1 2
p-linger=0
p-quadrot=1 0 0
p-quadrotXP1=0 1
p-quadrotXP2=1 360
p-randomstartframe=1
p-rgba=color-hold.tga
p-rotvel=50 0 0
p-rotvelXP1=0 -1
p-rotvelXP2=1 1
p-scale=300 300 0
p-scale1=0 1 1 1
p-scale2=0.30000000000000004 1 1 1
p-scale3=1 0.30000000000000004 0.30000000000000004 0.30000000000000004
p-scaleXP1=0 -1
p-scaleXP2=0.5 -1
p-scaleXP3=0.5000100135803223 1
p-texture=Viktor_skn3_energywisp.dds
p-xrgba=1 1 1 1
p-xrgba1=0 0.5 0.7 1 1
p-xrgba2=0.7 0.2 0.3 0.5 0.3
p-xrgba3=1 0 0.05 0.1 0
p-xscale=1 1 1
p-xscale1=0 0 0 0
p-xscale2=0.30000000000000004 0.7000000000000001 0.7000000000000001 0.7000000000000001
p-xscale3=0.7000000000000001 1 1 1
p-xscale4=1 1.149999976158142 1.149999976158142 1.149999976158142
pass=-100
rendermode=1
uniformscale=1

[Skin03flare]
KeywordsRequired=MakerViktor
e-life=1
e-rate=3
flag-disable-z=1
p-bindtoemitter=1 1
p-life=0.30000000000000004
p-quadrot=1
p-quadrotP1=0 0
p-quadrotP2=1 360
p-rgba=color-rampdown.tga
p-scale=100
p-texture=Viktor_Skin03_Z_PaleblueFlare.dds
p-xscale=1
p-xscale1=0 1
p-xscale2=0.30000000000000004 1.7000000000000002
p-xscale3=0.7000000000000001 2
p-xscale4=1 2.1500000953674316
single-particle=1

[Skin03flash]
KeywordsRequired=MakerViktor
e-life=1
e-rate=1
flag-disable-z=1
p-bindtoemitter=1 1
p-life=0.15000000596046448
p-quadrot=1
p-quadrotP1=0 0
p-quadrotP2=1 360
p-rgba=color-hold.tga
p-scale=110
p-texture=flare-sun_lightblue.dds
p-xscale=1
p-xscale1=0 1
p-xscale2=0.2 1.7000000000000002
p-xscale3=1 0
single-particle=1

[System]
GroupPart1=alphaslice
GroupPart1Type=Simple
GroupPart2=flash
GroupPart2Type=Simple
GroupPart3=Skin03Tendrils
GroupPart4=Skin03flare
GroupPart4Type=Simple
GroupPart5=Skin03flash
GroupPart5Type=Simple
GroupPart6=alphaslice2
SimulateEveryFrame=1
SoundPersistent=Play_sfx_Viktor_ViktorPowerTransfer_hit

[alphaslice]
KeywordsExcluded=MakerViktor
e-disabled=1
e-life=1
e-local-orient=0
e-rate=2
e-rotation1=1
e-rotation1-axis=1 0 0
e-rotation1P1=0 0
e-rotation1P2=1 360
e-rotation2=1
e-rotation2-axis=0 1 0
e-rotation2P1=0 0
e-rotation2P2=1 360
p-alphaslicerange=0.019999999552965164
p-bindtoemitter=1 1
p-coloroffset=0.5 0
p-colorscale=0.5 0
p-life=1
p-lifeP1=0 0.8
p-lifeP2=1 2
p-offset=0 1 0
p-offsetYP1=0 0
p-offsetYP2=1 5 0
p-quadrot=1
p-quadrotP1=0 0
p-quadrotP2=1 360
p-rgba=color-rampdown32.tga
p-scale=100
p-scaleP1=0 1
p-scaleP2=1 1.3
p-texture=alphaslice_bubble.dds
rendermode=1
single-particle=1

[alphaslice2]
e-disabled=1
e-life=1
e-local-orient=0
e-rate=2
p-alphaslicerange=0.029999999329447746
p-bindtoemitter=1 1
p-coloroffset=0.5 0
p-colorscale=0.5 0.1
p-life=2
p-offset=1 0 1
p-offsetXP1=0 -100
p-offsetXP2=1 100
p-offsetYP1=0 -100
p-offsetYP2=1 100
p-offsetZP1=0 -100
p-offsetZP2=1 100
p-quadrot=1 0 0
p-quadrotXP1=0 0
p-quadrotXP2=1 360
p-rgba=color-beacontrail32.tga
p-scale=100 1 1
p-texture=alphaslice.dds
rendermode=4

[flash]
KeywordsExcluded=MakerViktor
e-life=1
e-rate=1
flag-disable-z=1
p-life=0.30000000000000004
p-quadrot=90
p-rgba=color-rampdown.tga
p-scale=100
p-texture=crystal-flash.dds
p-xscale=1
p-xscale1=0 1
p-xscale2=1 4

