[Skin03alphaslice]
KeywordsRequired=MakerViktor
e-life=1
e-local-orient=0
e-rate=3
e-rotation1=1
e-rotation1-axis=1 0 0
e-rotation1P1=0 0
e-rotation1P2=1 360
e-rotation2=1
e-rotation2-axis=0 1 0
e-rotation2P1=0 0
e-rotation2P2=1 360
p-alphaslicerange=0.029999999329447746
p-bindtoemitter=1 1
p-coloroffset=0.5 0
p-colorscale=0.5 0.8
p-colortype=1 0
p-flexscale=0.004999999888241291
p-life=1
p-lifeP1=0 0.5
p-lifeP2=1 1
p-quadrot=1
p-quadrotP1=0 0
p-quadrotP2=1 360
p-rgba=color-redslice32.tga
p-scale=60
p-texture=alphaslice.tga
p-xscale1=0 1
p-xscale2=1 2
rendermode=4
single-particle=1

[System]
GroupPart1=alphaslice
GroupPart1Type=Simple
GroupPart2=Skin03alphaslice
GroupPart2Type=Simple
SimulateEveryFrame=1

[alphaslice]
KeywordsExcluded=MakerViktor
e-life=1
e-local-orient=0
e-rate=3
e-rotation1=1
e-rotation1-axis=1 0 0
e-rotation1P1=0 0
e-rotation1P2=1 360
e-rotation2=1
e-rotation2-axis=0 1 0
e-rotation2P1=0 0
e-rotation2P2=1 360
p-alphaslicerange=0.029999999329447746
p-bindtoemitter=1 1
p-coloroffset=0.5 0
p-colorscale=0.5 0.8
p-colortype=1 0
p-flexscale=0.004000000189989805
p-life=1
p-lifeP1=0 0.5
p-lifeP2=1 1
p-quadrot=1
p-quadrotP1=0 0
p-quadrotP2=1 360
p-rgba=color-blueslice32.tga
p-scale=100
p-texture=alphaslice.tga
p-xscale1=0 1
p-xscale2=1 2
rendermode=4
single-particle=1

[UNKNOWN_HASHES]
unk0AC82C6E=1
unk0B4077A7=1
unk0C277014=1 0
unk117C39EA=0 100 0
unk15EE239D=0 -100
unk15EE239E=1 100
unk166C331E=0 -100
unk166C331F=1 100
unk16EA429F=0 -100
unk16EA42A0=1 100
unk216331E8=0 1
unk216331E9=1 4
unk22EA5F10=0.5 0.1
unk27C000AD=1 1
unk2A03BF61=100
unk2F21F372=alphaslice.tga
unk3D7880E0=0.029999999329447746
unk55E57DAD=0.5 0
unk57212FE8=0 0
unk57212FE9=1 360
unk5D2FC393=100
unk617A6B05=2
unk63103A53=0.30000000000000004
unk6D923D50=1
unk6F280C9E=1
unk7575319C=1 0 1
unk77A32F7D=color-beacontrail32.tga
unk7938FECB=color-rampdown.tga
unk794982D9=90
unk8006695B=0
unk80D8A934=2
unk826E7882=1
unk9D2AFEA4=crystal-flash.tga
unkB7A1F089=1
unkD1B13AC5=4
