[System]
GroupPart1=flash
GroupPart1Importance=High

[flash]
e-life=1
e-rate=2
flag-disable-z=1
p-flexoffset=0.004999999888241291
p-flexscale=0.004999999888241291
p-life=0.1
p-linger=4
p-quadrot=1 0 0
p-quadrotXP1=0 1
p-quadrotXP2=1 360
p-scale=170 170 0
p-scaleXP1=0 0.5
p-scaleXP2=1 1
p-texture=Maokai_Base_BA_Hit_flash.dds
p-vel=0 0 0
p-velZP1=0 0
p-velZP2=1 1
p-xrgba=1 1 1 1
p-xrgba1=0 1 1 1 0
p-xrgba2=0.1 1 1 1 1
p-xrgba3=0.5 0 0.333333 0.498039 1
p-xrgba4=1 0 0 0 0
p-xscale=1 1 1
p-xscale1=0 1.1 1.1 1.1
p-xscale2=1 0.2 0.2 0.2
pass=4
rendermode=1
single-particle=1
uniformscale=1

