[System]
GroupPart1=firey
GroupPart2=glow
GroupPart3=glow_dust
SimulateEveryFrame=1

[firey]
e-life=1.5
e-local-orient=0
e-rate=10
e-rateP1=0 2.5
e-rateP2=1 1
e-uvoffset=1 1
p-bindtoemitter=0.949999988079071 0.75
p-life=1
p-lifeP1=0 0.2
p-lifeP2=0.5 0.5
p-lifeP3=1 1.1
p-linger=1
p-mesh=Karthus_Base_W_Hand_Spheres.sco
p-meshtex=Karthus_base_W_Hand_Firey_Swirls.dds
p-numframes=4
p-orbitvel=-0.10000000149011612 2 0.20000000298023224
p-postoffset=0 10 0
p-quadrot=1 1 1
p-quadrotXP1=0 0
p-quadrotXP2=1 360
p-quadrotYP1=0 0
p-quadrotYP2=1 360
p-randomstartframe=1
p-rotvel=1 1 1
p-rotvelYP1=0 0
p-rotvelYP2=1 -150
p-scale=4 4 4
p-scaleXP1=0 0.2
p-scaleXP2=1 1
p-scaleYP1=0 1
p-scaleYP2=1 0.1
p-scaleZP1=0 0.2
p-scaleZP2=1 1
p-texdiv=6 6
p-type=3
p-uvscroll-rgb=-0.30000001192092896 -0.30000001192092896
p-uvscroll-rgbXP1=0 -1
p-uvscroll-rgbXP2=1 0
p-uvscroll-rgbYP1=0 -0.5
p-uvscroll-rgbYP2=1 0.5
p-vel=0 80 0
p-xrgba=1 1 1 1
p-xrgba1=0 1 0 0 0.5
p-xrgba2=0.2 1 1 1 1
p-xrgba3=1 0 0 0.5 0
p-xscale=1 1 1
p-xscale1=0 0.3 0.1 0.3
p-xscale2=1 0.8500000238418579 1.5 0.8500000238418579
pass=100
rendermode=4

[glow]
e-life=1
e-local-orient=0
e-rate=1
e-rotation1=1
e-rotation1-axis=0 1 0
e-rotation1P1=0 0
e-rotation1P2=1 90
flag-disable-z=1
p-bindtoemitter=1 1
p-colortype=1 3
p-life=3
p-linger=1
p-offset=2 -10 0
p-scale=80 80 80
p-scale1=0 1 1 1
p-scale2=1 15 15 15
p-texture=Karthus_Base_W_Hand_Glow.dds
p-xrgba=1 1 1 0.5
p-xrgba1=0 1 1 1 0.5
p-xrgba2=0.8 1 1 1 1
p-xrgba3=1 1 1 1 0
pass=-100
rendermode=4
single-particle=1

[glow_dust]
e-life=2.5
e-local-orient=0
e-rate=20
e-rotation1=1
e-rotation1-axis=0 1 0
e-rotation1P1=0 0
e-rotation1P2=1 360
e-rotation2=1
e-rotation2-axis=0 0 1
e-rotation2P1=0 0
e-rotation2P2=1 360
flag-disable-z=1
p-bindtoemitter=1 0
p-colortype=1 1
p-drag=4.5 4.5 4.5
p-life=1.1
p-lifeP1=0 1
p-lifeP2=1 0.7000000000000001
p-numframes=1
p-orbitvel=0 -4 0
p-orbitvelYP1=0 -1.6
p-orbitvelYP2=0.5 -1
p-orbitvelYP3=0.5099999904632568 1
p-orbitvelYP4=1 1.6
p-quadrot=1 0 0
p-quadrotXP1=0 0
p-quadrotXP2=1 360
p-randomstartframe=1
p-rgba=color-rampdown.dds
p-rotvel=200 0 0
p-rotvelXP1=0 -1
p-rotvelXP2=1 1
p-scale=45 35 45
p-texture=Karthus_Base_Z_Glow_Cloud.dds
p-vec-velocity-scale=0.003000000026077032
p-vel=-200 0 0
p-velXP1=0 0.1
p-velXP2=1 0.7000000000000001
p-xrgba=1 1 1 0.3
p-xrgba1=0 0 0 0 0
p-xrgba2=0.6 1 1 1 1
p-xrgba3=1 1 1 1 1
p-xscale=1 1 1
p-xscale1=0 0.1 0.1 0.1
p-xscale2=0.4 1.3 1.3 1.5
p-xscale3=1 0.2 0.2 0.2
pass=4
rendermode=4

[UNKNOWN_HASHES]
unk01E0901F=0
unk0B25AA89=0
unk0D228990=1
unk0DA874FF=1 1 1
unk14982F88=0 1
unk14982F89=1 1
unk295A1BE3=1 1 1
unk35F2C19D=2.2 2.2 2.2
unk3B5A9FFB=-1 2
unk3E792D41=100
unk409C9A47=3
unk43338AE9=1 0
unk4723645C=0 0.30000000000000004
unk4723645D=1 1.1
unk47A173DD=0 0.30000000000000004
unk47A173DE=1 1.1
unk481F835E=0 0.30000000000000004
unk481F835F=1 1.1
unk51139BE7=0 -1
unk51139BE8=1 1
unk5F108390=0.6000000000000001
unk78BC72A5=0 1 1 1 0
unk78BC72A6=1 1 1 1 0.25
unk8D3AB650=1 3
unk9A30D213=0 110 0
unk9EA4BAEC=1 1
unkAF3C9E96=0 1
unkAF3C9E97=1 360
unkAFBAAE17=0 1
unkAFBAAE18=1 360
unkAFD6964D=0 -1
unkAFD6964E=1 1
unkB038BD98=0 1
unkB038BD99=1 360
unkB054A5CE=0 -1
unkB054A5CF=1 1
unkB1839AA0=0 10 0
unkC47B19C9=0.3499999940395355
unkD092EC14=2.5
unkD173CAF2=0 1 1 1
unkD173CAF3=1 0.30000000000000004 0.30000000000000004 0.30000000000000004
unkDAA3DE41=color-bellcurve.dds
unkDE3CA589=4
unkE3D957F8=15
unkE6BBB08C=255 255 255 255
unkEF945B8D=Karthus_Base_Q_Swirl.dds
unkF116AFBA=sand_cylinder.sco
