[OuterringBurst]
e-framerate=0
e-life=4.2
e-local-orient=0
e-rate=3
e-rotation1-axis=0 1 0
e-timeoffset=0.2
flag-disable-z=1
p-bindtoemitter=1 1
p-flexoffset=0.003000000026077032
p-flexscale=0.004000000189989805
p-life=0.5
p-linger=1
p-postoffset=0 15 0
p-quadrot=1 1 0
p-quadrotXP1=0 1
p-quadrotXP2=1 360
p-rotvel=30 0 0
p-rotvelXP1=0 1
p-rotvelXP2=0.5 0.5
p-rotvelXP3=0.50001 -0.5
p-rotvelXP4=1 -1
p-scale=200 200 165
p-texture=Azir_Skin01_E_Shield_outerring.dds
p-uvscroll-no-alpha=1
p-uvscroll-rgb1=0 -0.2 0.7
p-uvscroll-rgb2=1 -1 0.5
p-xrgba=1 1 1 0.5
p-xrgba1=0 0.058824 0.278431 1 0
p-xrgba2=0.1 1 1 1 0.764706
p-xrgba3=0.5 1 1 1 1
p-xrgba4=1 1 1 1 0
pass=15
rendermode=1
single-particle=1

[OuterringConstant]
e-framerate=0
e-life=1
e-local-orient=0
e-rate=3
e-rotation1-axis=0 1 0
e-timeoffset=0.30000000000000004
flag-disable-z=1
p-bindtoemitter=1 1
p-flexoffset=0.003000000026077032
p-flexscale=0.004000000189989805
p-life=4.2
p-linger=1
p-postoffset=0 15 0
p-rotvel=-20 0 0
p-scale=200 200 165
p-texture=Azir_Skin01_E_Shield_outerring.dds
p-uvscroll-no-alpha=1
p-uvscroll-rgb1=0 -0.2 0.7
p-uvscroll-rgb2=1 -1 0.5
p-xrgba=1 1 1 0.35
p-xrgba1=0 0.058824 0.278431 1 0
p-xrgba2=0.1 1 1 1 0.764706
p-xrgba3=0.65 1 1 1 1
p-xrgba4=1 1 1 1 0
pass=15
rendermode=1

[OuterringConstant2]
e-framerate=0
e-life=1
e-local-orient=0
e-rate=3
e-rotation1-axis=0 1 0
e-timeoffset=0.30000000000000004
flag-disable-z=1
p-bindtoemitter=1 1
p-flexoffset=0.003000000026077032
p-flexscale=0.004000000189989805
p-life=4.2
p-linger=1
p-postoffset=0 15 0
p-rotvel=40 0 0
p-scale=200 200 165
p-texture=Azir_Skin01_E_Shield_outerring.dds
p-uvscroll-no-alpha=1
p-uvscroll-rgb1=0 -0.2 0.7
p-uvscroll-rgb2=1 -1 0.5
p-xrgba=1 1 1 0.35
p-xrgba1=0 1 0.058824 0.278431 0
p-xrgba2=0.1 1 1 1 0.764706
p-xrgba3=0.65 1 1 1 1
p-xrgba4=1 1 1 1 0
pass=15
rendermode=1

[ShieldFill]
e-framerate=0
e-life=4.2
e-local-orient=0
e-rate=1
e-rotation1-axis=0 1 0
e-timeoffset=0.2
p-bindtoemitter=1 1
p-flexoffset=0.003000000026077032
p-flexscale=0.004000000189989805
p-life=4.2
p-linger=1
p-postoffset=0 15 0
p-quadrot=0 1 0
p-rotvel=25 0 0
p-scale=200 200 165
p-texdiv-mult=3 3
p-texture=Azir_Skin01_E_Shield_base.dds
p-uvscroll-no-alpha=1
p-uvscroll-rgb-mult=0 0.3
p-xrgba=1 1 1 0.5
p-xrgba1=0 0.278431 0.058824 1 0
p-xrgba2=0.1 1 1 1 0.764706
p-xrgba3=0.3 1 1 1 1
p-xrgba4=0.5 1 1 1 1
p-xrgba5=0.7 1 1 1 1
p-xrgba6=1 1 1 1 0
pass=10
rendermode=1
single-particle=1

[System]
GroupPart1=ShieldFill
GroupPart2=OuterringBurst
GroupPart3=OuterringConstant
GroupPart4=OuterringConstant2
GroupPart5=shield_sand
SimulateEveryFrame=1

[shield_sand]
e-life=0.8
e-rate=1
e-timeoffset=0.2
e-uvoffset=0 0
p-backfaceon=1
p-bindtoemitter=1 1
p-flexscale=0.0037499999161809683
p-life=4.2
p-linger=1
p-mesh=Azir_Skin01_E_Sphere_mesh.scb
p-meshtex=Azir_Skin01_E_shield_wipe.dds
p-meshtex-mult=Azir_Skin01_E_Shield_mult.dds
p-quadrot=10 0 15
p-texdiv=1 1
p-texdiv-mult=2 2
p-type=3
p-uvscroll-rgb=0.25 0.25
p-uvscroll-rgb-mult=0.15 0.15
p-xrgba=1 1 1 1
p-xrgba1=0 1 1 1 0
p-xrgba2=0.1 1 1 1 1
p-xrgba3=0.25 1 1 1 1
p-xrgba4=1 1 1 1 0
p-xscale=0.675 0.675 0.675
rendermode=1
single-particle=1

[UNKNOWN_HASHES]
unk013BB8A2=90
unk1012F6B4=1
unk18DC4EF7=1
unk52B7CD7D=1
unk619B540E=90
unk6738DC8B=1
unkB4152925=90
unkEF49899C=90
