[System]
GroupPart1=lines
GroupPart2=flash
SimulateEveryFrame=1

[flash]
e-life=1
e-linger=0
e-rate=1
p-bindtoemitter=1 1
p-flexoffset=0.004999999888241291
p-flexscale=0.004999999888241291
p-life=0.30000000000000004
p-offset=0 20 0
p-quadrot=1
p-quadrotP1=0 0
p-quadrotP2=1 360
p-scale=200 200 0
p-texdiv=1 1
p-texture=Azir_Skin01_Z_Flare01.dds
p-type=0
p-xrgba=1 1 1 1
p-xrgba1=0 1 1 1 1
p-xrgba2=0.5 1 1 1 1
p-xrgba3=1 1 1 1 0
p-xscale1=0 1 1 0
p-xscale2=1 0 0 0
rendermode=0
single-particle=1

[lines]
e-life=0.1
e-rate=10
e-rgba=25 170 255 155
e-rotation1=180
e-rotation1-axis=0 1 0
p-bindtoemitter=1 1
p-coloroffset=0.5 0
p-colorscale=0.5 1
p-drag=1 1 1
p-flexoffset=0.004999999888241291
p-life=0.25
p-lifeP1=0 0.2
p-lifeP2=1 1
p-local-orient=0
p-offset=1 1 0
p-offsetXP1=0 -10
p-offsetXP2=1 10
p-offsetYP1=0 -10
p-offsetYP2=1 10
p-rgba=color-hold.tga
p-scale=10 100 0
p-texture=Azir_Skin01_W_Soldier_SubGlow.dds
p-type=0
p-vec-velocity-scale=0.003000000026077032
p-vecalign=1
p-vel=0 0 800
p-velZP1=0 0.2
p-velZP2=1 1
rendermode=0

