[SpeedLines]
e-life=-1
e-local-orient=1
e-rate=50
p-bindtoemitter=0
p-flexoffset=0.004999999888241291
p-flexscale=0.004999999888241291
p-life=0.45
p-lifeP1=0 1
p-lifeP2=1 0.5
p-local-orient=0
p-offset=1 1 2
p-offsetXP1=0 30
p-offsetXP2=1 -30
p-offsetYP1=0 40
p-offsetYP2=1 -70
p-postoffset=0 110 10
p-quadrot=1 1 0
p-quadrotXP1=0 90
p-scale=5 35 0
p-texture=Azir_Skin01_R_Buff_Linger.tga
p-type=1
p-uvscroll-no-alpha=1
p-uvscroll-rgb=10 1
p-vel=0 0 -200
p-velZP1=0 1
p-velZP2=1 2
p-xquadrot-on=1
p-xrgba=1 1 1 1
p-xrgba1=0 1 1 1 0
p-xrgba2=0.3 1 1 1 1
p-xrgba3=1 1 1 1 0
p-xscale1=0.15 2 0.3 1
p-xscale2=0.35 1 0.6 1
p-xscale3=1 0.1 1 1
pass=20
rendermode=4

[Swirl]
e-life=-1
e-linger=0
e-local-orient=1
e-rate=20
e-uvoffset=1 1
e-uvoffsetXP1=0 -1
e-uvoffsetXP2=1 1
e-uvoffsetYP1=0 -1
e-uvoffsetYP2=1 1
p-backfaceon=1
p-bindtoemitter=1
p-bindtoemitter1=0 1
p-bindtoemitter2=1 1
p-colortype=1 0
p-flexoffset=0.003000000026077032
p-flexscale=0.004999999888241291
p-life=0.35
p-lifeP1=0 0.5
p-lifeP2=1 1
p-linger=0.6
p-mesh=Azir_Skin01_R_Buff_cylinder.sco
p-meshtex=Azir_Skin01_R_Buff_Swirl.tga
p-offset=0 100 0
p-offsetYP1=0 0.5
p-offsetYP2=1 1
p-postoffset=0 70 0
p-quadrot=1 1 1
p-quadrotXP1=0 1
p-quadrotXP2=1 360
p-quadrotYP1=0 1
p-quadrotYP2=1 360
p-quadrotZP1=0 1
p-quadrotZP2=1 360
p-rotvel=360 350 0
p-rotvelXP1=0 -1
p-rotvelXP2=1 1
p-rotvelYP1=0 -1
p-rotvelYP2=1 1
p-scale=1.25 1.25 1.25
p-scaleXP1=0 0.75
p-scaleXP2=1 1
p-scaleYP1=0 0.75
p-scaleYP2=1 1
p-scaleZP1=0 0.75
p-scaleZP2=1 1
p-shadow=0
p-type=3
p-uvscroll-rgb=-0.6 1.1
p-vel=0 0 -200
p-velZP1=0 1
p-velZP2=1 1.25
p-xrgba=1 0.9 1 1
p-xrgba1=0 1 1 1 1
p-xrgba2=0.35 1 1 1 1
p-xrgba3=1 1 1 1 0
p-xscale1=0 1 1 1
p-xscale2=0.35 0.95 0.95 0.95
p-xscale3=1 0.8 0.8 0.8
pass=70
rendermode=0

[System]
GroupPart2=SpeedLines
GroupPart3=Swirl
SimulateEveryFrame=1

