[System]
GroupPart1=ring
GroupPart2=slice
GroupPart3=ground
GroupPart4=slice_skin01
GroupPart5=ground_skin01
PersistThruDeath=1
SimulateEveryFrame=1
SoundOnCreate=Play_sfx_Aatrox_AatroxEConeMissile_hit

[ground]
KeywordsExcluded=Aatroxskin01
e-life=1
e-linger=0
e-rate=5
p-bindtoemitter=0.1 0
p-colorscale=1 1
p-colortype=1 3
p-flexoffset=0.005
p-flexscale=0.004000000189989805
p-life=1.5
p-offset=0 0 0
p-quadrot=90 1 0
p-quadrotYP1=0 0
p-quadrotYP2=1 360
p-rgba=Color_Aatrox_W_impact.tga
p-rotvel=0 1 0
p-rotvelYP1=0 -25
p-rotvelYP2=1 25
p-scale=125 125 125
p-scaleXP1=0 0.75
p-scaleXP2=1 1
p-texdiv=1 1
p-texture=Aatrox_E_Hit_tar_slow.tga
p-type=1
p-vel=0 -50 0
p-xrgba=1 1 1 0.35
p-xscale1=0 0.5 0.5 0.5
p-xscale2=0.7 1 1 1
p-xscale3=1 1.2000000000000002 1.2000000000000002 1.2000000000000002
rendermode=4
uniformscale=1

[ground_skin01]
KeywordsRequired=Aatroxskin01
e-life=1
e-linger=0
e-rate=5
p-bindtoemitter=0.1 0
p-colorscale=1 1
p-colortype=1 3
p-flexoffset=0.005
p-flexscale=0.004000000189989805
p-life=1.5
p-offset=0 10 0
p-quadrot=90 1 0
p-quadrotYP1=0 0
p-quadrotYP2=1 360
p-rgba=Color_Aatrox_W_impact_shock.tga
p-rotvel=0 1 0
p-rotvelYP1=0 -25
p-rotvelYP2=1 25
p-scale=125 125 125
p-scaleXP1=0 0.75
p-scaleXP2=1 1
p-texdiv=1 1
p-texture=Aatrox_skin01_E_Hit_tar_slow.tga
p-type=1
p-vel=0 -50 0
p-xrgba=1 1 1 0.5
p-xscale1=0 0.5 0.5 0.5
p-xscale2=0.7 1 1 1
p-xscale3=1 1.2000000000000002 1.2000000000000002 1.2000000000000002
rendermode=4
uniformscale=1

[ring]
e-life=1
e-linger=0
e-rate=1
flag-disable-z=1
p-bindtoemitter=1 1
p-colorscale=1 1
p-colortype=1 0
p-flexoffset=0.004999999888241291
p-flexscale=0.004999999888241291
p-life=0.2
p-offset=0 0 0
p-quadrot=1 0 0
p-quadrotXP1=0 0
p-quadrotXP2=1 360
p-rgba=Aatrox_Basic_Impact_color_purple.tga
p-scale=100 100 100
p-texdiv=1 1
p-texture=Aatrox_Basic_Impact_ring.tga
p-type=0
p-xscale1=0 1 1 1
p-xscale2=1 0 0 0
rendermode=4
single-particle=1

[slice]
KeywordsExcluded=Aatroxskin01
e-life=0.5
e-linger=0
e-rate=1
flag-disable-z=1
p-bindtoemitter=1 1
p-colorscale=1 1
p-colortype=1 0
p-flexoffset=0.004999999888241291
p-flexscale=0.004999999888241291
p-life=0.3499999940395355
p-offset=0 1 0
p-offsetYP1=0 -15
p-offsetYP2=1 15
p-quadrot=1 0 0
p-quadrotXP1=0 15
p-quadrotXP2=1 -15
p-rgba=Aatrox_Basic_Impact_color.tga
p-scale=190 80 100
p-scaleXP1=0 0.7
p-scaleXP2=1 1
p-scaleYP1=0 0.7
p-scaleYP2=1 1.2000000000000002
p-texdiv=1 1
p-texture=Aatrox_E_impact_slice.tga
p-type=0
p-xscale1=0 0.5 1 0
p-xscale2=0.35 0.75 1 1
p-xscale3=0.65 1 0.1 1
p-xscale4=1 1.25 0 1
rendermode=1
single-particle=1

[slice_skin01]
KeywordsRequired=Aatroxskin01
e-life=0.5
e-linger=0
e-rate=1
flag-disable-z=1
p-bindtoemitter=1 1
p-colorscale=1 1
p-colortype=1 0
p-flexoffset=0.004999999888241291
p-flexscale=0.004999999888241291
p-life=0.3499999940395355
p-offset=0 1 0
p-offsetYP1=0 -15
p-offsetYP2=1 15
p-quadrot=1 0 0
p-quadrotXP1=0 15
p-quadrotXP2=1 -15
p-rgba=Color_Aatrox_W_blood.tga
p-scale=190 80 100
p-scaleXP1=0 0.7
p-scaleXP2=1 1
p-scaleYP1=0 0.7
p-scaleYP2=1 1.2000000000000002
p-texdiv=1 1
p-texture=Aatrox_skin01_E_impact_slice.tga
p-type=0
p-xscale1=0 0.5 1 0
p-xscale2=0.35 0.75 1 1
p-xscale3=0.65 1 0.1 1
p-xscale4=1 1.25 0 1
rendermode=1
single-particle=1

