[Sword_Scroll1]
KeywordsExcluded=SteellegionGaren
e-life=0.1
e-local-orient=1
e-rate=2
e-rotation1=0
flag-disable-z=1
p-bindtoemitter=1
p-life=0.5
p-local-orient=1
p-postoffset=0 130 0
p-quadrot=0 90 90
p-rgba=alpha_12.tga
p-scale=170 70 20
p-texture=Garen_Base_w_Ground_Glow.dds
p-type=0
p-vel=0 0 0
p-velYP1=0 1
p-velYP2=1 1.3
p-xrgba=1 1 1 1
p-xrgba1=0 0 0 0 0
p-xrgba2=0.1 1 1 1 1
p-xrgba3=0.5 1 1 1 1
p-xrgba4=1 1 0 0.2 0
p-xscale=1 1 1
p-xscale1=0 0 0 0
p-xscale2=0.15000000596046448 1 1 1
p-xscale3=0.4 0.8 0.7 0.5
p-xscale4=1 1 1 1
rendermode=4

[System]
GroupPart1=swipe_front
GroupPart2=Sword_Scroll1
SimulateEveryFrame=1

[swipe_front]
e-life=1
e-local-orient=1
e-rate=2
e-rotation1=0
flag-disable-z=1
p-bindtoemitter=1
p-life=0.45
p-local-orient=1
p-postoffset=0 130 0
p-quadrot=0 90 90
p-scale=87 53 1
p-texture=Garen_Base_Z_Sword_Swipe_Front.dds
p-type=1
p-uvscroll-no-alpha=0
p-uvscroll-rgb=1 0
p-vel=0 0 40
p-xrgba=1 1 1 1
p-xrgba1=0 0 0 0 0
p-xrgba2=0.1 1 1 1 1
p-xrgba3=1 0 0 0 0
pass=100
rendermode=4
single-particle=1

[UNKNOWN_HASHES]
unk0AFA4B79=1
unk115CA5FE=0 90 90
unk1CA78B2F=0 1
unk1CA78B30=1 1.3
unk1F78C7C4=1
unk353E21C9=Garen_Base_w_Ground_Glow.dds
unk515AB424=1 1 1
unk64D66CCB=0 190 0
unk6E3DDB6E=0.5
unk7A55ADB9=0.1
unk80F7A22E=0
unk84669FE6=alpha_12.tga
unk89DE7D16=0
unk8D9C199D=46
unkB976550D=0 0 0 0
unkB976550E=0.15000000596046448 1 1 1
unkB976550F=0.4 0.8 0.7 0.5
unkB9765510=1 2 2 2
unkBE856938=170 170 170
unkC34E3C84=1
unkC7FCA4B7=0 0 0 0 0
unkC7FCA4B8=0.1 1 1 1 1
unkC7FCA4B9=0.5 1 1 1 1
unkC7FCA4BA=1 1 0 0.2 0
unkCEF3D9FA=1 1 1 1
unkEA5F5BEC=0
unkF02AD789=0
unkFFC094C5=0 50 0
