[System]
GroupPart1=inner_mesh
GroupPart2=inner_mesh_steel
SimulateEveryFrame=1

[inner_mesh]
KeywordsExcluded=SteellegionGaren
e-life=0.1
e-linger=0
e-local-orient=0
e-rate=140
p-backfaceon=1
p-bindtoemitter=1 0
p-life=0.35
p-linger=0
p-mesh=Garen_Base_E_Spin.sco
p-meshtex=Garen_Base_E_Spin_Edge.dds
p-postoffset=0 40 0
p-quadrot=0 1 0
p-quadrotYP1=0 90
p-quadrotYP2=1 -360
p-rotvel=0 -500 0
p-rotvelYP1=0 0.25
p-rotvelYP2=0 1
p-scale=1.2000000000000002 10.200000000000001 1.2000000000000002
p-type=3
p-uvscroll-no-alpha=1
p-uvscroll-rgb=0 3
p-uvscroll-rgbXP1=0 1
p-uvscroll-rgbXP2=1 0.2
p-uvscroll-rgbYP1=0 0.2
p-uvscroll-rgbYP2=1 0.2
p-vel=0 100 0
p-velYP1=0 0.5
p-velYP2=1 2
p-xrgba1=0 1 1 1 0
p-xrgba2=0.1 1 1 1 1
p-xrgba3=0.5 1 0.8 0.55 0.75
p-xrgba4=0.95 1 0.7 0.1 0.5
p-xrgba5=1 1 0.6 0.1 0
p-xscale1=0 0.15 0.15 0.15
p-xscale2=1 0.85 0.85 0.85
pass=3
rendermode=4

[inner_mesh_steel]
KeywordsRequired=SteellegionGaren
e-life=0.1
e-linger=0
e-local-orient=0
e-rate=140
p-backfaceon=1
p-bindtoemitter=1 0
p-life=0.35
p-linger=0
p-mesh=Garen_Base_E_Spin.sco
p-meshtex=Garen_Skin06_E_Spin_Edge.dds
p-postoffset=0 40 0
p-quadrot=0 1 0
p-quadrotYP1=0 90
p-quadrotYP2=1 -360
p-rotvel=0 -500 0
p-rotvelYP1=0 0.25
p-rotvelYP2=0 1
p-scale=1.2000000000000002 10.200000000000001 1.2000000000000002
p-type=3
p-uvscroll-no-alpha=1
p-uvscroll-rgb=0 3
p-uvscroll-rgbXP1=0 1
p-uvscroll-rgbXP2=1 0.2
p-uvscroll-rgbYP1=0 0.2
p-uvscroll-rgbYP2=1 0.2
p-vel=0 100 0
p-velYP1=0 0.5
p-velYP2=1 2
p-xrgba1=0 1 1 1 0
p-xrgba2=0.1 1 1 1 1
p-xrgba3=0.5 1 0.8 0.55 0.75
p-xrgba4=0.95 1 0.7 0.1 0.5
p-xrgba5=1 1 0.6 0.1 0
p-xscale1=0 0.15 0.15 0.15
p-xscale2=1 0.85 0.85 0.85
pass=3
rendermode=4

