[System]
GroupPart1=purp_flare
GroupPart1Importance=High
GroupPart1Type=Simple
GroupPart2Importance=High
GroupPart2Type=Simple
GroupPart3Importance=High
GroupPart3Type=Simple
GroupPart4Importance=High
GroupPart4Type=Simple
group-vis=5000

[purp_flare]
e-life=0.25
e-linger=0
e-local-orient=1
e-rate=1
p-bindtoemitter=1 1
p-coloroffset=0 0.5
p-colorscale=1 0.5
p-colortype=1 3
p-life=0.3499999940395355
p-linger=0
p-numframes=1
p-quadrot=0
p-quadrotP1=0 0
p-quadrotP2=1 0
p-rgba=color-Darkmissile.tga
p-scale=300
p-scaleP1=0 0.75
p-scaleP2=1 1.2000000000000002
p-startframe=4
p-texdiv=2 3
p-texture=Disintegrate06.tga
p-vel=0 0 0
p-xscale=1
p-xscaleP1=0 0.3
p-xscaleP2=1 1
rendermode=0

[UNKNOWN_HASHES]
unk00954C72=0 0 0
unk01E160B9=0 0
unk01E160BA=1 0
unk0411E554=0 0 0
unk0D8557C5=cast_star_01.tga
unk0E12D174=0 0.75
unk0E12D175=1 1.2000000000000002
unk1C7240F8=0
unk1CC11EC7=0 0 0
unk1CD844F4=0.35
unk200B6132=60
unk27813C7F=1 1
unk287AA54A=1
unk28F0173F=0.25
unk2D7B8E71=0 0 0
unk33C99B42=0
unk3C368323=1
unk4053BCC3=cast_star_01.tga
unk43C38CC8=1
unk46963046=0 0 0
unk494CBAAA=1
unk4A48E845=0
unk4C0B8B7A=0
unk4EB6216B=0 0.3
unk4EB6216C=1 1
unk52BB2315=0 0 0
unk5A61D070=0 0 0
unk5ABCE63B=0
unk5BD1B42A=0 0.3
unk5BD1B42B=1 1
unk62FBA872=0.35
unk68ED46E9=0 0.3
unk68ED46EA=1 1
unk6F137ABD=0.25
unk706B41C5=0 0 0
unk76B8B880=1 1
unk8259E6A1=1
unk830B0E79=0
unk836FBDE6=1 3
unk98F22606=0
unk9AB4C93B=0
unk9AF19ABB=0 0
unk9AF19ABC=1 0
unkA16460D6=0 0 0
unkA649BE81=0
unkA6EC8A44=Disintegrate06.tga
unkABFA3F28=1
unkB61F1909=1
unkBD8B1361=2 3
unkBFE9F6B3=0.35
unkC1497803=0
unkC63EDD34=60
unkCB8785BE=1 0.5
unkCC01C8FE=0.25
unkCD3D097A=0
unkCE697DBA=0 0
unkCE697DBB=1 0
unkD612BB2B=color-Darkmissile.tga
unkD642C5B4=0
unkD849C07E=1 1
unkDF4834E2=1
unkE35E5873=0
unkE83CC2FC=0
unkE9A3DBFA=0
unkF079EB32=0
unkF3251F33=100
unkF471B2E2=4
unkFAA37CE9=1
unkFB40027F=0 0.5
unkFB9FAA84=0
unkFC9B5AD5=1
unkFD2EDB93=0 0 0
unkFD624DB9=0
