[System]
GroupPart4=blossom_heal
GroupPart4Importance=High
GroupPart4Type=Simple
SimulateEveryFrame=1

[blossom_heal]
e-life=0.2
e-linger=-1
e-local-orient=0
e-rate=160
e-rotation1=1
e-rotation1P1=0 0
e-rotation1P2=1 360
field-accel-1=up
field-drag-1=slow
field-orbit-1=orbit1
p-bindtoemitter=1 1
p-life=0.65
p-lifeP1=0 0.8
p-lifeP2=1 1.5
p-linger=-1
p-offset=300 120 0
p-offsetXP1=0 0
p-offsetXP2=1 0.25
p-offsetYP1=0 0
p-offsetYP2=1 1
p-postoffset=0 -100 0
p-quadrot=1
p-quadrotP1=0 0
p-quadrotP2=1 360
p-scale=17.5
p-scaleP1=0 0.30000000000000004
p-scaleP2=1 1
p-shadow=0
p-texture=blossom_09.tga
p-vel=0 430 500
p-velYP1=0 0.5
p-velYP2=1 1
p-velZP1=0 0.5
p-velZP2=1 1
p-xscale1=0 0
p-xscale2=0.30000000000000004 2
p-xscale3=0.8 0.8
p-xscale4=1 0
rendermode=1

[orbit1]
f-direction=0 1 0
f-localspace=0

[slow]
f-drag=1.5
f-pos=0 0 0
f-radius=10000

[up]
f-accel=0 100 0
f-localspace=0

[UNKNOWN_HASHES]
unk0A5EA5B6=0 0 0
unk0BAB1B77=0.32499998807907104
unk0C743937=1
unk0D176D8E=0 -40
unk0D176D8F=1 40
unk0FBBF385=0 0
unk0FBBF386=1 360
unk0FEF11B6=0.30000000000000004
unk14383A2C=0 0
unk14383A2D=1 1
unk17C2EDC2=0.2
unk1C06E401=0.2
unk1D1EDCC1=0 -1820 0
unk20BAE540=0.65
unk21847A32=slow
unk22EAA802=0 0.9
unk22EAA803=0 1.1
unk2617D62E=alpha_03.tga
unk2B0959A6=120
unk2CD2B78B=0.2
unk2E402181=flare-Rainbow_purp_02.tga
unk2F4D4FE5=200
unk32D6FC5F=heavenly_blade_11.tga
unk347E8092=up
unk34EAB1C8=0
unk3698CC01=0 0.5
unk3698CC02=1 1
unk36AD54FD=-1
unk3716DB82=0 0.5
unk3716DB83=1 1
unk3846B168=plane.sco
unk3F1F8FCD=50 0 0
unk3F955CA7=0 0.30000000000000004
unk3F955CA8=1 1
unk4019236F=110
unk478C6101=0 0.8
unk478C6102=1 1.5
unk480B2483=0 0 1050
unk5253DF0D=0 0 90
unk5857C397=0 -150 0
unk5A6B9A82=0 0 1100
unk5C616639=0 1
unk5C61663A=1 1.75
unk5CA748BB=0 0
unk5CA748BC=0.30000000000000004 2
unk5CA748BD=0.8 0.8
unk5CA748BE=1 0
unk6C9CBCB5=0 0 0
unk6CD6EBB8=0 1
unk6CD6EBB9=1 1.2000000000000002
unk71CDA380=0 -1820 0
unk7490A84D=1
unk765FCE79=0 350 500
unk7E4DB5CD=1
unk87CC9BF5=3
unk88B26B71=0 0 0 0 255
unk88B26B72=0.1226667 255 255 255 255
unk88B26B73=0.2370705 211 255 212 255
unk88B26B74=0.3477372 166 255 154 255
unk88B26B75=0.7173334 0 255 0 255
unk88B26B76=1 0 0 0 255
unk8A5CC1AB=0 0
unk8A5CC1AC=1 1
unk8C109234=0
unk937479C4=1
unk956668B1=0 0.7000000000000001
unk956668B2=1 0.3499999940395355
unk9BDE1FCF=1 1 1
unk9DB19A00=1
unkA022160E=1 1 1
unkA9409322=0 0
unkA9409323=1 0.25
unkA9BEA2A3=0 0
unkA9BEA2A4=1 1
unkAAC1AD96=0
unkB03CB58F=0 -40
unkB03CB590=1 40
unkB1102CF8=0 0.5
unkB1102CF9=1 2
unkB1909E54=orbit1
unkB48D99AC=1
unkB51CD3E6=15
unkB5B58784=0
unkB9944B00=0 1 0
unkBAF16052=-1
unkBC712B6F=5 5 5
unkBCB40387=-1
unkBF69C4F0=50
unkC185B277=0 1
unkC185B278=1 1.2000000000000002
unkC5263E57=300 100 0
unkC82D9076=0
unkD7BCC241=0 1 0
unkD7EFB090=0 0 0 0 255
unkD7EFB091=0.1226667 255 255 255 255
unkD7EFB092=0.2370705 211 255 212 255
unkD7EFB093=0.3477372 166 255 154 255
unkD7EFB094=0.7173334 0 255 0 255
unkD7EFB095=1 0 0 0 255
unkD86F1577=blossom_09.tga
unkDEA3FF41=0 0.9
unkDEA3FF42=0 1.1
unkE03BEB09=0
unkE1FE8E3E=-1
unkEA70C90E=50 0 0
unkEA739F6D=0 0
unkEA739F6E=1 360
unkEC7B6E0C=1
unkECD0374E=0 0 110
unkF010CB32=1 1
unkFE6C20CE=1
