[System]
GroupPart1=fan_blade
GroupPart2=blossom
GroupPart2Importance=High
GroupPart2Type=Simple
GroupPart3=magic
GroupPart3Type=Simple
SimulateEveryFrame=1

[blossom]
e-life=0.2
e-linger=-1
e-local-orient=0
e-rate=110
e-rotation1=1
e-rotation1P1=0 0
e-rotation1P2=1 360
field-accel-1=up
field-drag-1=slow
field-orbit-1=orbit1
p-bindtoemitter=1 1
p-life=0.65
p-lifeP1=0 0.8
p-lifeP2=1 1.5
p-linger=-1
p-offset=300 100 0
p-offsetXP1=0 0
p-offsetXP2=1 0.25
p-offsetYP1=0 0
p-offsetYP2=1 1
p-postoffset=0 -150 0
p-quadrot=1
p-quadrotP1=0 0
p-quadrotP2=1 360
p-scale=15
p-scaleP1=0 0.30000000000000004
p-scaleP2=1 1
p-shadow=0
p-texture=blossom_03.tga
p-vel=0 350 500
p-velYP1=0 0.5
p-velYP2=1 1
p-velZP1=0 0.5
p-velZP2=1 1
p-xscale1=0 0
p-xscale2=0.30000000000000004 2
p-xscale3=0.8 0.8
p-xscale4=1 0
rendermode=1

[fan_blade]
e-life=0.2
e-linger=0
e-local-orient=1
e-rate=120
e-rotation1=1
e-rotation1-axis=0 1 0
e-rotation1P1=0 -40
e-rotation1P2=1 40
p-drag=1 1 1
p-life=0.32499998807907104
p-lifeP1=0 1
p-lifeP2=1 1.2000000000000002
p-linger=-1
p-mesh=plane.sco
p-meshtex=heavenly_blade_17.tga
p-offset=50 0 0
p-offsetXP1=0 0
p-offsetXP2=1 1
p-postoffset=0 0 110
p-quadrot=0 0 0
p-rotvel=0 -1820 0
p-rotvelP1=0 0.9
p-rotvelP2=0 1.1
p-scale=5 5 5
p-type=3
p-vel=0 0 1100
p-velZP1=0 1
p-velZP2=1 1.75
rendermode=1

[magic]
e-life=0.2
e-linger=0
e-local-orient=1
e-rate=200
e-rotation1=1
e-rotation1-axis=0 1 0
e-rotation1P1=0 -40
e-rotation1P2=1 40
p-drag=1 1 1
p-life=0.30000000000000004
p-lifeP1=0 1
p-lifeP2=1 1.2000000000000002
p-linger=-1
p-offset=50 0 0
p-offsetXP1=0 0
p-offsetXP2=1 1
p-postoffset=0 0 90
p-quadrot=0 0 0
p-rgba=alpha_03.tga
p-rotvel=0 -1820 0
p-rotvelP1=0 0.9
p-rotvelP2=0 1.1
p-scale=50
p-scaleP1=0 0.7000000000000001
p-scaleP2=1 0.3499999940395355
p-texture=flare-Rainbow_purp_02.tga
p-type=0
p-vel=0 0 1050
p-velZP1=0 0.5
p-velZP2=1 2
rendermode=0

[orbit1]
f-direction=0 1 0
f-localspace=0

[slow]
f-drag=1.5
f-pos=0 0 0
f-radius=10000

[up]
f-accel=0 100 0
f-localspace=0

[UNKNOWN_HASHES]
unk02FC4051=slow
unk04C85F48=0 0.30000000000000004
unk04C85F49=1 1
unk04F2CCA3=0
unk0A2EA571=-1
unk0BF148A6=-1
unk14638376=300 100 0
unk150E121A=0 350 500
unk21DA4B5C=0 0
unk21DA4B5D=0.30000000000000004 2
unk21DA4B5E=0.8 0.8
unk21DA4B5F=1 0
unk27E03F9F=1
unk2A215707=15
unk39CF89B6=0 -150 0
unk3A8E3BE5=1
unk505A5543=0 0
unk505A5544=1 0.25
unk50D864C4=0 0
unk50D864C5=1 1
unk5254B526=0 0
unk5254B527=1 360
unk713E89DF=0.65
unk77174233=up
unk79C09C4D=1
unk7D565C2A=0.2
unk85D61120=0 0.5
unk85D61121=1 1
unk865420A1=0 0.5
unk865420A2=1 1
unk88B26B71=0 0 0 0 255
unk88B26B72=0.1226667 255 255 255 255
unk88B26B73=0.2370705 211 255 212 255
unk88B26B74=0.3477372 166 255 154 255
unk88B26B75=0.7173334 0 255 0 255
unk88B26B76=1 0 0 0 255
unk909CC80E=110
unk918D618E=0 0
unk918D618F=1 360
unk96C9A620=0 0.8
unk96C9A621=1 1.5
unk9DA21818=blossom_09.tga
unkBFA0CC53=1 1
unkCFFA5435=0
unkD7EFB090=0 0 0 0 255
unkD7EFB091=0.1226667 255 255 255 255
unkD7EFB092=0.2370705 211 255 212 255
unkD7EFB093=0.3477372 166 255 154 255
unkD7EFB094=0.7173334 0 255 0 255
unkD7EFB095=1 0 0 0 255
unkF4295FF5=orbit1
