[System]
GroupPart1=glow
GroupPart1Importance=High
GroupPart1Type=Simple
SimulateEveryFrame=1

[glow]
e-life=-1
e-local-orient=1
e-rate=1
flag-disable-z=0
p-bindtoemitter=1 1
p-flexoffset=0.004999999888241291
p-life=1
p-linger=0
p-offset=0 0 0
p-quadrot=1 0 0
p-quadrotXP1=0 1
p-quadrotXP2=1 360
p-rgba=color-karma_idle.tga
p-rotvel=0 400 0
p-scale=20 20 0
p-texture=glow-soft.tga
p-type=1

[UNKNOWN_HASHES]
unk04F505A3=0 -1
unk04F505A4=1 1
unk05731524=0 -1
unk05731525=1 1
unk05F124A5=0 0.3
unk05F124A6=1 1
unk0909FF1A=0
unk094A1514=Nidalee_Glowspecks.tga
unk0AC82C6E=1
unk0C1A4076=0 0.4
unk0C1A4077=1 1.5
unk117C39EA=0 0 0
unk12A35530=1
unk1666AA24=0 0.5
unk1666AA25=0.9 1.5
unk1666AA26=1 3
unk187D1239=1
unk18EF1203=10 20 10
unk1D06CFEB=0.1
unk2119AAD8=1
unk216331E8=0 0 0 0
unk216331E9=0.2 1 1 1
unk216331EA=1 0 0 0
unk2299543B=3 3 3
unk22E2E793=1
unk2D6ABB85=0 0 0
unk328BC751=90 90 0
unk38638797=1 0 0
unk38FB16EE=0.5 0.5
unk3A161CA9=1
unk4049FC60=1
unk41F1456B=1
unk442A4D9D=0 400 0
unk46FE39E2=0 1
unk46FE39E3=1 360
unk50486705=0.004999999888241291
unk55D18F4F=1
unk5C450362=glowflare.tga
unk5D2FC393=250 250 0
unk63103A53=0.15
unk6794C09D=0 0 0
unk6F280C9E=1
unk6FAAA6A1=moteNoise
unk7938FECB=color-hold.tga
unk794982D9=-90 0 0
unk826E7882=1
unk892A03E5=20
unk89808B16=10 10 10
unk89CBA975=0
unk8D824858=0 0 0 0
unk8D824859=0.2 1 1 1
unk8D82485A=1 0.5 0.5 0.5
unk8E6CEADC=0
unk92664FE3=1.25
unk9400877A=0 0 0
unk96DF25AC=0 0 0
unk9D2AFEA4=flare-sun_15.tga
unk9E7E222E=-1
unkA33381A3=4
unkA4EB20DF=1 1
unkA6C16715=0.3
unkA88F145B=color-flicker_teal.tga
unkAE54AD7C=1000
unkB0C82EAC=0 1 1 1 1
unkB0C82EAD=0.6 0 0.8 0.5 1
unkB0C82EAE=0.8 0 0.4 0 0
unkB1C48E12=1
unkB2D93960=1
unkBC9C289D=1 1
unkBCEA2B8D=color-poison_fade.tga
unkBD9A09BA=0 0 0
unkC61FA544=2
unkC98D395F=0 400 0
unkDDBF0991=1
unkDF31BAD1=1
unkE07D36A6=0 0 0 0
unkE07D36A7=0.3 0.7 0.7 0.7
unkE07D36A8=1 1 1 1
unkE214E0B6=1 3
unkE5689949=0 0 0
unkF570114F=1
unkF8907D43=0.004999999888241291
