[Groundflare]
e-disabled=1
e-life=1
e-local-orient=0
e-rate=2
p-life=0.30000000000000004
p-linger=0
p-offset=0 10 0
p-quadrot=90 0 0
p-quadrotYP1=0 0
p-quadrotYP2=1 360
p-rgba=color-rampdown.tga
p-scale=250 250 0
p-texture=karma_blastwave.tga
p-type=1
p-xrgba=0 1 0.6 1
p-xscale=1 1 1
p-xscale1=0 0 0 0
p-xscale2=0.5 0.7000000000000001 0.7000000000000001 0.7000000000000001
p-xscale3=1 1 1 1
single-particle=1

[Groundglow]
e-life=0.8
e-local-orient=0
e-rate=5
p-bindtoemitter=1 0
p-life=1
p-lifeP1=0 0.8
p-lifeP2=1 1
p-linger=1
p-offset=0 10 0
p-quadrot=90 1 0
p-quadrotYP1=0 1
p-quadrotYP2=1 360
p-rgba=color-bellcurve.tga
p-scale=200 200 0
p-texture=karma_blastwave.tga
p-type=1
p-xrgba=1 1 1 1
p-xrgba1=0 1 1 1 1
p-xrgba2=0.2 0.572549 0.756863 1 1
p-xrgba3=0.7 0 0.003922 0.298039 1
p-xrgba4=1 0 0 0 0
p-xscale=1 1 1
p-xscale1=0 0.3 0.3 0.3
p-xscale2=0.5 0.7000000000000001 0.7000000000000001 0.7000000000000001
p-xscale3=1 1 1 1

[Helix]
e-life=0.2
e-rate=2
p-backfaceon=1
p-bindtoemitter=1 0
p-colortype=1 1
p-flexoffset=0.004999999888241291
p-flexscale=0.004999999888241291
p-life=1.75
p-mesh=tapered_helix_02.sco
p-meshtex=Karma_Skin05_Q_bolt_03.dds
p-numframes=4
p-offset=0 100 0
p-quadrot=0 0 90
p-quadrotXP1=0 0.9
p-quadrotXP2=1 1.1
p-quadrotYP1=0 1
p-quadrotYP2=1 360
p-randomstartframe=1
p-rgba=color-hold.tga
p-rotvel=0 -600 0
p-scale=-15 25 25
p-scaleXP1=0 1.2
p-scaleXP2=1 1.6
p-texdiv=2 2
p-type=3
p-xrgba=1 0.784314 0 1
p-xrgba1=0 1 0.85098 0.090196 1
p-xrgba2=0.1 0.968627 0.729412 0.12549 1
p-xrgba3=1 0 0.7 0.3 0
p-xscale=1 1 1
p-xscale1=0 1 1 1
p-xscale2=0.2 0.5 0.7000000000000001 0.7000000000000001
p-xscale3=1 0.2 0.6000000000000001 0.6000000000000001
pass=1
single-particle=1

[Lines]
e-disabled=1
e-life=0.2
e-local-orient=0
e-rate=20
e-rotation1=1
e-rotation1P1=0 0
e-rotation1P2=1 360
p-bindtoemitter=1 0
p-colortype=1 3
p-drag=1 1 1
p-flexoffset=0.004999999888241291
p-life=0.7000000000000001
p-lifeP1=0 0.5
p-lifeP2=1 1
p-offset=45 140 0
p-rgba=color-rampdown.tga
p-scale=12 120 10
p-scaleXP1=0 0.5
p-scaleXP2=1 1
p-texture=Nidalee_Glowspecks.dds
p-type=1
p-vel=0 -800 0
p-velXP1=0 0.3
p-velXP2=1 1
p-xrgba=1 1 1 1
p-xrgba1=0 1 1 1 1
p-xrgba2=0.6 0 0.8 0.5 1
p-xrgba3=0.8 0 0.4 0 0
p-xscale=1 1 1
p-xscale1=0 1 1 0
p-xscale2=0.2 1 1 1
p-xscale3=1 0.5 0.5 0.5
rendermode=4
single-particle=1

[RootRing1]
e-disabled=1
e-life=1
e-local-orient=0
e-rate=3
p-flexoffset=0.004999999888241291
p-flexscale=0.004999999888241291
p-life=1.2000000000000002
p-linger=1
p-offset=0 100 0
p-quadrot=-90 0 0
p-rgba=color-hold.tga
p-scale=100 100 0
p-texture=shockwave_simple_01.dds
p-type=1
p-xrgba=1 1 1 1
p-xrgba1=0 1 1 1 1
p-xrgba2=0.2 1 1 1 1
p-xrgba3=0.6 0 1 0.6 1
p-xrgba4=1 0 0 0 0
p-xscale=1 1 1
p-xscale1=0 1 1 1
p-xscale2=0.2 0.8 0.8 0.8
p-xscale3=0.4 0.7000000000000001 0.7000000000000001 0.7000000000000001
single-particle=1

[RootRing2]
e-life=1
e-local-orient=0
e-rate=3
p-flexoffset=0.004999999888241291
p-flexscale=0.004999999888241291
p-life=1.2000000000000002
p-linger=1
p-offset=0 10 0
p-quadrot=-90 0 0
p-rgba=color-hold.tga
p-scale=110 110 0
p-texture=shockwave_simple_01.dds
p-type=1
p-xrgba=1 0.5098040103912354 0.992156982421875 1
p-xrgba1=0 1 1 1 1
p-xrgba2=0.2 1 1 1 1
p-xrgba3=0.6 0.984314 0.435294 1 0.643107
p-xrgba4=1 0 0 0 0
p-xscale=1 1 1
p-xscale1=0 1 1 1
p-xscale2=0.2 0.8 0.8 0.8
p-xscale3=0.4 0.7000000000000001 0.7000000000000001 0.7000000000000001
single-particle=1

[System]
GroupPart1=flash
GroupPart1Type=Simple
GroupPart2=Groundglow
GroupPart3=RootRing2
GroupPart4=Helix
GroupPart5=Groundflare
GroupPart6=Lines
GroupPart7=RootRing1
SimulateEveryFrame=1
group-scale-cap=-1

[flash]
e-life=1
e-rate=1
flag-disable-z=1
p-bindtoemitter=1 0
p-life=0.15000000596046448
p-linger=0
p-offset=0 5 0
p-rgba=color-hold.tga
p-scale=470
p-texture=Karma_Skin05_Q_flash_01.dds
p-xscale=1
p-xscale1=0 0 0 0
p-xscale2=0.2 1 1 1
p-xscale3=1 0 0 0
single-particle=1

[UNKNOWN_HASHES]
unk059A98C6=0 0 0
