[Groundglow]
e-life=0.8
e-local-orient=0
e-rate=5
flag-disable-z=0
p-bindtoemitter=1
p-life=1
p-lifeP1=0 0.8
p-lifeP2=1 1
p-linger=1
p-offset=0 10 0
p-quadrot=90 1 0
p-quadrotYP1=0 1
p-quadrotYP2=1 360
p-rgba=color-bellcurve.tga
p-rotvel=0 0 0
p-scale=200 200 0
p-texture=karma_blastwave.tga
p-type=1
p-xrgba1=0 1 1 1 1
p-xrgba2=0.2 0 1 0.8 1
p-xrgba3=0.7 0.2 0 0.3 1
p-xrgba4=1 0 0 0 0
p-xscale1=0 0.3 0.3 0.3
p-xscale2=0.5 0.7 0.7 0.7
p-xscale3=1 1 1 1

[Helix]
e-life=0.2
e-linger=0
e-local-orient=1
e-rate=2
p-backfaceon=1
p-bindtoemitter=1
p-colortype=1 1
p-flexoffset=0.005
p-flexscale=0.005
p-life=1.25
p-local-orient=0
p-mesh=tapered_helix_02.sco
p-meshtex=beamshapes_teal.tga
p-numframes=4
p-offset=0 100 0
p-quadrot=0 0 90
p-quadrotXP1=0 0.9
p-quadrotXP2=1 1.1
p-quadrotYP1=0 1
p-quadrotYP2=1 360
p-randomstartframe=1
p-rgba=color-hold.tga
p-rotvel=0 -600 0
p-scale=-15 25 25
p-scaleXP1=0 1.2000000000000002
p-scaleXP2=1 1.6
p-texdiv=2 2
p-type=3
p-uvscroll-rgb=0 0
p-vel=0 0 0
p-xrgba=0.4 1 0.8 1
p-xrgba1=0 0 0 0 0
p-xrgba2=0.1 1 1 1 1
p-xrgba3=1 0 0.7 0.3 0
p-xscale1=0 1 1 1
p-xscale2=0.2 0.5 0.7 0.7
p-xscale3=1 0.2 0.6 0.6
pass=1
rendermode=0
single-particle=1

[RootRing2]
e-life=1
e-local-orient=0
e-rate=3
p-bindtoemitter=0
p-flexoffset=0.004999999888241291
p-flexscale=0.005
p-life=1.2000000000000002
p-linger=1
p-offset=0 10 0
p-quadrot=-90 0 0
p-rgba=color-hold.tga
p-rotvel=0 0 0
p-scale=110 110 0
p-texture=shockwave_simple_01.tga
p-type=1
p-xrgba1=0 1 1 1 1
p-xrgba2=0.2 1 1 1 1
p-xrgba3=0.6 0 1 0.6 1
p-xrgba4=1 0 0 0 0
p-xscale1=0 1 1 1
p-xscale2=0.2 0.8 0.8 0.8
p-xscale3=0.4 0.7 0.7 0.7
single-particle=1

[System]
GroupPart1=flash
GroupPart1Type=Simple
GroupPart2=Groundglow
GroupPart3=RootRing2
GroupPart4=Helix
SimulateEveryFrame=1
group-scale-cap=-1

[flash]
e-life=1
e-local-orient=1
e-rate=1
flag-disable-z=1
p-bindtoemitter=1
p-life=0.15
p-linger=0
p-offset=0 5 0
p-quadrot=0 0 0
p-rgba=color-hold.tga
p-rotvel=0 0 0
p-scale=350 350 0
p-texture=flare-sun_15.tga
p-type=0
p-xscale1=0 0 0 0
p-xscale2=0.2 1 1 1
p-xscale3=1 0 0 0
single-particle=1

[UNKNOWN_HASHES]
unk01C530EF=0.2
unk035272CE=1
unk059A98C6=0 0 0
unk07AA45BB=45 140 0
unk0831CA13=shockwave_simple_01.tga
unk0844BC15=0 -800 0
unk0BD6231C=color-rampdown.tga
unk0EAED5CE=0
unk1419F308=1
unk150B9CD3=20
unk1879D9A1=0
unk1A6F6B48=0 0 0
unk2471ECED=0 1 1 1 1
unk2471ECEE=0.6 0 0.8 0.5 1
unk2471ECEF=0.8 0 0.4 0 0
unk25815B0A=250 250 0
unk27B593E6=0 0 0
unk350E551C=0.3
unk35EFCBCC=0 1 0.6 1
unk3C265B80=1
unk3E50E713=Nidalee_Glowspecks.tga
unk3FC49DDE=0 0 0
unk41262767=1
unk4782BE80=1
unk4B371994=color-rampdown.tga
unk4D023BA4=1.2000000000000002
unk504F3D60=1
unk5236A921=0 0
unk5236A922=1 360
unk546C934B=2
unk591A0DEF=1
unk5C54A335=1 3
unk632B001C=color-hold.tga
unk66F27DDF=0 0 0 0
unk66F27DE0=0.5 0.7 0.7 0.7
unk66F27DE1=1 1 1 1
unk68B0BCEA=0 0
unk68B0BCEB=1 360
unk6C6079D3=3
unk71CEDF22=1
unk789EC3E4=0 0.3
unk789EC3E5=1 1
unk81E02F64=4
unk85E062FC=1 1 1
unk8A106865=0 0.5
unk8A106866=1 1
unk8C69FD57=0 1 1 1
unk8C69FD58=0.2 0.8 0.8 0.8
unk8C69FD59=0.4 0.7 0.7 0.7
unk95C9E6FB=0 0 0
unk962CB382=12 120 10
unk9B921DE9=0.005
unk9CCD1814=0.005
unkA4EB3BFA=0
unkB12FD59A=1
unkBC905EFA=0
unkBD487537=0
unkBED8CED0=90 0 0
unkBFEE67EB=1
unkC2891A57=0 1 1 0
unkC2891A58=0.2 1 1 1
unkC2891A59=1 0.5 0.5 0.5
unkC6067514=0.004999999888241291
unkC860A2BB=0 100 0
unkC923BC22=1
unkDB460A56=0
unkE2BA4A9B=karma_blastwave.tga
unkE4504E48=-90 0 0
unkE52849ED=0 1 1 1 1
unkE52849EE=0.2 1 1 1 1
unkE52849EF=0.6 0 1 0.6 1
unkE52849F0=1 0 0 0 0
unkEAC6EE37=0 0.5
unkEAC6EE38=1 1
unkEC954563=0
unkEC966572=0
unkF10F1682=100 100 0
unkF5078033=0 10 0
unkF5AD5EA4=0.7
unkFB0EB66E=0 0 0
unkFD7567B6=0
unkFFC65899=0
