[System]
GroupPart2=vecalign
SimulateEveryFrame=1

[vecalign]
e-active=0.1
e-life=-1
e-linger=-1
e-period=3
e-rate=2000
e-rotation1=1
e-rotation1-axis=1 0 0
e-rotation1P1=0 0
e-rotation1P2=1 70
e-rotation2=1
e-rotation2P1=0 0
e-rotation2P2=1 360
p-accel=0 400 0
p-bindtoemitter=1 1
p-coloroffset=0 0
p-colorscale=1 1
p-colortype=1 3
p-drag=3 4 3
p-life=3
p-lifeP1=0 0.5
p-lifeP2=1 1
p-local-orient=1
p-offset=0 0 0
p-postoffset=0 0 0
p-quadrot=90 0 90
p-randomstartframe=1
p-rgba=color-sparks2.tga
p-scale=5 5 0
p-scaleXP1=0 1
p-scaleXP2=1 2
p-shadow=0
p-startframe=0
p-texdiv=2 2
p-texture=sparks.tga
p-type=0
p-vec-velocity-minscale=1.3
p-vec-velocity-scale=0.00800000037997961
p-vecalign=1
p-vel=0 1000 0
p-velYP1=0 1
p-velYP2=1 3
p-worldaccel=0 -200 0
p-xscale1=0 1 1 1
p-xscale2=0.5 1 1 1
p-xscale3=1 0 0 0
rendermode=0

[UNKNOWN_HASHES]
unk00FAE82D=0 0
unk02EA1A94=1 0
unk09C82B2D=1 1
unk0BF1475C=0 0 0
unk20506227=0 0 0
unk250AA085=3
unk312272D0=-1
unk3AB534C6=0 1
unk3AB534C7=1 3
unk3B3364FD=color-hold.tga
unk4431DDF2=color-hold.tga
unk4468DEB4=2000
unk4BD168FA=0.1
unk51A63676=crossbow_arrow_01.sco
unk6902197A=1
unk8000E9E1=2 2 2
unk87525490=1 1
unk923409A6=1
unkA12C2103=3
unkA293F1F4=0 1000 0
unkB2BB044F=1 0 0
unkB53DA4DD=3 4 3
unkB5EBFE3F=0 -200 0
unkBA57591F=0 400 0
unkBB13E27C=0.00800000037997961
unkBF0DC917=-1
unkC32F3675=3
unkC6486100=0 0
unkC6486101=1 70
unkC6C67081=0 0
unkC6C67082=1 360
unkC942A71C=0 0 0
unkE68AA1D1=color-hold.tga
unkEB1BF045=1
unkF04D2290=1
unkF6E4B4BF=1
unkF6E4B4C0=1
