[System]
GroupPart1=potion
GroupPart1Type=Simple
GroupPart2=appear
GroupPart2Type=Simple
GroupPart3=core
GroupPart3Type=Simple
GroupPart4=orbit
GroupPart4Type=Simple
PersistThruDeath=1
SimulateEveryFrame=1

[appear]
e-life=0.25
e-rate=150
e-rotation1=1
e-rotation1P1=0 -360
e-rotation1P2=1 360
p-bindtoemitter=1 1
p-life=0.6
p-numframes=4
p-offset=5 2 5
p-offsetYP1=1 2
p-offsetYP2=0.5 -3
p-postoffset=0 200 0
p-quadrot=1
p-quadrotP1=0 0
p-quadrotP2=1 360
p-randomstartframe=1
p-rgba=color-smoke32.tga
p-rotvel=1
p-rotvel1=0 0 0 0
p-rotvel2=1 0 0 180
p-scale=14
p-scaleP1=0 1
p-scaleP2=1 2
p-texdiv=2 2
p-texture=SmokePuffs.tga
p-vel=25 25 25
p-velXP1=0 1
p-velXP2=1 2
p-velYP1=1 0.8
p-velYP2=1 0.2
p-velZP1=0 1
p-velZP2=1 2
p-xscale=1
p-xscale1=0 0
p-xscale2=0.1 1
p-xscale3=1 2
rendermode=1

[core]
e-life=6.5
e-rate=1
e-rotation1=1
e-rotation1P1=0 -360
e-rotation1P2=1 360
p-bindtoemitter=1 1
p-life=1
p-postoffset=0 195 0
p-quadrot=1
p-quadrotP1=0 0
p-quadrotP2=1 360
p-rotvel=360
p-rotvelP1=0 -1
p-rotvelP2=0 -0.1
p-rotvelP3=1 0.1
p-rotvelP4=1 1
p-scale=15
p-texture=FlarePurple.tga
rendermode=0

[orbit]
e-framerateP1=1 2
e-framerateP2=0 1
e-framerateP3=1 0
e-life=6
e-rate=10
e-rotation1=1
e-rotation1P1=0 1
e-rotation1P2=1 360
e-rotation2P1=1 0
e-rotation2P2=1 1
field-accel-1=orbit
p-bindtoemitter=1 1
p-life=2
p-lifeP1=1 1
p-lifeP2=0.5 1
p-lifeP3=0.5 0.15
p-linger=1
p-numframes=4
p-offset=2 4 2
p-offsetYP1=1 0.5
p-offsetYP2=0.5 0.5
p-offsetYP3=1 1
p-postoffset=0 190 0
p-randomstartframe=1
p-rgba=color-nexus-explo-chaos.tga
p-scale=65
p-scaleP1=0.5 0.5
p-scaleP2=0.2 0.2
p-scaleP3=1 0.5
p-texdiv=2 2
p-texture=FrenziedStrikes01.tga
p-vel=8 65 8
p-velXP1=0 1
p-velXP2=1 0
p-velYP1=0 1
p-velYP2=1 0
p-velYP3=0.25 0.25
p-velYP4=0 0
p-xscale=1
p-xscale1=0 0.3
p-xscale2=0.3 0.1
p-xscale3=0.7 1
p-xscale4=1 0.3
rendermode=0

[potion]
e-life=1
e-local-orient=1
e-rate=1
p-bindtoemitter=1 1
p-colorscale=1 1
p-colortype=1 0
p-life=7
p-postoffset=0 200 0
p-scale=25 25 25
p-texture=PoitionBottle.tga
p-type=0
p-xscale1=0 0 0 0
p-xscale2=0.009999999776482582 1.2000000476837158 1.2000000476837158 1.2000000476837158
p-xscale3=0.019999999552965164 0.800000011920929 0.800000011920929 0.800000011920929
p-xscale4=0.029999999329447746 1 1 1
p-xscale5=0.9700000286102295 1 1 1
p-xscale6=0.9750000238418579 0.800000011920929 0.800000011920929 0.800000011920929
p-xscale7=0.9800000190734863 1.2000000476837158 1.2000000476837158 1.2000000476837158
p-xscale8=1 0 0 0
rendermode=1
single-particle=1

