[System]
GroupPart1=trail
GroupPart2=trail
GroupPart3=hottrail
GroupPart4=hottrail
SimulateEveryFrame=1

[hottrail]
e-life=0.5
e-local-orient=1
e-rate=120
e-rotation1=1
e-rotation1-axis=0 1 0
e-rotation1P1=0 0
e-rotation1P2=1 360
e-tilesize=1000 0 0
p-coloroffset=0 0
p-colorscale=1 1
p-colortype=1 0
p-drag=2 2 2
p-life=0.2
p-lifeP1=0 0.8
p-lifeP2=1 2
p-linger=2
p-offset=1 0 0
p-offsetXP1=0 -20
p-offsetXP2=1 20
p-quadrot=800 0 0
p-quadrot1=0 0 0 0
p-quadrot2=1 1 1 1
p-quadrotXP1=0 0
p-quadrotXP2=1 1
p-rgba=color-rampdown.tga
p-scale=1 1 1
p-scale1=0 30 1 1
p-scale2=1 1 1 1
p-texdiv=1 1
p-texture=voidtrailhot.tga
p-trailmode=0
p-type=4
p-uvscroll-rgb=0 0
p-vel=0.30000000000000004 1 0.30000000000000004
p-vel1=0 2 1 2
p-vel2=0.5 1 1 1
p-vel3=1 0.1 1 0.1
p-velXP1=0 -100
p-velXP2=0.20000000298023224 -20
p-velXP3=0.8 20
p-velXP4=1 100
p-velYP1=0 0
p-velYP2=1 2
p-velZP1=0 -100
p-velZP2=0.20000000298023224 -20
p-velZP3=0.8 20
p-velZP4=1 100
p-xscale1=0 1 0 0
p-xscale2=0.5 1.3 0 0
p-xscale3=1 1.4000000000000001 0 0
rendermode=0

[trail]
e-life=0.5
e-local-orient=1
e-rate=120
e-rotation1=1
e-rotation1-axis=0 1 0
e-rotation1P1=0 0
e-rotation1P2=1 360
e-tilesize=100 0 0
p-coloroffset=0 0
p-colorscale=1 1
p-colortype=1 0
p-drag=2 2 2
p-life=1
p-lifeP1=0 0.8
p-lifeP2=1 2
p-linger=2
p-offset=1 0 0
p-offsetXP1=0 -20
p-offsetXP2=1 20
p-quadrot=6000 30 0
p-quadrot1=0 0 1 0
p-quadrot2=1 1 1 1
p-rgba=color-alzahartrail.tga
p-rotvel=1 0 0
p-rotvelXP1=0 -40
p-rotvelXP2=1 40
p-scale=10 0 0
p-texdiv=0.1 0.1
p-texture=voidtile32.tga
p-trailmode=1
p-type=4
p-uvmode=1
p-uvscroll-rgb=0 0
p-vel=1.3 10 1.3
p-vel1=0 2 1 2
p-vel2=0.5 1 1 1
p-vel3=1 0.1 1 0.1
p-velXP1=0 -100
p-velXP2=0.20000000298023224 -20
p-velXP3=0.8 20
p-velXP4=1 100
p-velYP1=0 0
p-velYP2=1 2
p-velZP1=0 -100
p-velZP2=0.20000000298023224 -20
p-velZP3=0.8 20
p-velZP4=1 100
rendermode=3

[UNKNOWN_HASHES]
unk003FB311=1 0.5
unk04223EB1=FallenAngel01.tga
unk0BDB9ED9=FallenAngel01.tga
unk0F891E0D=7
unk1B18DD3C=1
unk1E746E48=44
unk21E629EC=0 0.5
unk23715576=0.7000000000000001 0
unk23A641D0=0 0 1
unk2929E035=4
unk294EC9F0=1
unk2DA56C46=0 0 1
unk378F2194=1 0.5
unk459001FC=0.5
unk4C173C75=3 3 3
unk4D3045BB=FallenAngel01.tga
unk5BB8C674=color-Darkmissile2.tga
unk5ECE0A2A=2 4
unk62AB1387=1 0.5
unk62B2A5FE=1
unk62B2A5FF=1
unk64EE402B=120
unk660871B3=0 40 0
unk67334ABD=0 0
unk67334ABE=1 1
unk6B4885E1=0 0.30000000000000004
unk6B4885E2=1 1
unk6EB80BD3=1 3
unk70EC925E=0.25
unk7301E609=0 0.9
unk7301E60A=1 1.1
unk74F3269D=5 5 5
unk7826DFBD=0 0.8
unk7826DFBE=1 2
unk787EBF5C=0 0
unk787EBF5D=1 1
unk78FCCEDD=0 0
unk78FCCEDE=1 1
unk797ADE5E=0 0
unk797ADE5F=1 1
unk7C19C808=1
unk7C19C809=1
unk80165FC9=0 0
unk80165FCA=1 360
unk80946F4A=0 0
unk80946F4B=1 360
unk8373D7FB=1 3
unk871556D6=color-Darkmissile2.tga
unk8802BF46=1
unk881F2DDD=1 3
unk885A71F5=0 1
unk885A71F6=0.5 1
unk885A71F7=1 0
unk89807ABC=1
unk8B9540AB=4
unk8D3A8B84=0 0
unk8D3A8B85=1 1
unk8DB89B05=0 0
unk8DB89B06=1 1
unk8E36AA86=0 0
unk8E36AA87=1 1
unk9013D21D=0 0.5
unk9013D21E=0.1 2.3000000000000003
unk9013D21F=0.7000000000000001 0.5
unk9013D220=0.9 0.1
unk9013D221=1 0.1
unk904AD08D=150
unk91E5E166=0 0
unk91E5E167=1 1
unk9263F0E7=0 0
unk9263F0E8=1 1
unk92E20068=0 0
unk92E20069=1 1
unk9BE673B2=1
unkB1337A20=60
unkB4568CEB=0 0.30000000000000004
unkB4568CEC=1 1
unkB524898C=2 4
unkB9B1CBA7=0 0
unkB9B1CBA8=1 360
unkBAC8E6F6=0 0.5
unkBE751086=0.5
unkC5307D6C=0.7000000000000001 0
unkCE6D97CF=0 0
unkCE6D97D0=1 360
unkCEC9691E=0
unkD16878FF=0 2.3717410564422607
unkD1687900=0.5 1
unkD1687901=1 0
unkD318EDB1=0 0
unkD318EDB2=1 360
unkD49DD4FE=color-Darkmissile2.tga
unkDDD34EB5=150
unkDE0073B4=2 4
unkE040C2E6=1
unkE0CBC2BD=0 40 0
unkE24AE62A=12
unkE665B447=0 0
unkE665B448=1 1
unkE69EF0E9=1 0.25
unkE733A2BF=0 0
unkE733A2C0=1 360
unkE7B1B240=0 0
unkE7B1B241=1 360
unkE7FA230E=1
unkF23CF314=1
unkF5C0BD13=5 5 5
unkF7594947=0 0.8
unkF7594948=1 2
