[System]
GroupPart1=purpleflash
GroupPart1Importance=High
GroupPart1Type=Simple
PersistThruDeath=1
SimulateEveryFrame=1

[purpleflash]
e-life=1
e-linger=0
e-rate=1
p-bindtoemitter=1 1
p-life=0.6000000000000001
p-linger=0
p-rgba=color-hold.tga
p-scale=100
p-texdiv=1 1
p-texture=SowFlash_spark_purp.tga
p-xscale1=0 0.2
p-xscale2=0.9 1
p-xscale3=1 3
single-particle=1

[UNKNOWN_HASHES]
unk02272AF8=2
unk0BAECED6=0
unk1B3D312A=1
unk1BAE9227=0.5 0.009999999776482582
unk2A8BA40D=0 0.6000000000000001
unk2A8BA40E=1 1
unk2B09B38E=0 0.2
unk2B09B38F=1 1
unk2DC3709C=0.30000000000000004
unk39B9288C=0
unk39DB42E7=1
unk3B7BCBC1=0
unk3C343817=200
unk43EC3514=color-bellramp.tga
unk43EE0691=0 100 0
unk4482B788=1
unk4D21AECB=1
unk580B8F01=0 4 0 0
unk580B8F02=0.5 4 4 0
unk580B8F03=1 0 8 0
unk6341495C=0
unk63B1FDAE=0
unk6574A0E3=0
unk67BD5D2C=20 50 0
unk6AB604A7=1
unk75931F8A=400 400 400
unk816A025F=0 0 0 0
unk816A0260=0.25 1 1 1
unk816A0261=0.75 1 1 1
unk816A0262=1 0.2 0.2 0.2
unk8605AA7A=0.30000000000000004
unk921D7CC5=1
unk9C2E6EF2=color-wildcard.tga
unk9F177ED0=0
unkA563E8A9=40
unkA9E4F11A=7
unkACFB53A8=1 1
unkAFD36CEB=5
unkAFF1DFF2=1 1 1
unkBB9E15C7=0 0
unkBB9E15C8=1 360
unkBC1C2548=0 0
unkBC1C2549=1 360
unkC1451056=0.5 0
unkC1A4E53A=0
unkC39362DF=1 0
unkC654293B=0 1
unkC654293C=1 0.30000000000000004
unkD3D35BBD=chaosexploshaft.tga
unkE2694878=0
unkED32073D=1 0
unkFD31CF1B=fuzzyshad.tga
