[FlameAccel]
f-accel=0 1000 0
f-localspace=0

[FlameDrag]
f-drag=5
f-pos=0 0 0
f-radius=1000

[System]
GroupPart1=flash
GroupPart1Importance=High
GroupPart1Type=Simple
GroupPart2=flames
GroupPart2Type=Simple
SimulateEveryFrame=1

[flames]
e-life=1
e-linger=0
e-rate=100
e-rotation1=1
e-rotation1-axis=1 0 0
e-rotation1P1=0 -20
e-rotation1P2=1 90
e-rotation2=1
e-rotation2-axis=0 1 0
e-rotation2P1=0 0
e-rotation2P2=1 360
field-accel-1=FlameAccel
field-drag-1=FlameDrag
p-bindtoemitter=0 0
p-coloroffset=0 0.5
p-colorscale=1 0.5
p-colortype=1 3
p-life=0.5
p-lifeP1=0 0.2
p-lifeP2=1 1
p-numframes=12
p-offset=20 0 0
p-offsetXP1=0 0.8
p-offsetXP2=1 1
p-postoffset=0 50 0
p-quadrot=1
p-quadrotP1=0 0
p-quadrotP2=1 360
p-randomstartframe=1
p-rgba=color-incinerate.tga
p-rotvel=1
p-rotvel1=0 -20
p-rotvel2=1 20
p-scale=10
p-scaleP1=0 0.8
p-scaleP2=1 2
p-startframe=0
p-texdiv=4 4
p-texture=flames03.tga
p-vel=500 0 0
p-velXP1=0 0.30000000000000004
p-velXP2=1 1
p-xscale1=0 1
p-xscale2=0.5 1
p-xscale3=1 0
rendermode=0
single-particle=1

[flash]
e-life=1
e-linger=0
e-rate=1
p-bindtoemitter=1 1
p-colorscale=1 1
p-colortype=1 0
p-life=0.30000000000000004
p-offset=0 40 0
p-quadrot=1
p-quadrotP1=0 0
p-quadrotP2=1 360
p-rgba=color-hit-physical.tga
p-scale=150
p-texdiv=1 1
p-texture=hiteffect.tga
p-type=0
p-xscale1=0 1
p-xscale2=1 0
rendermode=0
single-particle=1

[UNKNOWN_HASHES]
unk02D7822B=noise
unk06C34357=0
unk07E03E99=0
unk0DFBCA0D=0 1 0
unk0F0D98D9=0.5 0
unk142CB8E4=0.5 1
unk23D32C87=2 2
unk2CB67C9B=0 0.5
unk2CB67C9C=1 1
unk3338EECF=1000
unk3D16E608=1
unk3D2C021A=0 0.5
unk3D2C021B=0.9 0.8
unk3D2C021C=1 2
unk52F701CE=0 0.8
unk52F701CF=1 1.2000000000000002
unk551330D7=0 0 0
unk5987FB6B=1
unk5987FB6C=1
unk61F8624B=Drag
unk658D6140=1 3
unk67092E8B=1
unk6876CB5D=0 0 0
unk6FD2244A=0 0
unk6FD2244B=1 1
unk7008EDE2=0 0.2
unk7008EDE3=0.5 1.5
unk7008EDE4=1 1
unk7B6AFAA0=0 0 -500
unk8AA1C2D9=2
unk8C02C6D0=0
unk8E3A18C9=1000
unk9402010D=0
unk96B99524=1
unk9CF498B2=40
unkA0CA8751=color-rodofages.tga
unkA2865C8D=3
unkAA000108=100
unkB091016B=0
unkB253A4A0=0
unkBAC5DF70=0 20 0
unkBD108CAB=1
unkC44094A3=0 0 1
unkD45B11AC=0 0
unkD45B11AD=1 360
unkD4D9212D=0 0
unkD4D9212E=1 360
unkDA6CF5E2=0 1 0
unkDEB8FE2F=1
unkEBD0BA9E=glows.tga
unkF3A66671=6
unkFCEC3B38=0.2
