[System]
GroupPart1=explosion
GroupPart1Type=Complex
GroupPart2=explosiondark
GroupPart2Type=Complex

[explosion]
e-life=0.4
e-local-orient=1
e-rate=50
e-rotation1=1
e-rotation1-axis=0 0 1
e-rotation1P1=0 0
e-rotation1P2=1 360
e-rotation2=1
e-rotation2-axis=0 1 0
e-rotation2P1=0 0
e-rotation2P2=1 360
p-accel=10 0 0
p-bindtoemitter=0 0
p-colorscale=1 1
p-colortype=1 3
p-drag=5 5 5
p-frameRate=30
p-life=2
p-lifeP1=0 0.5
p-lifeP2=1 1
p-linger=0
p-numframes=60
p-postoffset=0 200 0
p-quadrot=1
p-quadrotP1=0 -20
p-quadrotP2=1 20
p-rgba=color-explosion.tga
p-scale=80 80 80
p-scaleP1=0 0.8
p-scaleP2=1 1.2000000000000002
p-startframe=0
p-texdiv=8 8
p-texture=explosion64.tga
p-vecalign=1
p-vel=1200 0 0
p-velXP1=0 0.2
p-velXP2=1 1
p-xscale=1 1 1
p-xscale1=0 0 0 0
p-xscale2=0.2 1.4000000000000001 1.4000000000000001 1.4000000000000001
p-xscale3=1 1.7000000000000002 1.7000000000000002 1.7000000000000002
rendermode=1
uniformscale=1

[explosiondark]
e-life=0.4
e-local-orient=1
e-rate=100
e-rotation1=1
e-rotation1-axis=0 0 1
e-rotation1P1=0 0
e-rotation1P2=1 360
e-rotation2=1
e-rotation2-axis=0 1 0
e-rotation2P1=0 0
e-rotation2P2=1 360
p-accel=10 0 0
p-bindtoemitter=0 0
p-colorscale=1 1
p-colortype=1 3
p-drag=3 3 3
p-life=3
p-lifeP1=0 0.9
p-lifeP2=1 1.1
p-linger=0
p-numframes=2
p-postoffset=0 200 0
p-quadrot=1
p-quadrotP1=0 -20
p-quadrotP2=1 20
p-randomstartframe=1
p-rgba=color-explosiondark.tga
p-scale=80 80 80
p-scaleP1=0 0.8
p-scaleP2=1 1.2000000000000002
p-startframe=57
p-texdiv=8 8
p-texture=explosion64.tga
p-vecalign=1
p-vel=500 0 0
p-velXP1=0 0.2
p-velXP2=1 1
p-xscale=1 1 1
p-xscale1=0 0 0 0
p-xscale2=0.2 1.4000000000000001 1.4000000000000001 1.4000000000000001
p-xscale3=1 1.7000000000000002 1.7000000000000002 1.7000000000000002
rendermode=1
uniformscale=1

[UNKNOWN_HASHES]
unk1E134637=0 1 1 1
unk1E134638=0.8 1 1 1
unk1E134639=1 0 0 0
unkEB629DC1=0 1 1 1
unkEB629DC2=0.8 1 1 1
unkEB629DC3=1 0 0 0
