[System]
GroupPart1Type=Simple
GroupPart2=cloud
GroupPart2Type=Simple
GroupPart3=cloud2
GroupPart3Type=Simple
GroupPart4=cloud3
GroupPart4Type=Simple

[cloud]
e-rate=5
p-bindtoemitter=1
p-offset=0 200 0
p-offsetYP1=0 0.30000000000000004
p-offsetYP2=1 1
p-quadrot=1
p-quadrotP1=0 0
p-quadrotP2=1 360
p-rgba=Bloodscentsniff_cas__vortexblood__p-rgba.tga
p-rotvel=50
p-rotvelP1=0 -1
p-rotvelP2=1 1
p-scale=100
p-simpleorient=2
p-startframe=1
p-texdiv=2 2
p-texture=Bloodscent04.tga
p-type=1
rendermode=1

[cloud2]
e-rate=5
p-bindtoemitter=1
p-offset=0 200 0
p-offsetYP1=0 0.30000000000000004
p-offsetYP2=1 1
p-quadrot=1
p-quadrotP1=0 0
p-quadrotP2=1 360
p-rgba=Bloodscentsniff_cas__vortexblood__p-rgba.tga
p-rotvel=50
p-rotvelP1=0 -1
p-rotvelP2=1 1
p-scale=150
p-simpleorient=2
p-texdiv=2 2
p-texture=Bloodscent04.tga
p-type=1
p-xscale=1 1 1
p-xscale1=0 0 1 1
p-xscale2=1 1.5 1 1
rendermode=1

[cloud3]
e-rate=5
p-bindtoemitter=1
p-colortype=1 3
p-offset=0 200 0
p-offsetYP1=0 0.30000000000000004
p-offsetYP2=1 1
p-quadrot=1
p-quadrotP1=0 0
p-quadrotP2=1 360
p-rgba=Bloodscentsniff_cas__cloud3__p-rgba.tga
p-rotvel=50
p-rotvelP1=0 -1
p-rotvelP2=1 1
p-scale=150
p-simpleorient=2
p-texdiv=2 2
p-texture=Bloodscent04.tga
p-type=1
p-xscale=1 1 1
p-xscale1=0 2.11299991607666 1 1
p-xscale2=1 0 1 1
rendermode=1

[UNKNOWN_HASHES]
unk050E8024=0 1.3707410097122192 1 1
unk050E8025=1 0.037074070423841476 1 1
unk079E8334=inhale
unk0D8D69EE=200
unk1313534D=1 1 1
unk1863B256=0 -1
unk1863B257=1 1
unk3079C9C8=0 88 87 88 255
unk3079C9C9=1 255 255 255 255
unk307BCA46=0 255 255 255 255
unk307BCA47=1 0 0 0 255
unk3B656FCF=100
unk46813CD7=1
unk5CF4D115=360
unk5DA0A546=3
unk6CED9CAE=300 0 0
unk73167CB6=0.02666667 70 12 0 255
unk73167CB7=0.4661987 150 0 0 255
unk73167CB8=0.9686602 28 0 0 255
unk73177CF5=0 255 255 255 165
unk73177CF6=0.55 255 255 255 0
unk73187D34=0.08266667 0 0 0 255
unk73187D35=0.4613333 255 255 255 255
unk73187D36=1 0 0 0 255
unk80D64CE0=Bloodscent04.tga
unk89EA55E1=0 0 1
unk957F21EE=0 -90
unk957F21EF=1 0
unk95FD316F=0 0
unk95FD3170=1 360
unkA57FBF17=1.8
unkB1979162=0.5
unkB9556AEE=0 200 0
unkBBA8838F=Bloodscentsniff_cas__cloud3__p-rgba.tga
unkC1648CAD=1
unkC1648CAE=1
unkC4DDFD46=30
unkD5FAE9C5=2 2
unkE11CDFBA=0 200 -50
unkE15CDA2C=400
unkF4F4A439=turret nexus inhibitor
