[System]
GroupPart1=blastring
GroupPart1Type=Simple
GroupPart2=outerring
GroupPart2Type=Simple
GroupPart3=innerring
GroupPart3Type=Simple

[blastring]
e-life=1
e-rate=2
p-bindtoemitter=1 1
p-life=0.30000000000000004
p-offset=0 40 0
p-quadrot=45
p-rgba=color-bluehit.tga
p-scale=60
p-texdiv=2 3
p-texture=GlobalTargetHit01.tga
p-xscale=1
p-xscale1=0 0.1
p-xscale2=1 1.5
single-particle=1

[innerring]
e-life=1
e-rate=1
p-bindtoemitter=1 1
p-life=0.2
p-offset=0 40 0
p-quadrot=1
p-quadrotP1=0 0
p-quadrotP2=1 360
p-rgba=color-bluehit.tga
p-scale=130
p-startframe=3
p-texdiv=2 3
p-texture=GlobalTargetHit01.tga
p-xrgba=255 255 255 255
p-xscale=1
p-xscale1=0 0.7789999842643738
p-xscale2=1 1.0010000467300415

[outerring]
e-life=1
e-rate=1
p-bindtoemitter=1 1
p-life=0.5
p-offset=0 40 0
p-quadrot=45
p-rgba=color-rampdown.tga
p-scale=60
p-startframe=4
p-texdiv=2 3
p-texture=GlobalTargetHit01.tga
p-xrgba=255 255 255 255
p-xscale=1
p-xscale1=0 0.7789999842643738
p-xscale2=1 1.1863700151443481

[UNKNOWN_HASHES]
unk492ADD6E=0 60 165 183 255
unk492ADD6F=0.92 0 0 0 255
unkA57D1169=0 255 255 255 255
unkA57D116A=0.92 0 0 0 255
unkEEB21C8C=0 60 165 183 255
unkEEB21C8D=0.92 0 0 0 255
