[Flame-complex]
e-alpharef=20
e-life=4.5
e-rate=150
e-rgba=255 255 255 250
e-rotation1=1
e-rotation1P1=0 0
e-rotation1P2=1 360
p-bindtoemitter=1 1
p-colorscale=1 0.6000000000000001
p-colortype=1 2
p-drag=2 2 2
p-flexoffset=0.004999999888241291
p-life=0.5
p-linger=1
p-local-orient=1
p-numframes=6
p-offset=30 1 0
p-offsetXP1=0 0.5
p-offsetXP2=1 1
p-offsetYP1=0 0.3
p-offsetYP2=1 1
p-quadrot=1 180 0
p-quadrotXP1=0 90
p-randomstartframe=1
p-rgba=color-Brand_Zombie_Flames.tga
p-scale=13 21 14
p-scale1=0 1 1 1
p-scale2=1 2 2 2
p-scaleXP1=0 1
p-scaleXP2=1 1.2000000000000002
p-texdiv=4 4
p-texture=Brand_Zombie_flames.dds
p-type=1
p-vec-velocity-scale=0.00800000037997961
p-vecalign=1
p-vel=100 0 0
p-velXP1=0 1
p-velXP2=1 2
p-worldaccel=0 5 0
p-xquadrot-on=1
p-xrgba=1 1 1 1
p-xrgba1=0 0.5 0.5 0.5 0
p-xrgba2=0.2 0.7 0.7 0.7 1
p-xrgba3=1 1 1 1 0
p-xscale=1 1 1
p-xscale1=0 1 1 1
p-xscale2=0.4 1.5 1.5 1.5
p-xscale3=1 2 2 2
pass=10

[FlameMarker]
e-life=4
e-linger=0
e-rate=2
e-rgba=150 255 20 255
p-bindtoemitter=1 1
p-flexscale=0.004999999888241291
p-frameRate=20
p-life=1
p-linger=1
p-numframes=16
p-offset=0 1 0
p-quadrot=90 1 0
p-quadrotYP1=0 0
p-quadrotYP2=1 360
p-scale=100 100 100
p-scaleXP1=0 0.9
p-scaleXP2=1 1.1
p-startframe=0
p-texdiv=4 4
p-texture=DestinyFireloop_navy.tga
p-type=1
p-xrgba=1 1 1 1
p-xrgba1=0 1 1 1 0
p-xrgba2=0.5 1 1 1 1
p-xrgba3=1 1 1 1 0
p-xscale1=0 0.5 0.5 0.5
p-xscale2=1 1.2000000000000002 1.2000000000000002 1.2000000000000002
pass=-1
rendermode=0
uniformscale=1

[System]
GroupPart1=FlameMarker
GroupPart2=Flame-complex
SimulateEveryFrame=1

