[System]
GroupPart1=rock_dust
GroupPart1Importance=High
GroupPart1Type=Simple
GroupPart2=dust_up
GroupPart2Importance=Medium
GroupPart2Type=Simple
GroupPart3=aoe_leaf_03
GroupPart3Importance=High
GroupPart3Type=Simple
PersistThruDeath=1

[aoe_leaf_03]
e-life=0.30000000000000004
e-rate=5
e-rotation1=1
e-rotation1P1=0 0
e-rotation1P2=1 360
field-drag-1=dustdrag
p-bindtoemitter=0
p-life=1.9500000476837158
p-lifeP1=0 0.2
p-lifeP2=1 1
p-offset=45 0 45
p-offsetXP1=0 0
p-offsetXP2=1 1
p-offsetYP1=0 1
p-offsetYP2=1 6
p-offsetZP1=0 0
p-offsetZP2=1 1
p-postoffset=0 -20 0
p-quadrot=1
p-quadrotP1=0 0
p-quadrotP2=1 360
p-rgba=color-smoke32.tga
p-rotvel=60
p-rotvelP1=0 -1
p-rotvelP2=1 1
p-scale=8
p-scaleP1=0 0.5
p-scaleP2=1 1.6
p-texture=leaf_01.tga
p-vel=150 930 150
p-velXP1=0 0.6000000000000001
p-velXP2=1 1
p-xscale=1
p-xscale1=0 0 0 0
p-xscale2=0.2 1.3
p-xscale3=0.25 1.399999976158142
p-xscale4=1 1.7000000000000002
rendermode=1
single-particle=1

[drag_05]
f-drag=3
f-dragP1=0 0.75
f-dragP2=1 1.5
f-pos=0 0 0
f-radius=1000

[dust_up]
e-life=0.5
e-rate=20
e-rotation1=1
e-rotation1P1=0 0
e-rotation1P2=1 360
field-drag-1=dustdrag
p-bindtoemitter=1 1
p-life=1
p-lifeP1=0 0.2
p-lifeP2=1 1
p-linger=-1
p-offset=20 0 20
p-offsetYP1=0 1
p-offsetYP2=1 3
p-postoffset=0 0 0
p-quadrot=1
p-quadrotP1=0 0
p-quadrotP2=1 360
p-rgba=color-smoke32.tga
p-rotvel=60
p-rotvelP1=0 -1
p-rotvelP2=1 1
p-scale=40
p-scaleP1=0 0.5
p-scaleP2=1 1.6
p-texture=sand_04.tga
p-vel=450 500 450
p-velXP1=0 0.6000000000000001
p-velXP2=1 1
p-xscale=1
p-xscale1=0 0 0 0
p-xscale2=0.2 1.3
p-xscale3=0.25 1.399999976158142
p-xscale4=1 1.7000000000000002
rendermode=1
single-particle=1

[dustdrag]
f-drag=7
f-pos=0 0 0
f-radius=400

[rock_dust]
e-life=0.15
e-rate=70
e-rotation1=1
e-rotation1P1=0 0
e-rotation1P2=1 360
field-drag-1=drag_05
p-life=1.5
p-offset=20 20 20
p-postoffset=0 -40 0
p-rgba=color-smoke32.tga
p-rotvel=45
p-rotvelP1=0 -1
p-rotvelP2=1 1
p-scale=60
p-scaleP1=0 1
p-scaleP2=1 1.1
p-texture=sand_04.tga
p-vel=100 180 100
p-velXP1=0 1.5
p-velXP2=1 0.6700000166893005
p-xscale=1
rendermode=1

