[System]
GroupPart1Importance=High
GroupPart1Type=Simple
GroupPart2Importance=High
GroupPart2Type=simple
GroupPart3=test_pscale_flex0_geometry
GroupPart3Importance=High
GroupPart3Type=simple
GroupPart4Importance=High
GroupPart4Type=Complex
GroupPart5=test_p-scaleEmitOffset_flex0
GroupPart5Importance=High
GroupPart5Type=Simple
GroupPart6Importance=High
GroupPart6Type=complex
SimulateEveryFrame=1

[test_p-scaleEmitOffset_flex0]
e-life=-1
e-linger=0
e-rate=25
e-rotation1=1
e-rotation1P1=0 0
e-rotation1P2=1 360
p-bindtoemitter=1 1
p-life=0.6
p-lifeP1=0 0.8159999847412109
p-lifeP2=1 1.1122219562530518
p-linger=0
p-offset=70 20 70
p-offsetXP1=0 0
p-offsetXP2=1 1
p-offsetZP1=0 0
p-offsetZP2=1 1
p-postoffset=0 35 0
p-rgba=color-smoke32_07.tga
p-rotvel=180
p-rotvelP1=0 -1
p-rotvelP2=1 1'
p-scale=40
p-scaleEmitOffset_flex0=10
p-scaleP1=0 1.2000000000000002
p-scaleP2=1 0.2
p-texture=flare-Rainbow_blue_green_01.tga
p-vel=-87 25 0
p-velXP1=0 1.1
p-velXP2=1 0.8700000047683716
p-xscale=1
p-xscale1=0 0.75
p-xscale2=0.5 1.5
p-xscale3=1 0.15
rendermode=0

[test_pscale_flex0_geometry]
e-life=-1
e-linger=0
e-rate=1
p-bindtoemitter=1
p-life=1000000
p-linger=0
p-mesh=runic_protection_01.sco
p-meshtex=wood_shield_03.tga
p-postoffset=0 100 0
p-rotvel=0 -20 0
p-scale_flex0=6 6 6
p-type=3
rendermode=3
single-particle=1

[UNKNOWN_HASHES]
unk0344F548=leaf_06.tga
unk03B1CE28=360
unk0824AE6F=1
unk09497E93=1000
unk0F66E17A=1 1 1
unk129B4846=1 1
unk12C0CF48=1
unk16DBE0D8=1 3
unk1C275028=1
unk1CF3448E=1
unk1E9B1D3A=0 -1
unk1E9B1D3B=1 1
unk2290CD42=200 200 200
unk2335FEF5=0 0 0
unk242E78FA=500 500 500
unk279349F3=Flare-Rainbow_purp_01.tga
unk300BCC37=15
unk30F46DF9=130
unk3134A6BE=0 0
unk3134A6BF=1 360
unk346A6F01=0 850 0
unk3B8ABB2C=-1
unk438B9AFA=-1
unk4758F724=1 1 1 1
unk47A28D77=-1
unk4B6F30F8=1
unk4C168484=0
unk4D9C8D27=alpha_20.tga
unk4EC14E13=0 0 0
unk584F1A3B=0.5
unk5AE8F95B=1
unk5D26A468=1
unk5F0C4CD6=0
unk60CEF00B=0
unk628CF34F=0 0.5
unk628CF350=1 -0.5
unk6826511D=xen_magic_resist_01.sco
unk69412ADB=1 1 1
unk6A6B3C78=0 0.5
unk6A6B3C79=1 1.6
unk6E62AB82=0
unk6F3AD86F=0 1.5
unk6F3AD870=1 0.6700000166893005
unk6F461A8D=white_grey.tga
unk7F5EA945=0.5 0
unk82BB9835=3
unk8608D20D=0 0 0 0 1
unk8608D20E=1 1 1 1 1
unk877D288C=0 0 0 0
unk877D288D=0.2 1.3
unk877D288E=0.25 1.399999976158142
unk877D288F=1 1.7000000000000002
unk8FE7AC1B=0 650 0
unk92564721=drag_05
unk9BEF3E8E=100
unkA005CFAA=10
unkA04C6256=0 0
unkA04C6257=1 360
unkA399B5BC=0
unkA46C10E5=1
unkA55C58F1=0
unkABCB7D37=0 0 0 0
unkABCB7D38=0.5 1 1 1
unkABCB7D39=1 0 0 0
unkAC1DA1F5=-1
unkB55D003E=0
unkB71FA373=0
unkB7AC3BAA=3
unkBB30346A=xen_props_01.tga
unkBE7285AE=1 1
unkBF640DD9=1
unkBFCD55E9=0 0
unkBFCD55EA=1 1
unkC1B1DA6A=1
unkC8F8E976=0 0.75
unkC8F8E977=1 1.5
unkC9299086=0 50 0
unkCAEB105A=350
unkD04AE673=1
unkD27403EC=3
unkD45E16D6=200
unkD9ECD3C4=0.4
unkDA358115=1
unkDF63797D=1
unkE5FBBFFB=0 100 0
unkE604A60F=-1
unkEA5B0F27=1.350000023841858
unkF015983C=color-smoke32_07.tga
unkF2F683FC=90 90 0
unkF4117C41=0
unkF4F5F4C0=0 90 0
unkF941DDEE=0 90 0
unkF94B11F3=4
unkFA96CE3E=240 20 240
