[Motes]
KeywordsExcluded=KarmaLunar
e-life=-0.6000000238418579
e-linger=1
e-rate=10
e-rotation1=1
e-rotation1-axis=0 1 0
e-rotation1P1=0 0
e-rotation1P2=1 360
e-shape-use-normal-for-birth=0
e-timeoffset=0.4
p-accel=0 15 0
p-bindtoemitter=0.1 0
p-colortype=1 3
p-life=0.8
p-lifeP1=0 1
p-lifeP2=1 2
p-numframes=8
p-offset=35 60 0
p-offsetXP1=0 -1
p-offsetXP2=1 1
p-offsetYP1=0 0
p-offsetYP2=1 1
p-quadrot=1 0 0
p-quadrotXP1=0 0
p-quadrotXP2=1 360
p-randomstartframe=1
p-rotvel=1 0 0
p-rotvel1=0 30 0 0
p-rotvel2=0.5 -30 0 0
p-rotvel3=1 -60 0 0
p-scale=60 60 5
p-scaleXP1=0 0.6
p-scaleXP2=1 2
p-texdiv=4 2
p-texture=Cass_SnakeGas.dds
p-vec-velocity-scale=0.009999999776482582
p-vel=30 0 0
p-xrgba=1 1 1 0.21899700164794922
p-xrgba1=0 0.333333 1 0.945098 0
p-xrgba2=0.3 0.54902 1 0.564706 1
p-xrgba3=0.7 0.956863 1 0.541176 0.145098
p-xrgba4=1 0.337255 0.4 0.247059 0
p-xscale=1 1 1
p-xscale1=0 0.5 0.5 0
p-xscale2=1 1 1 0
rendermode=1
uniformscale=1

[System]
GroupPart1=snakering
GroupPart2=snakering_Greek
GroupPart3=snakering1
GroupPart4=ringpanner
GroupPart5=Motes
SimulateEveryFrame=1

[ringpanner]
e-rate=2
p-bindtoemitter=1 0
p-life=1
p-linger=1
p-mesh=cass_snakering_mesh.scb
p-meshtex=Cassiopiea_PoisonRing_Pulse.dds
p-offset=1 1 1
p-offsetXP1=0 -1
p-offsetXP2=1 1
p-offsetYP1=0 -1
p-offsetYP2=1 1
p-offsetZP1=0 -1
p-offsetZP2=1 1
p-rotvel=0 1 0
p-rotvelYP1=0 -10
p-rotvelYP2=1 10
p-simpleorient=3
p-type=3
p-uvscroll-rgb=-0.3 0
p-vel=0 1 0
p-xrgba=0.137254998087883 0.7215690016746521 0.37647101283073425 0.19200399518013
p-xrgba1=0 1 1 1 0
p-xrgba2=0.5 1 1 1 1
p-xrgba3=1 1 1 1 0
p-xscale=1 1 1
p-xscale1=0 1 1 1
p-xscale2=1 0.8 0.8 0.8
pass=-6
rendermode=4
uniformscale=1

[snakering]
e-disabled=1
e-life=1
e-rate=1
p-bindtoemitter=1 0
p-life=10000000000000000000000
p-linger=0
p-mesh=snakering.sco
p-meshtex=snakering.dds
p-postoffset=0 32 0
p-rgba=color-eyefade.tga
p-rotvel=0 1 0
p-rotvelYP1=0 -60
p-rotvelYP2=1 60
p-scale=11 5 7
p-type=3
p-xscale=1 1 1
p-xscale1=0 0.5 0.5 0.5
p-xscale2=1 1 1 1

[snakering1]
e-censor-modulate=0 1 1 1
e-life=1
e-rate=1
e-shape-use-normal-for-birth=0
p-bindtoemitter=1 1
p-life=10000000000000000000000
p-linger=0
p-mesh=cass_snake_circle_mesh.scb
p-meshtex=Cassiopeia_SnakeCircle_Pan.dds
p-offset=5 50 5
p-offsetXP1=0 -1
p-offsetXP2=1 1
p-offsetYP1=0 -1
p-offsetYP2=1 1
p-offsetZP1=0 -1
p-offsetZP2=1 1
p-postoffset=0 5 0
p-quadrot=1 1 0
p-quadrotXP1=0 10
p-quadrotXP2=1 -10
p-quadrotYP1=0 0
p-quadrotYP2=1 360
p-rotvel=0 1 0
p-rotvelYP1=0 100
p-rotvelYP2=1 -5
p-scale=0.9 1.5 0.8
p-scaleXP1=0 0.8
p-scaleXP2=1 1.1
p-scaleYP1=0 1.5
p-scaleYP2=1 2
p-scaleZP1=0 0.85
p-scaleZP2=1 0.9
p-type=3
p-uvscroll-rgb=-0.4 0
p-xrgba=0.67843097448349 0.67843097448349 0.450980007648468 1
pass=-4
rendermode=4

[snakering_Greek]
KeywordsRequired=GreekCassiopeia
e-disabled=1
e-life=1
e-linger=1
e-rate=1
e-uvoffset=1 0
e-uvoffsetXP1=0 0
e-uvoffsetXP2=1 1
p-bindtoemitter=1 0
p-life=5
p-linger=0
p-mesh=Cass_SnakeRing.sco
p-meshtex=CassSnakeRing.dds
p-postoffset=0 20 0
p-quadrot=1 1 0
p-quadrotXP1=0 -25
p-quadrotXP2=1 25
p-quadrotYP1=0 0
p-quadrotYP2=1 360
p-rotvel=0 1 0
p-rotvelYP1=0 -30
p-rotvelYP2=1 30
p-scale=2 2 2
p-type=3
p-uvscroll-rgb=-0.5 0.5

[UNKNOWN_HASHES]
unk2D6ABB85=0 300 0
