[System]
SimulateEveryFrame=1

[UNKNOWN_HASHES]
unk02259F35=1
unk044E25BF=1 1
unk0683053D=1 1
unk07475BE5=0
unk0909FF1A=0.30000000000000004
unk10A54535=0
unk120542AC=0 1 1 1
unk120542AD=1 1 0 0
unk18948873=70
unk19AC168F=0.4
unk1C373DDE=1 1
unk216331E8=0 1
unk216331E9=1 0
unk23D6F257=cass_skn4_castglow.tga
unk2468125C=0 0
unk2468125D=1 360
unk24E621DD=0 0
unk24E621DE=1 360
unk2564315E=0 0
unk2564315F=1 360
unk25C3E8DA=0.5
unk26AF0E66=0 10 -5
unk29C6F657=10 70 70
unk2A53CBA3=1
unk32FD6406=50
unk35299F79=0 0
unk35299F7A=1 360
unk368ED3BF=1 0.2
unk3697DED3=2
unk390A54BE=300
unk39C31C4F=0
unk3BECAD52=255 255 255 255
unk3D220E71=1
unk40B02093=1
unk40F50262=2 3
unk41198415=1
unk42AFB11E=1
unk42AFFDC6=1 0
unk4CC0A34B=color-cass_skn4_castglow.tga
unk55F61D02=1
unk59CA5FF2=50
unk59CC3D73=0.6000000000000001
unk5CF386C8=0 1
unk5CF386C9=1 1.5
unk5D2FC393=150
unk5D35FA21=1 1
unk5F7900E3=5
unk63103A53=0.30000000000000004
unk635B7C94=1
unk65E40FBE=0.30000000000000004
unk69AD9634=0.2
unk69EB939D=1 1 1
unk6C1B23A3=LunarRevelCassiopeia
unk6CEE595E=1 0.2
unk6F280C9E=0.30000000000000004
unk6FF501EB=color-rampdown.tga
unk71378EC7=0 1
unk71378EC8=1 3
unk75C5687F=0.30000000000000004
unk792A7BA2=1
unk7938FECB=color-rampdown.tga
unk794982D9=1
unk79C98511=1
unk7A898701=2 3
unk7FD65AAC=color-hotshotpurple.tga
unk826E7882=1
unk88FA0246=1 0
unk890BD463=10
unk8A07639A=0
unk8DCD0F68=ball03.tga
unk9340DA21=0
unk940280E5=0
unk95037D56=0
unk95CD970D=2
unk95D88682=0
unk9D2AFEA4=ryzebasicattack.tga
unk9D75B826=0 0 0
unkA4EB20DF=1 1
unkAF6F67D6=0
unkB08D569A=0
unkBA3D5F58=0 1 0 1 0
unkBA3D5F59=0.5 1 0 1 1
unkBA3D5F5A=0.8 1 1 1 1
unkC7EDE726=1 0
unkC91DDFB8=1
unkCAFA48BE=0
unkCDB2D746=0
unkCF757A7B=0
unkCFD3AC7E=1 1
unkD3F3C21A=0 0
unkD3F3C21B=1 360
unkD5EDBDF1=0
unkD8BB5384=rainbowhalo.tga
unkDDBF0991=1
unkDF31BAD1=0
unkE5CF16B2=0
unkE7F871A8=1
unkE9F3CF05=0
unkEA2FDFA5=1 0
unkEBB6723A=0
unkECFF5B83=ryzebasicattack.tga
unkEE634CB6=0
unkEE81DF33=0
unkF11CFC13=0
unkF2AD0E61=cass_skn4_castglow_Map.tga
unkF33ED6F4=0
unkF3DB3F3E=1 1
unkF8BDD9A2=0
