[System]
GroupPart1=sparks
GroupPart1Importance=High
GroupPart2=flash
GroupPart2Type=Simple
SimulateEveryFrame=1
SoundOnCreate=Play_sfx_Env_TurretChampionBasicAttack_hit

[flash]
e-life=1
e-linger=0
e-local-orient=0
e-rate=2
p-bindtoemitter=1 1
p-coloroffset=0.5 0.2
p-colorscale=0.5 0.05999999865889549
p-colortype=1 3
p-flexoffset=0.004999999888241291
p-flexscale=0.004999999888241291
p-frameRate=0
p-life=0.1
p-lifeP1=0 1
p-lifeP2=1 2
p-numframes=1
p-offset=0 40 0
p-quadrot=1
p-quadrotP1=0 0
p-quadrotP2=1 360
p-rgba=color-rainbowbell.tga
p-scale=100
p-startframe=0
p-texdiv=1 1
p-texture=pow.tga
p-type=0
p-xscale1=0 0.7
p-xscale2=1 2
rendermode=0
single-particle=1

[sparks]
e-life=0.1
e-local-orient=0
e-rate=600
e-rateP1=0 0.5
e-rateP2=1 1
e-rgba=255 255 255 255
e-rotation1=1
e-rotation1-axis=0 1 0
e-rotation1P1=0 0
e-rotation1P2=1 360
p-bindtoemitter=1
p-drag=2 2 2
p-flexscale=0.004999999888241291
p-frameRate=0
p-life=0.30000000000000004
p-lifeP1=0 1
p-lifeP2=1 2
p-offset=0 1 20
p-offsetYP1=0 -20
p-offsetYP2=1 20
p-scale=20 20 0
p-startframe=0
p-texdiv=1 1
p-texture=sliver.tga
p-type=0
p-vecalign=1
p-vel=0 0 300
p-velZP1=0 0.5
p-velZP2=0.9 1
p-velZP3=1 2
p-xrgba1=0 1 1 1 0
p-xrgba2=0.3 1 0.8 1 1
p-xrgba3=0.4 1 0.2 1 1
p-xrgba4=1 1 0 1 0
p-xscale1=0 1 1 0
p-xscale2=0.5 1 0.30000000000000004 0
p-xscale3=1 1 0.2 0
rendermode=0

[UNKNOWN_HASHES]
unk02223955=0 10 1 1
unk02223956=0.5 1 1 1
unk02223957=1 1 0.2 1
unk17E3873D=0 1 20
unk34AB2E6F=0 1 1 1 0
unk34AB2E70=0.3 1 0.8 1 1
unk34AB2E71=0.4 1 0.2 1 1
unk34AB2E72=1 1 0 1 0
unk3FF03AE7=0.004999999888241291
unk431541A4=0
unk478CCFE6=0
unk562D9796=0.004999999888241291
unk5726C57E=10 0 10
unk70780A1F=0 0
unk70780A20=1 360
unk7900F180=20 20 20
unk7DEA0611=sliver.tga
unk7DED6270=0 1 0
unk80F0D454=1 1
unk8FA53D7C=0
unk964CBD5E=1
unkAC96E63D=0 0 1
unkAC96E63E=1 100
unkB35760BE=-8000 0 0
unkC572F91B=1
unkC6F3C126=0.30000000000000004
unkC8C788C3=0
unkD30B9371=0.1
unkD3F734CC=1
unkE651FF55=600
unkE93457E9=255 255 255 255
unkEFB39913=0 0 800
unkF375A0D5=0
