[System]
GroupPart1Type=Simple
GroupPart2=atmosphere
GroupPart2Type=Simple

[atmosphere]
e-life=5
e-timeoffset=0.1
field-drag-1=drag
p-bindtoemitter=1 0
p-frameRate=0
p-life=3
p-lifeP1=0 0.7000000000000001
p-lifeP2=1 1.2000000000000002
p-offset=0 100 0
p-postoffset=0 0 0
p-postoffsetXP1=0 0
p-postoffsetXP2=1 20
p-postoffsetYP1=0 0
p-postoffsetYP2=1 50
p-postoffsetZP1=0 0
p-postoffsetZP2=1 20
p-quadrot=360
p-rgba=color-snowball32.tga
p-rotvel=45
p-rotvel1=0 0
p-rotvel2=0.674407422542572 1.0375930070877075
p-rotvel3=1 6.1529998779296875
p-rotvelP1=0 -1
p-rotvelP2=1 1
p-scale=48
p-texdiv=2 1
p-texture=AbsoluteZero04.tga
p-vecalign=1
p-vel=50 50 50
p-velXP1=0 -1
p-velXP2=1 1
p-velZP1=0 -1
p-velZP2=1 1
p-xscale=1
p-xscale1=0 1
p-xscale2=1 2.4088149070739746

[drag]
f-drag=3
f-pos=0 0 0
f-radius=200

[UNKNOWN_HASHES]
unk7A4D35F6=0 -1
unk7A4D35F7=1 1
unk7B4954F8=0 -1
unk7B4954F9=1 1
unkABF3FC83=0 0 0
