[Flame]
e-life=0.7
e-local-orient=0
e-rate=50
e-rotation1=1
e-rotation1-axis=0 0 1
e-rotation1P1=0 -360
e-rotation1P2=1 360
e-rotation2=1
e-rotation2-axis=0 1 0
e-rotation2P1=0 -360
e-rotation2P2=1 360
e-timeoffset=0.5
field-accel-1=FlameAccel
p-colorscale=1 0.2
p-colortype=1 0
p-frameRate=15
p-life=0.4
p-numframes=5
p-offset=3 40 3
p-postoffset=0 20 0
p-quadrot=1
p-quadrotP1=0 -30
p-quadrotP2=1 30
p-rgba=color-billow.tga
p-scale=25
p-scaleP1=0 0.4
p-scaleP2=1 1.2000000000000002
p-scalebias=1 1.3
p-startframe=0
p-texdiv=5 5
p-texture=firebillow.tga
p-type=0
p-vel=0 90 0
p-velZP1=0 1
p-velZP2=1 2
p-xscale=1
p-xscale1=0 2.75
p-xscale2=0.4 2.5
p-xscale3=0.7000000000000001 2
p-xscale4=1 0.2
rendermode=0

[FlameAccel]
f-accel=0 200 0
f-localspace=0

[SmokeDrag3]
f-drag=3.5
f-pos=0 0 0
f-radius=1000

[System]
GroupPart1=Flame
GroupPart1Importance=High
GroupPart1Type=Simple
GroupPart2=smoke
GroupPart2Importance=High
GroupPart2Type=Simple
GroupPart3=sparks
GroupPart3Importance=High
GroupPart3Type=Simple

[smoke]
e-life=0.7
e-local-orient=0
e-rate=20
e-rotation1=360
e-rotation1-axis=1 0 0
e-rotation1P1=0 0
e-rotation1P2=1 1
e-rotation2=360
e-rotation2-axis=0 1 0
e-rotation2P1=0 0
e-rotation2P2=1 1
field-drag-1=SmokeDrag3
p-bindtoemitter=0 0
p-colorscale=1 0.4
p-colortype=1 0
p-life=1
p-lifeP1=0 0.4
p-lifeP2=0.8 0.4
p-lifeP3=1 1.1
p-offset=3 20 3
p-postoffset=0 70 0
p-quadrot=1
p-quadrotP1=0 0
p-quadrotP2=1 360
p-rgba=color-smoke32_02.tga
p-rotvel=1
p-rotvelP1=0 -60
p-rotvelP2=1 60
p-scale=30
p-scaleP1=0 1.4
p-scaleP2=1 2
p-texture=Smoke_05.tga
p-type=0
p-vel=10 180 10
p-velYP1=0 0.35
p-velYP2=1 1.1
p-xscale=1
p-xscale1=0 0.5
p-xscale2=0.5 1
p-xscale3=1 1
rendermode=1

[sparks]
e-life=0.125
e-linger=1.5
e-rate=70
e-rotation1=1
e-rotation1P1=0 0
e-rotation1P2=1 360
p-bindtoemitter=1 ,8
p-life=0.30000000000000004
p-lifeP1=0 0.15
p-lifeP2=1 1
p-offset=10 10 10
p-offsetXP1=0 0
p-offsetXP2=1 1
p-offsetYP1=0 0
p-offsetYP2=1 3
p-postoffset=0 50 0
p-quadrot=0
p-rgba=color-smoke32_07.tga
p-rotvel=1
p-rotvel1=0 0 0 0
p-rotvel2=1 0 0 180
p-scale=200
p-scaleP1=0 0.45
p-scaleP2=1 1
p-texture=flare-Rainbow_orange_01.tga
p-vel=225 225 225
p-velYP1=0 1.5499999523162842
p-velYP2=1 0.25
p-xscale=1
p-xscale1=0 1
p-xscale2=0.4 1
p-xscale3=1 0

[UNKNOWN_HASHES]
unk16ABB1BE=0 0 0 0 255
unk16ABB1BF=0.1226667 255 255 255 255
unk16ABB1C0=0.2370705 211 255 212 255
unk16ABB1C1=0.3477372 166 255 154 255
unk16ABB1C2=0.7173334 0 255 0 255
unk16ABB1C3=1 0 0 0 255
