[Flash]
e-life=0.1
e-rate=50
e-timeoffset=0.05000000074505806
p-bindtoemitter=1 1
p-colorscale=1 1
p-colortype=1 0
p-life=0.1
p-postoffset=0 60 -80
p-quadrot=1
p-quadrotP1=0 0
p-quadrotP2=1 360
p-rgba=color-rampdown.tga
p-scale=80
p-scaleP1=0 3.5
p-scaleP2=1 5
p-texture=bigglow.tga
p-type=0
p-xscale=1
p-xscale1=0 0
p-xscale2=0.5 0.5
p-xscale3=1 1
rendermode=0

[SmokeDrag]
f-drag=1
f-pos=0 0 0
f-radius=100

[System]
GroupPart1=warning
GroupPart1Importance=High
GroupPart1Type=Simple
GroupPart2=Flash
GroupPart2Importance=High
GroupPart2Type=Simple
GroupPart3=sphere_volume_emission
GroupPart3Importance=High
GroupPart3Type=Simple

[sphere_volume_emission]
e-life=0.05
e-local-orient=0
e-rate=400
e-rotation1=360
e-rotation1-axis=1 0 0
e-rotation1P1=0 0
e-rotation1P2=1 1
e-rotation2=360
e-rotation2-axis=0 1 0
e-rotation2P1=0 0
e-rotation2P2=1 1
field-drag-1=SmokeDrag
p-bindtoemitter=0 0
p-life=0.25
p-lifeP1=0 0.9
p-lifeP2=1 1.1
p-offset=12 2 12
p-postoffset=0 -50 50
p-quadrot=1
p-quadrotP1=0 0
p-quadrotP2=1 360
p-rgba=color-smoke32_02.tga
p-rotvel=0.8
p-rotvelP1=0 -60
p-rotvelP2=1 60
p-scale=40.5
p-scaleP1=0 1
p-scaleP2=1 2
p-startframe=2
p-texdiv=2 4
p-texture=InfernalGuardian02.tga
p-type=0
p-vel=0 250 0
p-velYP1=0 0.5
p-velYP2=1 1.1
p-xscale=1
p-xscale1=0 0.5
p-xscale2=0.5 0.75
p-xscale3=1 1.5
rendermode=1

[warning]
e-life=0.1
e-rate=80
e-rotation1=1
e-rotation1P1=0 0
e-rotation1P2=1 360
p-life=0.3
p-lifeP1=0 0.8159999847412109
p-lifeP2=1 1.1122219562530518
p-offset=1 1 1
p-offsetXP1=0 0
p-offsetXP2=1 40
p-offsetYP1=0 0
p-offsetYP2=1 40
p-offsetZP1=0 0
p-offsetZP2=1 40
p-postoffset=0 0 40
p-rgba=color-smoke32_07.tga
p-rotvel=180
p-rotvelP1=0 -1
p-rotvelP2=1 1
p-scale=23
p-scaleP1=0 1.850000023841858
p-scaleP2=1 0.55
p-texture=Flare-Rainbow_purp_01.tga
p-vel=0 -20 0
p-velXP1=0 1.1
p-velXP2=1 0.6700000166893005
p-xscale=1
p-xscale1=0 0.75
p-xscale2=0.5 1.7
p-xscale3=1 0.15
rendermode=0

[UNKNOWN_HASHES]
unk154EF5A2=0.25
unk1AF1A3E2=360
unk1AF1A3E3=360
unk2166C7ED=0.05
unk267CF285=0 -500 0
unk2714941E=0
unk2A018AD0=2 4
unk2B77BA1A=color-smoke32_02.tga
unk3266CB63=0 0.5
unk3266CB64=1 1.1
unk3338EECF=1000
unk34AD33D1=400
unk36A935C5=0 1
unk36A935C6=1 2
unk435A6063=0 0.9
unk435A6064=1 1.1
unk44B20862=1
unk53BB21D9=0 0.5
unk53BB21DA=0.5 0.75
unk53BB21DB=1 1.5
unk551330D7=0 0 0
unk56D78597=0 250 0
unk5B28772D=0 -60
unk5B28772E=1 60
unk6609EEA3=0 0
unk6609EEA4=1 1
unk6687FE24=0 0
unk6687FE25=1 1
unk6719F458=1
unk71F0C98B=0 0
unk71F0C98C=1 360
unk7E8E5B51=2
unk91707620=0
unk948A20EC=1 0 0
unk97D71750=0 0
unkA36FD794=SmokeDrag
unkAAB6822B=0 1 0
unkABA172CA=1
unkC0F43DB9=12 2 12
unkCF82EE95=InfernalGuardian02.tga
unkDA4320F9=0 -50 50
unkE31079F8=0
unkF2E859B2=0 0.8529999852180481
unkF2E859B3=1 1.0751479864120483
unkF3A2516C=0.8
unkF3A66671=3
unkF5EEDC04=40.5
