[System]
GroupPart1=explosion
GroupPart1Type=Complex
PersistThruDeath=1

[explosion]
e-life=0.8
e-local-orient=1
e-rate=50
e-rotation1=1
e-rotation1-axis=0 0 1
e-rotation1P1=0 0
e-rotation1P2=1 360
e-rotation2=1
e-rotation2-axis=0 1 0
e-rotation2P1=0 0
e-rotation2P2=1 360
e-timeoffset=0.6000000000000001
p-accel=10 0 0
p-bindtoemitter=1 1
p-colorscale=1 1
p-colortype=1 3
p-drag=5 5 5
p-frameRate=30
p-life=1.5
p-lifeP1=0 0.5
p-lifeP2=1 1
p-linger=0
p-numframes=60
p-postoffset=0 0 0
p-quadrot=1
p-quadrotP1=0 -20
p-quadrotP2=1 20
p-rgba=color-explosion.tga
p-scale=80 80 80
p-scaleP1=0 0.8
p-scaleP2=1 1.2000000000000002
p-startframe=0
p-texdiv=8 8
p-texture=explosion64.tga
p-vecalign=1
p-vel=1200 0 0
p-velXP1=0 0.2
p-velXP2=1 1
p-xscale=1 1 1
p-xscale1=0 0 0 0
p-xscale2=0.2 1.4000000000000001 1.4000000000000001 1.4000000000000001
p-xscale3=1 1.7000000000000002 1.7000000000000002 1.7000000000000002
rendermode=1
uniformscale=1

[UNKNOWN_HASHES]
unk088FABAF=0 0 0
unk089B6119=0 0.9
unk089B611A=1 1.1
unk1BD44DCE=80 80 80
unk1E134637=0 1 1 1
unk1E134638=0.8 1 1 1
unk1E134639=1 0 0 0
unk2A490BAC=1
unk2A490BAD=1
unk2C5AF50E=1 1 1
unk364E7181=1 3
unk37569F94=1
unk50F8374D=1
unk5596116D=0 0
unk5596116E=1 360
unk561420EE=0 0
unk561420EF=1 360
unk562ABD0C=10 0 0
unk5B381B5F=explosion64.tga
unk673175B0=3 3 3
unk70A99E2A=1
unk7DC3039F=0
unk81483155=0 -20
unk81483156=1 20
unk83F0B8E3=1 1
unk8B3F9E55=1
unk95FFBC61=500 0 0
unkA2EA751A=1 1
unkAC1835A2=0 0 1
unkACDAE607=57
unkAF7A0E70=2
unkC24496E1=0 1 0
unkC25E628F=0 0.8
unkC25E6290=1 1.2000000000000002
unkD3120E18=1
unkD6FE7158=3
unkDF704EA3=0 0 0 0
unkDF704EA4=0.2 1.4000000000000001 1.4000000000000001 1.4000000000000001
unkDF704EA5=1 1.7000000000000002 1.7000000000000002 1.7000000000000002
unkE31643A3=0.8
unkEB629DC1=0 1 1 1
unkEB629DC2=0.8 1 1 1
unkEB629DC3=1 0 0 0
unkEC32CE67=0.6000000000000001
unkED2735D0=color-explosiondark.tga
unkEF428B86=8 8
unkF65CAF87=100
unkF729BC98=0 0.2
unkF729BC99=1 1
unkF95709AE=1
