[System]
GroupPart1Type=Simple

[UNKNOWN_HASHES]
unk00855CA3=1
unk012F5C07=CrowOrbit
unk01C73102=50
unk04353453=6
unk0539FB88=0.5
unk05A04641=2 2
unk06C34357=0
unk07E03E99=0
unk0ED3F0A0=10
unk104ACF0D=0 1 0
unk109693D5=-1
unk1361BF56=1 1 1
unk142CB8E4=1 1
unk1908CEA5=100 300 0
unk1B3C42A8=0 1
unk1B3C42A9=0.8 1
unk1B3C42AA=1 0
unk1D4AA3BB=11
unk1F21BB08=6
unk1F907658=1 1
unk21E6C948=0 50 0
unk23D32C87=2 2
unk2481EE4D=3
unk25747565=1
unk267CF285=0 -600 0
unk2714941E=0
unk2F813F18=500
unk2FB4E34E=1
unk3099C098=10
unk3338EECF=1000
unk336CDDFB=4 3
unk3599880A=0 0.5
unk3599880B=1 1
unk35D075D7=0 1 1 1 0
unk35D075D8=0.2 1 1 1 1
unk35D075D9=0.8 1 1 1 1
unk35D075DA=1 1 1 1 0
unk38D048D5=0 0.5
unk38D048D6=1 2
unk3AAAB2C5=color-hold.tga
unk3C502E0F=0 1
unk3C502E10=1 2
unk3CD0760D=1
unk3D16E608=1
unk43E02C7C=20
unk463049CE=0 100 0
unk487AA37C=0
unk4CC5B38E=0 0.8
unk4CC5B38F=1 1.2000000000000002
unk4CEE52C2=5
unk4FE29993=2
unk5035EA5F=1
unk50C286BA=1
unk551330D7=0 500 0
unk55650A02=400
unk56701C72=0 1
unk56701C73=1 1.2000000000000002
unk5987FB6B=1
unk5987FB6C=1
unk59D14D31=1
unk5BFA6BDE=8
unk5F5AB138=0 0
unk5F5AB139=1 360
unk658D6140=1 0
unk65D6B306=1 3
unk660B5E0B=color-feathers2.tga
unk6A43EF41=1 0 0
unk6B0E6364=1
unk6EF728D9=0
unk6F40D7C2=20
unk73229399=1
unk7417662A=animatedcrows.tga
unk77FDD89E=1 1
unk7E481B53=1
unk81703C8E=8
unk82161BBC=1 1
unk841D3E45=CrowAccel
unk848BE072=0 0
unk848BE073=1 360
unk8AA1C2D9=0.7000000000000001
unk8C02C6D0=0
unk8C4C1896=0
unk8D880ED9=1
unk94BE8A1E=0 -500
unk94BE8A1F=1 500
unk967F8883=6
unk9687D919=1000
unk96B99524=1
unk970273F2=SparksAttract
unk97040F64=Feathers.tga
unk9819A0F7=1
unk989BA221=0 0.6
unk989BA222=1 1.2000000000000002
unk98CBABB0=0 300 0
unk9C1F32A5=0 2 0
unk9F45444F=0 50
unk9F454450=1 150
unk9F84B22C=0 0 -200
unk9FC353D0=0 0
unk9FC353D1=1 500
unkA0A36ECB=0
unkA0CA8751=color-rampup.tga
unkA0CE7ABD=20
unkA1070FAF=0 0
unkA1070FB0=1 1
unkA2865C8D=5
unkA3B0D351=255 255 255 255
unkA41F06CC=1 0
unkA42F6924=20 200 0
unkA94E6D7F=Gravity
unkAA000108=600
unkAC250E19=12
unkAE0BD27F=Crow2.sco
unkAFD75C88=Crow.tga
unkB04FBA5D=0 1 0
unkB0D072DA=0 0
unkB0D072DB=1 360
unkB30850F1=FeathersNoise
unkB45F388B=1
unkB7EF0163=0 -3
unkB7EF0164=1 3
unkB86D10E4=0 -10
unkB86D10E5=1 10
unkB8EB2065=0 -3
unkB8EB2066=1 3
unkBA45DF65=1 1
unkBD108CAB=1
unkC12C1215=0 0
unkC12C1216=1 10
unkC1ED5614=-1
unkC44094A3=0 0 1
unkC44C203D=10
unkC5C98205=Drag
unkCA946C5C=30
unkCC041A11=0
unkCC04511B=0
unkCF410CDD=1
unkD45B11AC=0 0
unkD45B11AD=1 360
unkD4D9212D=0 0
unkD4D9212E=1 360
unkD5E25E17=0 1 0
unkD5FA803D=0
unkD90B5018=4 4 4
unkDA6CF5E2=0 1 0
unkDB3DAD5A=0 1
unkDB3DAD5B=1 3
unkDEB8FE2F=1
unkDF024FF5=4
unkE03FEE22=1
unkE15D9D54=0 0.5
unkE15D9D55=1 2
unkE1DBACD5=0 0.5
unkE1DBACD6=1 1.5
unkE979C0DA=1 1 1 1
unkE99D1CDE=0 0 0
unkEBD0BA9E=glows.tga
unkEF18C6A0=0 -50
unkEF18C6A1=1 50
unkF3A66671=5
unkFC9CCB6A=1 1 0
unkFD91BD0C=3
unkFE0C4F5B=0
unkFE2A5694=0 0.8
unkFE2A5695=1 2
