[System]
GroupPart1=sheen1
GroupPart1Importance=High
GroupPart3=iceblock
GroupPart3Importance=High
GroupPart4=flashin
GroupPart4Importance=High
GroupPart4Type=simple
GroupPart5=mist
GroupPart5Importance=Medium
GroupPart5Type=Simple

[drag]
f-drag=3
f-pos=0 0 0
f-radius=1000

[flashin]
e-life=2
e-linger=0
e-local-orient=0
e-rate=10
e-rotation1=1
e-rotation1P1=0 0
e-rotation1P2=1 360
p-bindtoemitter=1 1
p-colorscale=1 0.2
p-colortype=1 0
p-frameRate=0
p-life=0.8
p-linger=1
p-numframes=1
p-offset=10 160 0
p-offsetXP1=0 0.8
p-offsetXP2=1 1.2000000000000002
p-offsetYP1=0 0
p-offsetYP2=1 2
p-rgba=color-redlightning.tga
p-scale=100 100 100
p-startframe=0
p-texdiv=2 3
p-texture=ryzebasicattack.tga
p-type=0
p-xscale1=0 0 0 0
p-xscale2=0.30000000000000004 1 1 1
p-xscale3=1 0 0 0
rendermode=0
single-particle=1

[iceblock]
e-life=1
e-linger=0
e-local-orient=1
e-rate=1
e-uvoffset=1 1
e-uvoffsetXP1=0 -0.004999999888241291
e-uvoffsetXP2=1 0.004999999888241291
e-uvoffsetYP1=0 -0.004999999888241291
e-uvoffsetYP2=1 0.004999999888241291
p-accel=0 -8 0
p-accelYP1=0 1
p-accelYP2=1 1.3
p-backfaceon=0
p-bindtoemitter=1
p-drag=0 -0.30000001192092896 0
p-life=5
p-linger=0
p-mesh=crystalize_wall_03.sco
p-meshtex=icerock07.tga
p-offset=0 150 0
p-quadrot=0 1 0
p-quadrotYP1=0 0
p-quadrotYP2=1 360
p-scale=350 235 350
p-scaleXP1=0 0.9
p-scaleXP2=1 1.1
p-scaleYP1=0 0.8
p-scaleYP2=1 1.2000000000000002
p-scaleZP1=0 0.9
p-scaleZP2=1 1.1
p-shadow=1
p-type=3
p-uvscroll-rgb=0.004999999888241291 -0.004999999888241291
p-xscale1=0 1 1 1
p-xscale2=0.33000001311302185 1.100000023841858 0.8999999761581421 1.100000023841858
p-xscale3=0.6700000166893005 1.2999999523162842 0.6000000238418579 1.2999999523162842
p-xscale4=0.8 1.4000000000000001 0.4 1.4000000000000001
p-xscale5=1 1.8 0.4 1.8
rendermode=0
single-particle=1

[mist]
e-life=4.5
e-linger=0
e-rate=12
e-rotation1=1
e-rotation1P1=0 0
e-rotation1P2=1 360
field-drag-1=drag
p-coloroffset=0 0
p-colorscale=1 1
p-colortype=1 0
p-life=1.4000000000000001
p-lifeP1=0 0.8
p-lifeP2=1 2
p-linger=0
p-offset=80 30 0
p-offsetYP1=0 0
p-offsetYP2=1 1
p-quadrot=1
p-quadrotP1=0 0
p-quadrotP2=1 360
p-rgba=color-mist.tga
p-rotvel=45
p-rotvelP1=0 -1
p-rotvelP2=1 1
p-scale=34
p-scaleP1=0 0.9
p-scaleP2=1 1.149999976158142
p-simpleorient=2
p-startframe=0
p-texdiv=1 1
p-texture=godsmoke.tga
p-vel=100 0 0
p-velXP1=0 1.1
p-velXP2=1 0.7699999809265137
p-xscale=1
p-xscale1=0 0.5
p-xscale2=1 2.5
rendermode=0

[sheen1]
e-life=1
e-linger=0
e-local-orient=0
e-rate=3
e-rateP1=0 0.2
e-rateP2=0.9 0.5
e-rateP3=1 1
e-uvoffset=1 1
e-uvoffsetXP1=0 -1
e-uvoffsetXP2=1 1
e-uvoffsetYP1=0 -1
e-uvoffsetYP2=1 1
p-accel=0 -8 0
p-accelYP1=0 1
p-accelYP2=1 1.3
p-backfaceon=1
p-bindtoemitter=1
p-colorscale=1 1
p-colortype=1 0
p-drag=0 -0.30000001192092896 0
p-life=1
p-linger=0
p-mesh=crystalize_wall_03.sco
p-meshtex=Nexus_Gem_Sparkle.tga
p-offset=0 150 0
p-quadrot=0 1 0
p-quadrotYP1=0 0
p-quadrotYP2=1 360
p-rgba=color-bellcurve.tga
p-scale=375 225 375
p-texdiv=2 2
p-type=3
p-uvscroll-rgb=-0.5 0.5
rendermode=0

[UNKNOWN_HASHES]
unk34CBFD8D=1 1
unk4C7F1DE8=3
unk60C7F188=1
unk6966A37C=0
unk6B2946B1=0
unk6B8A1C6C=0 -1
unk6B8A1C6D=1 1
unk6C082BED=0 -1
unk6C082BEE=1 1
unk71A8B038=0 0
unk71A8B039=1 360
unk739B8181=0 150 0
unk7463E82A=0
unkA652263C=375 225 375
unkACCD60AC=Nexus_Gem_Sparkle.tga
unkB92D91C0=0
unkC3851BEF=1 0
unkCF108BB1=1
unkD05D9D6A=1
unkDC756FB5=5
unkDCA8CE98=1 1
unkE545BADA=0 0.2
unkE545BADB=0.9 0.5
unkE545BADC=1 1
unkE68661E2=color-bellcurve.tga
unkE6932102=0 1 0
unkEED2A9F5=1 1
unkEFBBDB99=0.5
unkF2A7A19C=0.25 -0.5
unkFCF9335B=crystalize_wall_03.sco
