[System]
GroupPart1=cursebandages

[cursebandages]
e-life=1
e-linger=0
e-local-orient=1
e-rate=50
e-rgba=255 255 255 255
e-uvoffset=1 0
e-uvoffsetXP1=0 0
e-uvoffsetXP2=1 1
p-bindtoemitter=1
p-drag=0 5 0
p-flexoffset=0.004999999888241291
p-flexscale=0.004999999888241291
p-frameRate=0
p-life=3
p-lifeP1=0 0.8
p-lifeP2=1 1.2000000000000002
p-linger=2
p-mesh=tantrumbandage.sco
p-meshtex=bandages.tga
p-numframes=1
p-offset=0 1 0
p-offsetYP1=0 0
p-offsetYP2=1 50
p-quadrot=0 1 0
p-quadrotYP1=0 0
p-quadrotYP2=1 360
p-scale=10 10 10
p-shadow=0
p-startframe=0
p-texdiv=1 1
p-texture=bandages.tga
p-type=3
p-vel=0 200 0
p-xquadrot=1 1 1
p-xquadrot-on=1
p-xquadrot1=0 0 10 0
p-xquadrot2=0.1 0 5 0
p-xquadrot3=0.2 0 20 0
p-xquadrot4=0.30000000000000004 0 4 0
p-xquadrot5=0.4 0 0 0
p-xquadrot6=0.5 0 0 0
p-xquadrot7=0.6000000000000001 0 0 0
p-xquadrot8=1 0 0 0
p-xrgba=1 1 1 1
p-xrgba1=0 1 1 1 0
p-xrgba2=0.2 1 1 1 1
p-xrgba3=0.8 1 1 1 1
p-xrgba4=1 1 1 1 0
p-xscale=0.8 1 0.8
p-xscale1=0 1 1 1
p-xscale2=0.1 1.2000000000000002 1 1.2000000000000002
p-xscale3=0.30000000000000004 0.5 1 0.5
p-xscale4=0.4 0.6000000000000001 1 0.6000000000000001
p-xscale5=1 0.6000000000000001 1 0.6000000000000001
rendermode=1
single-particle=1

[UNKNOWN_HASHES]
unk007EF628=16
unk0F8874AA=0 -500 0
unk1AF9FB7C=1 0 0
unk1BB9F3EA=0 0 1
unk24F170ED=0.004999999888241291
unk267CF285=0 -500 0
unk2714941E=0
unk27C2D9CE=4 4
unk29E93FD0=0
unk30281A61=0 0.7000000000000001
unk30281A62=1 2
unk342DAC30=3
unk36672770=0.5
unk3BBD7502=0 0
unk3EDB7747=bloodstrand.tga
unk411BAF61=0 0.5
unk411BAF62=1 2
unk427EF9BB=3
unk439667F8=1 1 1
unk47ED2FBA=0 0 1
unk4A348555=0 0
unk4A348556=1 20
unk4AB294D6=0 0
unk4AB294D7=1 360
unk4AF3ED86=15 15 15
unk4C8FEBE8=color-bloodstrand32.tga
unk4CB11DB6=20 20 20
unk55C5659F=200
unk57BFB860=1
unk57D0711D=0.004999999888241291
unk5BDDBF2B=1 1
unk5C746887=0 50 0
unk5F8D742B=0 1 6 1
unk5F8D742C=0.5 1 1 1
unk5F8D742D=1 1 1 1
unk6346C1BD=0 0
unk6346C1BE=1 360
unk6C90EEE0=0.004999999888241291
unk7179F170=turret nexus inhibitor
unk7B4DF364=1
unk7B4DF365=1
unk7D8D2F7F=0 -120
unk7D8D2F80=1 120
unk7F329D25=0 0
unk7F329D26=1 20
unk7FB0ACA6=0 0
unk7FB0ACA7=1 360
unk84C7EC4F=0
unk87535939=1 3
unk8A7768DA=0 -1000 0
unk8B8CA4D2=0 0
unk8E6B8994=64
unk8F227C3A=1 0 0
unk91135F17=blurdrops.tga
unk9D146B03=0 0.2
unk9D146B04=1 1.2000000000000002
unk9D927A84=0 0.30000000000000004
unk9D927A85=1 0.6000000000000001
unk9E900049=0 500 0
unkA9D1B819=0 500 0
unkADC8BEC9=16
unkAE2CF394=1
unkAE2CF395=1
unkB36363A0=0.5
unkBA325969=1 3
unkBEB58CB7=0 50 0
unkBF7B35EB=3
unkC0A67733=0 0.4
unkC0A67734=1 1.2000000000000002
unkC581B59E=1 1
unkC69A2BC8=2 2 2
unkC98C2818=color-bloodfade32.tga
unkCDE6F631=0 0.8
unkCDE6F632=1 1.8
unkD2C1A1CF=200
unkD5A5E195=1
unkDEDA8B31=0 0.5
unkDEDA8B32=1 1.5
unkE0EECAFB=1 1
unkE37F79A0=turret nexus inhibitor
unkE77FE310=0.004999999888241291
unkFD4C4FFB=0 1 1 1
unkFD4C4FFC=1 3 3 3
