[System]
GroupPart1Type=Simple
GroupPart2=diamonds
GroupPart2Type=Simple
GroupPart3=disintegrate1
SimulateEveryFrame=1

[diamonds]
e-rate=100
e-rotation1=1
e-rotation1P1=0 0
e-rotation1P2=1 360
p-bindtoemitter=0.6000000000000001 0.2
p-life=1
p-linger=1
p-offset=40 0 0
p-offsetXP1=0 0
p-offsetXP2=1 1
p-rgba=color-rampdown.tga
p-scale=40
p-scaleP1=0 0.9
p-scaleP2=1 1.1
p-texdiv=1 1
p-texture=blue_buf_01.tga
p-vel=50 60 0
p-velXP1=0 0
p-velXP2=1 1
p-velYP1=0 -0.20000000298023224
p-velYP2=1 1
p-xscale1=0 1
p-xscale2=1 0.2

[disintegrate1]
e-life=1
e-local-orient=1
e-rate=120
e-rotation1=1
e-rotation11=0 0
e-rotation12=1 2000
p-bindtoemitter=1
p-bindtoemitter1=0 1
p-bindtoemitter2=0.2 0
p-bindtoemitter3=1 0
p-colorscale=1 1
p-colortype=1 0
p-life=0.5
p-linger=0.5
p-offset=20 0 0
p-rgba=color-hold.tga
p-scale=50 50 50
p-texdiv=1 1
p-texture=Flare-Rainbow.tga
p-type=0
p-xscale1=0 1 1 1
p-xscale2=1 0 0 0
rendermode=0

[UNKNOWN_HASHES]
unk0292C2C9=CrypticGaze05.tga
unk02B5699C=2 3
unk23715576=0.7000000000000001 0
unk258BB44F=0.25
unk294EC9F0=1
unk2C4FC1A8=Flare-Rainbow.tga
unk2DA56C46=0 0 1
unk3AB4B3C5=10 0 0
unk3BB478C7=color-hold.tga
unk3FCDD324=1
unk40F803EB=1 3
unk44E9F27E=150
unk459001FC=0.5
unk4A671DE3=1 0.5
unk4ABEB774=0 0
unk4ABEB775=1 1
unk4B3CC6F5=0 0
unk4B3CC6F6=1 1
unk4BBAD676=0 0
unk4BBAD677=1 1
unk4D3045BB=CrypticGaze05.tga
unk4F703B16=-1
unk52A15D84=0.5 0
unk57E275E6=3 3 3
unk5BB8C674=color-CrypticGaze.tga
unk5ECE0A2A=2 3
unk62AB1387=1 0.5
unk64EE402B=150
unk67334ABD=0 0
unk67334ABE=1 1
unk69B909F9=0 0.9
unk69B909FA=1 1.1
unk7826DFBD=0 0.8
unk7826DFBE=1 2
unk7C19C808=1
unk7C19C809=1
unk80165FC9=0 0
unk80165FCA=1 360
unk80946F4A=0 0
unk80946F4B=1 360
unk86CAF60D=0 0.5
unk86CAF60E=0.2 1
unk86CAF60F=0.7000000000000001 0.5
unk86CAF610=0.949999988079071 0.10000000149011612
unk86CAF611=1 0.1
unk881F2DDD=1 3
unk8B9540AB=4
unk8BF1C3BF=0 0
unk8BF1C3C0=1 360
unk9135E1B5=-1
unk91E5E166=0 0
unk91E5E167=1 1
unk9263F0E7=0 0
unk9263F0E8=1 1
unk92E20068=0 0
unk92E20069=1 1
unk937608D8=0 0.9
unk937608D9=1 1.1
unk99A81C85=3 3 3
unk9BE673B2=1
unkB087F4EC=0 1
unkB087F4ED=1 0.1
unkB38EC897=60
unkB4568CEB=0 0.30000000000000004
unkB4568CEC=1 1
unkB615C0F9=1 0.25
unkBAC8E6F6=0 0.5
unkC0EFC2FD=1 1
unkCDE5834A=1 0
unkD16878FF=0 1
unkD1687900=0.5 1
unkD1687901=1 0
unkD318EDB1=0 0
unkD318EDB2=1 360
unkD7AC36D3=0 0
unkD7AC36D4=1 1
unkD82A4654=0 0
unkD82A4655=1 1
unkD8A855D5=0 0
unkD8A855D6=1 1
unkDA107A6E=0.25
unkDEB146FE=1
unkE0CBC2BD=0 40 0
unkE24AE62A=6
unkE3E7195A=1 1
unkE65A8A38=11
unkE74A0653=10 0 0
unkED4E8243=-1
unkF0393EE6=color-CrypticGaze.tga
unkF5C0BD13=5 5 5
unkF96EB89D=150
