[System]
GroupPart1Type=Simple
GroupPart2=lifeaura1
GroupPart3=lifeaura2
GroupPart4=lightray
GroupPart5=starswirl
GroupPart5Type=Simple
SimulateEveryFrame=1
SoundOnCreate=Play_sfx_deathexplo_Death

[lifeaura1]
e-life=1
e-linger=0
e-local-orient=0
e-rate=1
e-uvoffset=1 -0.10000000149011612
e-uvoffsetXP1=0 0.6000000000000001
e-uvoffsetXP2=1 1
p-backfaceon=1
p-life=3
p-mesh=deathexplo.sco
p-meshtex=deathexplo.tga
p-offset=0 200 0
p-quadrot=0 1 0
p-quadrotYP1=0 0
p-quadrotYP2=1 360
p-rgba=color-hold.tga
p-scale=10 15 10
p-texdiv=2 1
p-type=3
p-uvscroll-rgb=0 -0.30000001192092896
rendermode=0
single-particle=1

[lifeaura2]
e-life=1
e-linger=0
e-local-orient=0
e-rate=1
e-uvoffset=1 -0.10000000149011612
e-uvoffsetXP1=0 0.6000000000000001
e-uvoffsetXP2=1 1
p-backfaceon=1
p-life=3
p-mesh=deathexplo.sco
p-meshtex=deathexplo-purple.tga
p-offset=0 200 0
p-quadrot=0 1 0
p-quadrotYP1=0 0
p-quadrotYP2=1 360
p-rgba=color-rampdown.tga
p-scale=10 15 10
p-texdiv=2 1
p-type=3
p-uvscroll-rgb=0 -0.30000001192092896
rendermode=0
single-particle=1

[lightray]
e-life=2
e-linger=0
e-local-orient=0
e-rate=400
e-rate1=0 1
e-rate2=0.30000000000000004 0.5
e-rate3=1 0.2
e-rotation1=1
e-rotation1-axis=0 1 0
e-rotation1P1=0 0
e-rotation1P2=1 360
p-accel=0 0 0
p-bindtoemitter=1
p-colorscale=1 1
p-colortype=1 3
p-life=0.5
p-lifeP1=0 0.5
p-lifeP2=0.5 0.8
p-lifeP3=1 1
p-linger=0.7000000000000001
p-numframes=1
p-offset=1 0 0
p-offset1=0 3 0 0
p-offset2=1 0.2 0 0
p-offsetXP1=0 0
p-offsetXP2=0.8 10
p-offsetXP3=1 40
p-quadrot=-90 0 0
p-rgba=color-ghostfire.tga
p-scale=70 50 10
p-scale1=0 0 0.05 1
p-scale2=0.30000000000000004 1 1.5 5
p-scale3=1 0 0.2 7
p-scaleXP1=0 -2
p-scaleXP2=0.5 -0.800000011920929
p-scaleXP3=0.5009999871253967 0.800000011920929
p-scaleXP4=1 2
p-scaleYP1=0 0.5
p-scaleYP2=0.7000000000000001 0.8
p-scaleYP3=1 1.5
p-startframe=0
p-texdiv=1 1
p-texture=ghostfire.tga
p-type=2
p-vel=0 0 0
p-xscale=1 1 1
p-xscale1=0 1 0 0
p-xscale2=1 0.8 10 0

[starswirl]
e-life=1
e-linger=0
e-rate=20
e-rate1=0 1
e-rate2=1 0
e-rotation1=1
e-rotation1P1=0 0
e-rotation1P2=1 360
field-attract-1=suck
field-orbit-1=swirl
p-bindtoemitter=1 1
p-colorscale=1 0.6000000000000001
p-colortype=1 0
p-frameRate=0
p-life=3
p-linger=3
p-numframes=1
p-offset=1 0 0
p-quadrot=1
p-rgba=color-bellcurve.tga
p-rotvel=0 0 0
p-rotvelXP1=0 -1
p-rotvelXP2=1 1
p-scale=20
p-scaleP1=0 0.5
p-scaleP2=1 1.5
p-startframe=1
p-texdiv=2 3
p-texture=ryzebasicattack.tga
p-vel=0 300 -50
p-velYP1=0 0.25999999046325684
p-velYP2=1 1
p-xscale=1
p-xscale1=0 0
p-xscale2=0.1 1
p-xscale3=0.9 1
p-xscale4=1 0

[suck]
f-accel=120
f-pos=0 1200 0
f-radius=1200

[swirl]
f-direction=0 1 0
f-localspace=0

[UNKNOWN_HASHES]
unk182B7720=0
unk1D2311C5=2
unk2222CB7E=1
unk267CF285=0 -500 0
unk270374E7=1
unk2714941E=0
unk2E3E42CA=0.2
unk3338EECF=1000
unk35AE794A=0 0.8
unk35AE794B=1 1.2000000000000002
unk3A561515=1
unk3CCF8E45=0 0
unk3CCF8E46=1 30
unk3D4D9DC6=0 0
unk3D4D9DC7=1 200
unk4015C355=0 0
unk44670742=color-rampdown.tga
unk468A98DC=0
unk47F5CB8C=0
unk4C5A160B=1 1
unk4D9C80F9=2
unk50BF76E1=0 5 0
unk52C0655E=0 1
unk52C0655F=1 0
unk5418D209=10
unk54BF569E=0 0.5
unk54BF569F=1 3
unk54F76E1C=0 -100 0
unk551330D7=0 0 0
unk65B2EB9E=0 1
unk65B2EB9F=1 2
unk65FAD8DC=30
unk66B98D28=0 0
unk66B98D29=1 360
unk6BADFF6D=deathwave.tga
unk6CD747CF=drag
unk78853F55=1 1
unk78E9AC07=1
unk7E029A90=0 0
unk7E029A91=1 360
unk87AE2E5D=2
unk89727F93=1
unk8CE67755=200
unk93C600A8=1
unk9DD6F2D5=color-hold.tga
unkA16F6C79=0
unkA6A36428=0 0
unkA70C6C8C=100
unkA7FB7627=0 1 0
unkA8F72E8F=1 0
unkAA5FC348=1
unkAAA6B64F=1
unkACCD7CB3=0
unkB9CCC3F8=1 1
unkC4232D8A=0
unkCE88321A=sowflash.tga
unkCF6C941F=0
unkD917EAEF=0
unkDADA8E24=0
unkDF774CDA=1
unkE34CC8F4=1 1 0
unkEFE632B1=0 0.2
unkEFE632B2=1 10
unkF3A66671=1
