[Distort]
e-life=10
e-rate=2
flag-disable-z=1
p-distortion-power=0.009999999776482582
p-flexoffset=0.005200000014156103
p-flexscale=0.004999999888241291
p-life=2
p-linger=0
p-local-orient=1
p-normal-map=distort-ripples.tga
p-postoffset=0 70 0
p-rgba=color-bellcurve32.tga
p-scale=70 70 0
p-texture=color-hold.dds
p-xscale=1 1 1
p-xscale1=0 0.5 0.5 0.5
p-xscale2=1 2 2 2
rendermode=1

[Eye]
e-life=1
e-rate=1
p-bindtoemitter=1 1
p-flexoffset=0.005200000014156103
p-flexscale=0.004999999888241291
p-life=10
p-linger=0
p-postoffset=0 50 0
p-quadrot=1 1 1
p-rgba=color-hold.tga
p-scale=50 50 0
p-texdiv=2 1
p-texture=TF_Eye.dds
p-vel=1 0 0
p-velXP1=0 -1
p-velXP2=1 1
p-xquadrot=1 0 0
p-xquadrot-on=1
p-xquadrot1=0 0 0 0
p-xquadrot2=0.257 0.039 0 0
p-xquadrot3=0.275 2.727 0 0
p-xquadrot4=0.3 0.045 0 0
p-xquadrot5=0.35 0.052 0 0
p-xquadrot6=0.37 -4.105 0 0
p-xquadrot7=0.398 0.06 0 0
p-xquadrot8=0.428 0.064 0 0
p-xquadrot9=0.458 -3.267 0 0
pass=1
rendermode=1
single-particle=1

[Flames]
e-life=10
e-local-orient=0
e-rate=200
e-rotation1=1
e-rotation1-axis=0 0 1
e-rotation1P1=0 0
e-rotation1P2=1 360
p-colortype=1 3
p-flexoffset=0.006000000052154064
p-life=0.7000000000000001
p-linger=0
p-numframes=16
p-offset=0 20 0
p-postoffset=0 50 0
p-quadrot=1
p-quadrotP1=0 -30
p-quadrotP2=1 30
p-randomstartframe=1
p-rgba=color-flames.tga
p-rotvel=120
p-rotvelP1=0 -1
p-rotvelP2=0.10000000149011612 -0.30000001192092896
p-rotvelP3=0.9 0.30000000000000004
p-rotvelP4=1 1
p-scale=6
p-scaleP1=0 1
p-scaleP2=1 1.2000000000000002
p-texdiv=4 4
p-texture=Fire_Torch_02.dds
p-vecalign=1
p-vel=0 60 0
p-velYP1=0 1
p-velYP2=1 2
p-xscale=1
p-xscale1=0 1
p-xscale2=0.4 1.5
p-xscale3=0.6000000000000001 2
p-xscale4=1 0.5
pass=-1

[Ring]
e-life=10
e-rate=18
p-bindtoemitter=1 1
p-flexoffset=0.005200000014156103
p-flexscale=0.004999999888241291
p-life=1
p-linger=0
p-postoffset=0 50 0
p-quadrot=360
p-quadrotP1=0 0
p-quadrotP2=1 1
p-rgba=color-bellcurve4.tga
p-rotvel=-100
p-rotvelP1=0 0.25
p-rotvelP2=1 1
p-scale=45
p-shadow=1
p-startframe=1
p-texdiv=2 1
p-texture=TF_Eye.dds
p-xscale=1
p-xscale1=0 1
p-xscale2=1 2
pass=90
rendermode=4

[System]
GroupPart1=Flames
GroupPart1Type=Simple
GroupPart2=Ring
GroupPart2Type=Simple
GroupPart3=Eye
GroupPart4=Distort
SimulateEveryFrame=1
build-up-time=2

[UNKNOWN_HASHES]
unkDAD0984D=0.475 0.071 0 0
unkDAD0984E=0.51 0.076 0 0
unkDAD0984F=0.535 2.639 0.083 0
unkDAD09850=0.545 0 0 0
unkDAD09851=0.592 0 0 0
unkDAD09852=0.61 3.212 0 0
unkDAD09853=0.632 0 0 0
unkDAD09854=0.69 0 0 0
unkDAD09855=0.715 -4.103 -0.05 0
unkDAD09856=0.725 0 0 0
unkDAD1988C=1 0 0 0
