[Flash]
e-life=0.03999999910593033
e-rate=100
p-bindtoemitter=1 1
p-life=0.5
p-postoffset=0 30 0
p-quadrot=1
p-quadrotP1=0 0
p-quadrotP2=1 360
p-rgba=color-rampdown.tga
p-scale=50
p-scaleP1=0 1
p-scaleP2=1 3
p-texdiv=2 3
p-texture=TristanaShot.tga
p-xscale=1 1 1
p-xscale1=0 0.7044073939323425 1 1
p-xscale2=1 1.3350000381469727 1 1

[Rise]
f-accel=0 400 0
f-localspace=0

[SparksDrag]
f-drag=4
f-pos=0 0 0
f-radius=2000

[System]
GroupPart1=Flash
GroupPart1Type=Simple
GroupPart2=followsparks
GroupPart2Type=Simple
GroupPart3=smoke
GroupPart3Type=Simple
GroupPart4=firecircle
GroupPart4Type=Simple
GroupPart5=firecircle3
GroupPart5Type=Simple
PersistThruDeath=1

[firecircle]
Emitter-BirthRotationalAcceleration=0 0 0
Particle-Acceleration=0 0 0
Particle-Drag=0 0 0
Particle-Velocity=0 0 0
e-active=1
e-life=0.7000000000000001
e-linger=1
e-period=1
e-rate=7
e-rate1=0 1
e-rate2=1 0.25903698801994324
p-bindtoemitter=1 0
p-bindtoemitter1=0 1 0
p-bindtoemitter2=1 1 0
p-frameRate=8
p-life=0.5
p-life1=0 1.5199999809265137
p-life2=0.6669999957084656 0.7039999961853027
p-life3=1 0.1482962965965271
p-offset=0 100 0
p-quadrot=20
p-quadrot1=0 0 0 0
p-quadrot2=1 -15 0 0
p-rgba=color-firenova.tga
p-rotvel=20
p-rotvel1=0 0 0 0
p-rotvel2=1 0 0 0
p-scale=4
p-simpleorient=2
p-startframe=5
p-texdiv=2 4
p-texture=InfernalGuardian03.tga
p-type=1
p-xscale=1
p-xscale1=0 0 0 0
p-xscale2=0.03700000047683716 1.4800000190734863 0 0
p-xscale3=0.10385189950466156 4.154076099395752 0 0
p-xscale4=0.1080000028014183 4.320000171661377 0 0
p-xscale5=0.24829639494419098 9.931856155395508 0 0
p-xscale6=0.25200000405311584 10.079999923706055 0 0
p-xscale7=1 47 0 0
uniformscale=1

[firecircle3]
Emitter-BirthRotationalAcceleration=0 0 0
Particle-Acceleration=0 0 0
Particle-Drag=0 0 0
Particle-Velocity=0 0 0
e-active=1
e-life=0.4
e-linger=1
e-period=1
e-rate=10
p-bindtoemitter=1 0
p-bindtoemitter1=0 1 0
p-bindtoemitter2=1 1 0
p-frameRate=2
p-life=1
p-offset=0 100 0
p-quadrot=45
p-quadrot1=0 0 0 0
p-quadrot2=1 -15 0 0
p-rgba=color-firenovaripple.tga
p-rotvel=20
p-rotvel1=0 0 0 0
p-rotvel2=1 0 0 0
p-scale=5
p-simpleorient=2
p-startframe=3
p-texdiv=2 4
p-texture=InfernalGuardian03.tga
p-type=1
p-xscale=1
p-xscale1=0 0 0 0
p-xscale2=0.10385189950466156 6.231113910675049 0 0
p-xscale3=0.24829639494419098 14.897780418395996 0 0
p-xscale4=0.25200000405311584 15.119999885559082 0 0
p-xscale5=1 60 0 0
uniformscale=1

[followsparks]
e-life=1
e-rate=400
e-rotation1=1
e-rotation1-axis=0 0 1
e-rotation1P1=0 0
e-rotation1P2=1 360
e-rotation2=1
e-rotation2P1=0 0
e-rotation2P2=1 360
field-accel-1=Rise
field-drag-1=SparksDrag
p-bindtoemitter=0.6000000000000001 0
p-coloroffset=0.5 0
p-colorscale=0.5 1
p-life=1
p-lifeP1=0 0.2
p-lifeP2=0.8 0.4
p-lifeP3=1 1
p-linger=-1
p-numframes=4
p-offset=15 0 0
p-quadrot=1
p-quadrotP1=0 0
p-quadrotP2=1 360
p-randomstartframe=1
p-rgba=color-sparks.tga
p-scale=30
p-scaleP1=0 0.1
p-scaleP2=1 1
p-startframe=2
p-texdiv=2 3
p-texture=fireball_hit.tga
p-vel=0 100 0
p-velYP1=0 0
p-velYP2=1 1
p-xscale=1
p-xscale1=0 0
p-xscale2=0.2 1
p-xscale3=0.8 1
p-xscale4=1 0

[smoke]
e-life=1
e-rate=120
p-bindtoemitter=0 0
p-colortype=1 3
p-life=1
p-lifeP1=0 0.8
p-lifeP2=1 1.4000000000000001
p-linger=-1
p-numframes=4
p-offset=5 50 5
p-offsetXP1=0 0
p-offsetXP2=1 1
p-offsetYP1=0 -1
p-offsetYP2=1 1
p-offsetZP1=0 0
p-offsetZP2=1 1
p-quadrot=1
p-quadrotP1=0 0
p-quadrotP2=1 360
p-randomstartframe=1
p-rgba=color-smokedark.tga
p-scale=50
p-scaleP1=0 0.6000000000000001
p-scaleP2=1 1.4000000000000001
p-texdiv=2 2
p-texture=smokepuffs.tga
p-vel=0 200 0
p-xscale=1
p-xscale1=0 1
p-xscale2=1 1.5
rendermode=1

[UNKNOWN_HASHES]
unk1ACCD2DF=7
unk383A4669=0 30 0
unk38818E0E=1
unk412D3890=0 0
unk412D3891=1 1
unk41AB4811=0 0
unk41AB4812=1 0
unk42295792=0 0
unk42295793=1 1
unk6F627177=0 0
unk6F627178=1 1
unk6FE080F8=0 0
unk6FE080F9=1 0
unk705E9079=0 0
unk705E907A=1 1
unkA0818D35=1
unkBFF6C042=0 20 0
unkC59752C6=7
