[System]
GroupPart1=blood_burst
GroupPart1Importance=Low
GroupPart1Type=complex
GroupPart2=cast_speed
GroupPart2Importance=Low
GroupPart2Type=Simple

[blood_burst]
e-life=1
e-rate=200
e-rotation1=1
e-rotation1-axis=0 0 1
e-rotation1P1=0 0
e-rotation1P2=1 360
e-rotation2=1
e-rotation2P1=0 0
e-rotation2P2=1 125
e-timeoffset=0.4
p-bindtoemitter=0 0
p-colorscale=1 1
p-colortype=1 3
p-drag=1 1 1
p-flexoffset=0.004999999888241291
p-frameRate=16
p-life=0.5
p-lifeP1=0 0.5
p-lifeP2=1 2
p-numframes=16
p-offset=0 0 0
p-rgba=color-bloodfade32.tga
p-scale=17 17 17
p-scale1=0 1 3 1
p-scale2=0.5 1 1 1
p-scale3=1 1 1 1
p-scaleXP1=0 0.4
p-scaleXP2=1 1.2000000000000002
p-startframe=0
p-texdiv=4 4
p-texture=blurdrops.tga
p-vecalign=1
p-vel=71 135 30
p-velYP1=0 0.25
p-velYP2=1 1.6
p-worldaccel=0 -1000 0
rendermode=1

[cast_speed]
Emitter-BirthRotationalAcceleration=0 0 0
Particle-Acceleration=0 0 0
Particle-Drag=0 0 0
Particle-Velocity=0 0 0
e-active=1
e-life=0.4
e-linger=1
e-period=1
e-rate=15
e-rate1=0 1
e-rate2=1 0.25903698801994324
e-timeoffset=0.6
p-bindtoemitter=1 0
p-bindtoemitter1=0 1 0
p-bindtoemitter2=1 1 0
p-life=0.25
p-life1=0 1.5199999809265137
p-life2=1 1
p-local-orient=0
p-offset=0 -10 0
p-quadrot=20
p-quadrot1=0 0 0 0
p-quadrot2=1 -15 0 0
p-rgba=slow_fade_in_out_p-rgba_02.tga
p-rotvel=20
p-rotvel1=0 0 0 0
p-rotvel2=1 0 0 0
p-scale=10
p-simpleorient=2
p-texture=firery_pow_01.tga
p-type=1
p-vel=0 0 0
p-xscale=1
p-xscale1=0 0 0 0
p-xscale2=0.03700000047683716 0.7944443821907043 0 0
p-xscale3=0.10385189950466156 0.7944443821907043 0 0
p-xscale4=0.1080000028014183 0.7944443821907043 0 0
p-xscale5=0.24829639494419098 0.7944443821907043 0 0
p-xscale6=0.25200000405311584 0.7944443821907043 0 0
p-xscale7=0.25925931334495544 0.7944443821907043 0 0
p-xscale8=0.41100001335144043 4.2210001945495605 0 0
p-xscale9=1 15 0 0
uniformscale=1

[UNKNOWN_HASHES]
unk33094FC0=7
unk4F618994=1
unkABFE01C8=0 30 0
unkCE2D3471=0 0
unkCE2D3472=1 1
unkCEAB43F2=0 0
unkCEAB43F3=1 0
unkCF295373=0 0
unkCF295374=1 1
