[System]
GroupPart1=eye1
SimulateEveryFrame=1

[eye1]
e-life=10000
e-linger=0
e-local-orient=0
e-rate=10
p-bindtoemitter=1 1
p-coloroffset=0 0
p-colorscale=1 1
p-colortype=1 3
p-life=0.5
p-linger=0
p-numframes=4
p-postoffset=0 100 0
p-randomstartframe=1
p-rgba=color-elixirbell.tga
p-scale=30 30 0
p-scaleXP1=0 -1
p-scaleXP2=0.5 -1
p-scaleXP3=0.5001000165939331 1
p-scaleXP4=1 1
p-scaleYP1=0 -1
p-scaleYP2=0.5 -1
p-scaleYP3=0.5001000165939331 1
p-scaleYP4=1 1
p-startframe=0
p-texdiv=2 2
p-texture=ElixirEyes.tga
p-type=0
rendermode=0

[UNKNOWN_HASHES]
unk064F78B1=0 0.2
unk066E1154=0
unk078E55F3=1
unk0830B489=0
unk0AE47742=3
unk0FDC55D8=0 100 0
unk10E7AD18=1 3
unk14E1EA02=0
unk16FC498D=10000
unk18BD3FCD=1 0.1
unk1D20A4F5=elixirvision.tga
unk1E0C35B2=1 1
unk1E993F33=0.1 0.1
unk210D3BBA=color-rainbowbell.tga
unk21FD7CC1=0
unk2438E137=0
unk26A7B36F=0
unk2787293C=0
unk2A17A97F=0
unk2A42B571=0.6000000000000001
unk2B06FEAF=1 1
unk2F190F80=0
unk2FF9640C=0 10 0
unk41A76CF1=0
unk445F9017=1 3
unk481A5D02=waves.tga
unk4EDF8E70=2
unk5107DAC0=3
unk521CFC94=0 0
unk521CFC95=1 1
unk529B0C15=0 0
unk529B0C16=1 1
unk569B6708=1
unk57172532=0 0.2
unk577ABB98=0
unk5D1FAD0B=10000
unk60633535=1
unk60B1123D=1 1
unk62A777BF=0
unk67309F38=color-rainbowbell.tga
unk691B95D2=0
unk6ADE3907=0
unk706618EF=0.6000000000000001
unk72C3A316=0
unk747438ED=1
unk79B03C70=1 1
unk7F9D3DB0=1 1
unk802482EB=1
unk825C7917=0 100 0
unk83B97276=elixirvision.tga
unk8705F7C0=0
unk8A134A07=1
unk8B3D630C=1 0.1
unk8D8D3E66=30 -30 30
unk90F4CB74=0.1 0.1
unk9906B123=1 1
unk9D5C3299=0 100 0
unkA19599ED=color-hymnofvalor.tga
unkA2E4A915=0 0
unkA2E4A916=1 1
unkA362B896=0 0
unkA362B897=1 1
unkAACB13A4=1
unkAC3DB2F2=0.1 0.1
unkADF62901=3
unkB4279030=0
unkB587CC30=0 0.2
unkB7C4D393=0
unkB98776C8=0
unkBA0DFB4C=10000
unkBA738065=30 30 30
unkBD8B2D06=1
unkC41EED79=color-rainbowbell.tga
unkCC529046=0 0.4
unkCC529047=1 1
unkCD295B3E=0
unkCD546730=0.4
unkCED4B9B1=1 1
unkD549FF65=1 1
unkD61F1AAB=1
unkDC5DC0EE=1 1
unkDD6FCA19=1 3
unkE2659224=1 1
unkE4504EA4=0
unkE51F2F57=0
unkE71BF0F1=350
unkE759C264=-30 30 30
unkEA523FF7=elixirvision.tga
unkEF8124E3=1 1
unkF3AC5596=0 0
unkF3AC5597=1 1
unkF42A6517=0 0
unkF42A6518=1 1
unkFA4C5DEC=1
unkFDBD864B=1 0.1
