[System]
GroupPart1=smoke
SimulateEveryFrame=1
build-up-time=10

[smoke]
Particle-Acceleration=5 2 5
Particle-Acceleration1=0 -50 10 10
Particle-Acceleration2=0.20000000298023224 30 1 20
Particle-Acceleration3=0.4000000059604645 -40 0 30
Particle-Acceleration4=0.75 20 0 40
Particle-Acceleration5=1 -30 0 50
e-life=1000000
e-local-orient=0
e-rate=40
e-rotation1=0
e-rotation1-axis=0 1 0
p-accel=2 1 2
p-accelXP1=0 -10
p-accelXP2=1 10
p-accelYP1=0 -20
p-accelYP2=1 20
p-accelZP1=0 -10
p-accelZP2=1 10
p-bindtoemitter=1
p-colortype=1 3
p-drag=1 1 1
p-life=6
p-numframes=4
p-offset=0 0 0
p-postoffset=0 0 0
p-quadrot=0 1 0
p-quadrotYP1=0 0
p-quadrotYP2=1 360
p-randomstartframe=1
p-rgba=color-Chimney_Smoke.tga
p-rotvel=0 60 0
p-rotvel1=0 0 -1 0
p-rotvel2=1 0 1 0
p-scale=20 20 0
p-scaleXP1=0 0.5
p-scaleXP2=1 2
p-startframe=0
p-texdiv=2 2
p-texture=Env_Chimney_Smoke.tga
p-vel=1 60 0
p-worldaccel=-20 0 10
p-xscale1=0 0.5 0.5 0
p-xscale2=1 2 2 0
pass=100
rendermode=1
uniformscale=1

[UNKNOWN_HASHES]
unk0328ADC6=0 0 0
unk28FA6A73=0
unk47DF2542=1
unk5DB26927=0.5
unk9924BF21=10
unkBCAF8A2E=0 0 0
unkDAB681F0=-50 10 50
unkE1DD5520=100
unkEF0046B8=100
