[System]
GroupPart1=Wind
SimulateEveryFrame=1
group-vis=8000

[Wind]
e-life=-1
e-linger=0
e-local-orient=0
e-rate=0.30000000000000004
e-rotation1=240
e-rotation1-axis=0 1 0
e-uvoffset=1 1
e-uvoffsetXP1=0 0
e-uvoffsetXP2=1 1
e-uvoffsetYP1=0 0
e-uvoffsetYP2=1 1
p-accel=0 0 -4
p-backfaceon=0
p-bindtoemitter=1 1
p-life=8
p-lifeP1=0 0.8
p-lifeP2=1 1
p-linger=2
p-mesh=Env_MB_abyssClouds_01.sco
p-meshtex=Env_MB_abyssClouds_01.dds
p-offset=1 1 1
p-offsetXP1=0 -1000
p-offsetXP2=1 8000
p-offsetYP1=0 -20000
p-offsetYP2=1 -6000
p-offsetZP1=0 -3500
p-offsetZP2=1 3500
p-quadrot=0 90 0
p-scale=100 40 40
p-shadow=0
p-type=3
p-uvscroll-no-alpha=1
p-uvscroll-rgb=0.03 0
p-uvscroll-rgbXP1=0 0.30000000000000004
p-uvscroll-rgbXP2=1 0.7000000000000001
p-uvscroll-rgbYP1=0 0.30000000000000004
p-uvscroll-rgbYP2=1 1
p-vecalign=1
p-vel=300 0 1
p-velXP1=0 0.5
p-velXP2=1 1
p-xrgba=1 1 1 1
p-xrgba1=0 1 1 1 0
p-xrgba2=0.5 1 1 1 0.6
p-xrgba3=1 1 1 1 0
p-xscale1=0 1 1 1
p-xscale2=1 0.7000000000000001 1 1
rendermode=4
single-particle=0

