[Fire]
e-life=-1
e-rate=15
e-rateP1=0 1
e-rateP2=0.9900000095367432 2
e-rateP3=1 20
e-rotation1=1
e-rotation1-axis=0 1 0
e-rotation1P1=0 0
e-rotation1P2=1 360
p-accel=0 0 0
p-frameRate=0
p-life=0.6000000000000001
p-lifeP1=0 0.5
p-lifeP2=1 1
p-linger=2
p-numframes=8
p-offset=0 10 0
p-offsetXP1=0 0.25
p-offsetXP2=1 1
p-quadrot=1 0 0
p-quadrotXP1=0 -90
p-quadrotXP2=1 90
p-quadrotXP3=2 0
p-randomstartframe=1
p-scale=28 28 28
p-startframe=0
p-texdiv=4 2
p-texture=Env_MB_brazierFire_flipbook_01.dds
p-type=0
p-vecalign=0
p-worldaccel=0 800 0
p-worldaccelXP1=0 0
p-worldaccelXP2=0.30000000000000004 0
p-worldaccelXP3=1 1
p-xrgba=1 1 1 1
p-xrgba1=0 1 1 1 0
p-xrgba2=0.3 1 1 1 1
p-xrgba3=0.6 1 1 1 1
p-xrgba4=1 1 1 1 0
p-xscale1=0 0.6000000000000001 0.6000000000000001 0.6000000000000001
p-xscale2=0.1 1 1 1
p-xscale3=1 0.8 0.8 0.8
p-xscaleP1=0.6000000000000001 1
p-xscaleP2=1 0.6000000000000001
pass=1
rendermode=1

[Smoke]
e-life=-1
e-linger=0
e-rate=5
e-rgba=255 255 255 255
e-rotation1=1
e-rotation1-axis=0 1 0
e-rotation1P1=0 45
e-uvoffset-mult=1 1
e-uvoffset-multXP1=0 1
e-uvoffset-multXP2=1 0
e-uvoffset-multYP1=0 1
e-uvoffset-multYP2=1 0
p-backfaceon=1
p-bindtoemitter=1 1
p-drag=0 1 0
p-life=4
p-lifeP1=0 0.6000000000000001
p-lifeP2=1 1
p-linger=0
p-postoffset=0 -120 0
p-scale=50 50 0
p-scaleXP1=0 0.8
p-scaleXP2=1 1.4000000000000001
p-scaleYP1=0 0.8
p-scaleYP2=1 1.4000000000000001
p-scaleZP1=0 0.8
p-scaleZP2=1 1
p-shadow=0
p-texture=Env_MB_dust_small.dds
p-texture-mult=Env_MB_dust_small_mult.dds
p-type=0
p-uvscroll-no-alpha=1
p-uvscroll-rgb=0 0.1
p-uvscroll-rgb-mult=0 0.15000000596046448
p-vecalign=1
p-vel=0 400 0
p-velXP1=0 0.6000000000000001
p-velXP2=1 1
p-velYP1=0 0.6000000000000001
p-velYP2=1 1
p-xrgba1=0 1 1 1 0
p-xrgba2=0.3 1 1 1 1
p-xrgba3=0.5 1 1 0 1
p-xrgba4=1 0 0 0 0
p-xscale1=0 0.6 0.2 0.6
p-xscale2=0.4 0.8 0.8 0.8
p-xscale3=1 1 1 1
pass=0
rendermode=1
single-particle=0

[System]
GroupPart1=Fire
GroupPart2=fireGlow
GroupPart3=baseGlow
GroupPart4=fireash
GroupPart5=Smoke
SimulateEveryFrame=1

[baseGlow]
e-life=-1
e-rate=2
p-life=1.5
p-lifeP1=0 0.5
p-lifeP2=1 1
p-linger=0
p-offset=0 0 0
p-quadrot=0 1 0
p-quadrotYP1=0 100
p-quadrotYP2=1 -100
p-scale=75 75 0
p-texture=Env_MB_brazierFire_glow.dds
p-type=0
p-vecalign=0
p-xrgba=1 1 1 1
p-xrgba1=0 1 1 1 0
p-xrgba2=0.3 1 1 1 1
p-xrgba3=1 1 1 1 0
p-xscale1=0 0.1 0.1 0
p-xscale2=1 1 1 0
pass=2
rendermode=4

[fireGlow]
e-life=-1
e-rate=6
p-accel=0 0 0
p-life=0.6499999761581421
p-lifeP1=0 1
p-lifeP2=1 0.5
p-linger=2
p-quadrot=1 0 0
p-quadrotXP1=0 180
p-quadrotXP2=1 -180
p-scale=35 35 75
p-texture=Env_MB_brazierFire_flipbookGlow_01.dds
p-type=0
p-vecalign=0
p-worldaccel=0 600 0
p-worldaccelXP1=0 0
p-worldaccelXP2=0.1 0
p-worldaccelXP3=1 1
p-xrgba=1 1 1 1
p-xrgba1=0 1 1 1 0
p-xrgba2=0.5 1 1 1 1
p-xrgba3=0.6 1 1 1 1
p-xrgba4=1 1 1 1 0
p-xscale1=0 0.6000000000000001 0.6000000000000001 0
p-xscale2=0.1 1 1 0
p-xscale3=1 0.6000000000000001 0.6000000000000001 0
p-xscaleP1=0.5 1
p-xscaleP2=1 0.5
pass=3
rendermode=0

[fireash]
e-life=-1
e-rate=5
e-rateP1=0 1
e-rateP2=0.9900000095367432 2
e-rateP3=1 20
p-colortype=1 3
p-drag=0.6000000000000001 0.6000000000000001 0.6000000000000001
p-life=0.6000000000000001
p-lifeP1=0 0.5
p-lifeP2=1 1
p-numframes=4
p-offset=0 0 0
p-offsetXP1=0 -1
p-offsetXP2=1 1
p-offsetZP1=0 -1
p-offsetZP2=1 1
p-orbitvel=0.4 0.4 0.4
p-orbitvelXP1=0 -1
p-orbitvelXP2=1 1
p-orbitvelYP1=0 -1
p-orbitvelYP2=1 1
p-orbitvelZP1=0 -1
p-orbitvelZP2=1 1
p-quadrot=0 0 0
p-randomstartframe=1
p-rgba=Env_MB_brazierFire_colorMap.dds
p-scale=30 30 0
p-scaleXP1=0 0.5
p-scaleXP2=1 1
p-scaleYP1=0 0.5
p-scaleYP2=1 1.5
p-texdiv=2 2
p-texture=Env_MB_brazierFire_Ash_01.dds
p-type=0
p-vecalign=1
p-vel=0 500 0
p-velXP1=0 0.5
p-velXP2=1 1
p-velYP1=0 0.5
p-velYP2=1 1
p-velZP1=0 0.5
p-velZP2=1 1
p-xscale1=0 0.2 0.2 0
p-xscale2=0.30000000000000004 1 0.5 0
p-xscale3=1 0.2 0.2 0
pass=0
rendermode=0

[UNKNOWN_HASHES]
unkE0C19FED=0 1 1 1 1
unkE0C19FEE=1 1 1 1 0.6
