[System]
GroupPart1=left
GroupPart2=right
SimulateEveryFrame=1

[left]
e-life=-1
e-linger=-1
e-rate=50
e-rateP1=0 0
e-rateP2=1 1
e-rotation1=-50
p-accel=1 0 -150
p-accelXP1=0 0
p-accelXP2=1 20
p-accelZP1=0 0.8
p-accelZP2=1 1
p-bindtoemitter=1 1
p-coloroffset=0 0
p-colorscale=1 1
p-colortype=1 3
p-drag=3 0 3
p-life=1
p-lifeP1=0 1
p-lifeP2=0.9 4
p-lifeP3=1 6
p-offset=0 0 0
p-postoffset=0 0 0
p-quadrot=1 0 0
p-quadrotXP1=0 0
p-quadrotXP2=1 360
p-rgba=color-watersplash.tga
p-scale=5 5 5
p-scaleXP1=0 0.30000000000000004
p-scaleXP2=1 3
p-texdiv=1 1
p-texture=watersplash32.tga
p-vel=-150 0 0
p-velXP1=0 0.30000000000000004
p-velXP2=1 1
p-xscale1=0 1 1 1
p-xscale2=1 0 0 0
rendermode=1
uniformscale=1

[right]
e-life=-1
e-linger=-1
e-rate=50
e-rateP1=0 0
e-rateP2=1 1
e-rotation1=-50
p-accel=1 0 -150
p-accelXP1=0 0
p-accelXP2=1 -20
p-accelZP1=0 0.8
p-accelZP2=1 1
p-bindtoemitter=1 1
p-coloroffset=0 0
p-colorscale=1 1
p-colortype=1 3
p-drag=3 0 3
p-life=1
p-lifeP1=0 1
p-lifeP2=0.9 4
p-lifeP3=1 6
p-offset=0 0 0
p-postoffset=0 0 0
p-quadrot=1 0 0
p-quadrotXP1=0 0
p-quadrotXP2=1 360
p-rgba=color-watersplash.tga
p-scale=5 5 5
p-scaleXP1=0 0.30000000000000004
p-scaleXP2=1 3
p-texdiv=1 1
p-texture=watersplash32.tga
p-vel=150 0 0
p-velXP1=0 0.30000000000000004
p-velXP2=1 1
p-xscale1=0 1 1 1
p-xscale2=1 0 0 0
rendermode=1
uniformscale=1

[UNKNOWN_HASHES]
unk00581185=100 0 0
unk0561A9B0=2 2 2
unk074A6916=1
unk0A9AEEF3=0 0 0
unk1627F6AA=0 0 0
unk1D168274=0 0
unk1D168275=0.5 0.7000000000000001
unk2EF214FD=1
unk342DEDCB=-1
unk35B11464=0 600 0
unk35F1FCF6=3
unk36E81FCF=0 -300 0
unk3B08582D=2 2 2
unk3BCEE63E=disc32.tga
unk3CE00DC9=disc32.tga
unk3E62CBD0=-50 0 0
unk3FB818EE=0 0 0
unk4209CF41=-1
unk4901EA4D=0 200 0
unk49D3D451=2 2 2
unk4C1AC16E=color-rampdown32.tga
unk4C6533B4=1
unk4C70243A=1
unk4DD0B62E=1
unk4F29A1D9=1
unk4F774A50=0 2 0
unk50AAEF6E=3
unk51A10C82=-1
unk51ABFD08=-1
unk52E9A970=3
unk54657AA7=-1
unk55503B25=300
unk57C6DF39=10
unk57CAB1BA=0 0 1
unk5BD5EA87=0 10 0
unk5BE0DB0D=100 0 0
unk5CC2C1B9=-1
unk5E9A58AC=0 10 0
unk5F017BBB=-1
unk60A03810=0 0 0
unk6347458E=1
unk6347458F=1
unk63DEB184=-1
unk64EB95DF=0 0 1
unk656F1640=0 0 1
unk66D3B3E6=color-hold.tga
unk69126DE8=color-hold.tga
unk6C2D3FC7=0 0 0
unk6D758355=0 -20
unk6D758356=1 20
unk6DEFA3B1=color-hold.tga
unk70092D9D=1000
unk70517A4F=0 0
unk70517A50=1 360
unk70CF89D0=0 0
unk70CF89D1=1 360
unk7247E79F=100
unk734A5FA8=0 0 0
unk74F72F2F=-20
unk755EC76B=0 0 0
unk77251D68=10
unk7B9B777F=0 1 0
unk7BA61A15=5
unk7D8CF194=1
unk87BDEC60=-1
unk8B5D5538=2 2 2
unk8C00E6AE=0
unk8CED68EC=0 0 0
unk8D11A641=disc32.tga
unk91874BED=0
unk91CEDE8D=color-hold.tga
unk928A359D=1
unk96EE2E30=1
unk99DA7547=disc32.tga
unk9B045844=10
unkA27D3BB6=1
unkAB04017C=0 0
unkAF4CFE49=0 300 0
unkB1E458CB=0 100 0
unkB2137D74=0
unkB2180179=1
unkB493D9D5=1
unkB5BB8CFC=1
unkB6569062=disc32.tga
unkBA867479=0
unkBE0B5CB8=0 1 0
unkC1EB59D7=0 0
unkC1EB59D8=1 360
unkC462F781=0.9900000095367432 1
unkC94FA8C5=0 0 0
unkCCCC6FEC=0
unkCF0B29EE=0
unkD25F7302=1
unkD2CF1BB6=2 2 2
unkD3E85FB7=0
unkDD4E2884=1
unkDE46FDB7=0 0.2
unkDE46FDB8=0.7000000000000001 0.5
unkDE46FDB9=0 1
unkE30CFAF9=1
unkE7F9E391=0 0 0
unkF0E75AB2=1
unkF558C640=0 30 0
unkF6233380=-1
unkF7C79A93=0
unkFA596943=0 0 0
