[Drag]
f-drag=0.15000000596046448
f-pos=0 1 0
f-radius=10000

[System]
GroupPart1=wisps
GroupPart1Type=Simple
GroupPart2=fog
GroupPart2Type=Simple
GroupPart3=poofs
GroupPart3Type=Simple

[attract]
f-accel=200
f-pos=0 400 0
f-radius=200

[fog]
e-life=0.25
e-linger=0
e-rate=400
e-rotation1=1
e-rotation1-axis=0 1 0
e-rotation1P1=0 0
e-rotation1P2=1 360
field-drag-1=Drag
p-bindtoemitter=1 1
p-colorscale=1 1
p-colortype=1 3
p-frameRate=0
p-life=1
p-life1=0 0.5
p-life2=1 1
p-linger=3
p-numframes=1
p-offset=75 5 0
p-offset1=0 0 1 0
p-offset2=1 1 1 0
p-quadrot=1
p-quadrotP1=0 0
p-quadrotP2=1 360
p-randomstartframe=1
p-rgba=color-bellcurve.tga
p-scale=50
p-scaleP1=0 0.8
p-scaleP2=1 1
p-simpleorient=2
p-startframe=0
p-texdiv=1 1
p-texture=divineblessing01.tga
p-type=1
p-vel=6 0 6
p-velXP1=0 -1
p-velXP2=0.5 -0.30000001192092896
p-velXP3=0.5099999904632568 0.30000001192092896
p-velXP4=1 1
p-velZP1=0 -1
p-velZP2=0.5 -0.30000001192092896
p-velZP3=0.5099999904632568 0.30000001192092896
p-velZP4=1 1
p-xscale1=0 1
p-xscale2=0.8 2
p-xscale3=1 2
pass=-100
rendermode=2

[orbit1]
f-direction=0 1 0
f-localspace=0

[poofs]
e-life=0.5
e-linger=2
e-local-orient=0
e-rate=100
e-rotation1=1
e-rotation1P1=0 0
e-rotation1P2=1 360
field-accel-1=up
field-attract-1=attract
field-drag-1=slow
field-orbit-1=orbit1
p-bindtoemitter=1 1
p-colorscale=1 1
p-colortype=1 3
p-life=1
p-lifeP1=0 0.8
p-lifeP2=1 1.5
p-linger=0
p-numframes=2
p-offset=100 100 0
p-offset1=0 0 1 0
p-offset2=1 1 1 1
p-offsetXP1=0 0
p-offsetXP2=1 1
p-offsetYP1=0 0
p-offsetYP2=1 1
p-postoffset=0 50 0
p-postoffsetYP1=0 0
p-postoffsetYP2=1 1
p-quadrot=1
p-quadrotP1=0 0
p-quadrotP2=1 360
p-randomstartframe=1
p-rgba=color-darkbinding.tga
p-scale=5
p-scaleP1=0 0.30000000000000004
p-scaleP2=1 1
p-startframe=0
p-texdiv=2 1
p-texture=SivirIdle01.tga
p-vel=1500 0 0
p-velXP1=0 0.5
p-velXP2=1 1
p-xscale1=0 0
p-xscale2=0.2 1.8
p-xscale3=0.8 0.8
p-xscale4=1 0
pass=10
rendermode=0

[rise]
f-accel=0 400 0
f-localspace=0

[slow]
f-drag=2
f-pos=0 0 0
f-radius=10000

[up]
f-accel=0 100 0
f-localspace=0

[wisps]
e-life=0.5
e-linger=2
e-local-orient=0
e-rate=200
e-rate1=0 1
e-rate2=1 2
e-rotation1=1
e-rotation1-axis=0 10 0
e-rotation1P1=0 0
e-rotation1P2=1 360
field-accel-1=rise
p-bindtoemitter=1 1
p-colorscale=1 1
p-colortype=1 0
p-life=1
p-life1=0 2
p-life2=0.25 1.2000000476837158
p-life3=0.5 1.1
p-life4=1 1
p-lifeP1=0 0.30000000000000004
p-lifeP2=1 1
p-linger=3
p-offset=150 30 0
p-offset1=0 0 1 0
p-offset2=1 1 1 0
p-offsetXP1=0 0
p-offsetXP2=0.33000001311302185 0.5
p-offsetXP3=0.6700000166893005 0.800000011920929
p-offsetXP4=1 1
p-quadrot=1
p-quadrotP1=0
p-quadrotP2=360
p-rgba=color-hold.tga
p-scale=5
p-scale1=0 1.5
p-scale2=1 1
p-scaleP1=0 0.5
p-scaleP2=1 2
p-texdiv=1 1
p-texture=Flare-Sun_17.tga
p-type=1
p-xscale1=0 1
p-xscale2=0.8 1
p-xscale3=1 0
pass=10
rendermode=0

[UNKNOWN_HASHES]
unk2C121B9F=0 1 0
unk57D48B84=0
unk6876CB5D=0 1 0
unk8E3A18C9=10000
unk9CF498B2=1
unkFCEC3B38=0.1
