[System]
GroupPart1=heal
GroupPart1Importance=High
GroupPart1Type=Simple

[heal]
e-life=0.4
e-linger=1
e-rate=35
e-rotation1=1
e-rotation1P1=0 0
e-rotation1P2=1 360
p-bindtoemitter=1 1
p-life=0.65
p-offset=15 35 15
p-postoffset=0 0 0
p-quadrot=1
p-rotvel=0 0 0
p-rotvelXP1=0 -1
p-rotvelXP2=1 1
p-scale=45
p-texture=green_buf_01.tga
p-vel=0 255 0
p-velYP1=0 0.3499999940395355
p-velYP2=1 1.149999976158142
p-xscale=1
p-xscale1=0 0 0 0
p-xscale2=0.7 1 0 0
p-xscale3=1 0 0 0

[UNKNOWN_HASHES]
unk97E397BD=0 300 0
