[System]
GroupPart1=sword
GroupPart2=heart
GroupPart3=blood_burst

[blood_burst]
e-life=3.5
e-linger=0
e-local-orient=0
e-rate=50
p-bindtoemitter=0 0
p-colorscale=1 1
p-colortype=1 3
p-drag=1 1 1
p-flexoffset=0.004999999888241291
p-frameRate=16
p-life=0.30000000000000004
p-lifeP1=0 0.5
p-lifeP2=1 2
p-numframes=16
p-offset=10 70 10
p-offsetXP1=0 -1
p-offsetXP2=1 1
p-offsetZP1=0 -1
p-offsetZP2=1 1
p-rgba=color-bloodfade32.tga
p-scale=20 20 20
p-scaleXP1=0 0.4
p-scaleXP2=1 1.2000000000000002
p-startframe=0
p-texdiv=4 4
p-texture=blurdrops.tga
p-vecalign=1
p-vel=24 45 15
p-velYP1=0 0.125
p-velYP2=1 0.8
p-worldaccel=0 -1000 0
rendermode=1

[heart]
e-life=1
e-linger=0
e-local-orient=0
e-rate=1
p-bindtoemitter=1 1
p-colorscale=1 1
p-colortype=1 0
p-flexoffset=0.004999999888241291
p-life=4
p-linger=0
p-offset=0 70 0
p-rgba=color-rampdown.tga
p-scale=25 25 25
p-texture=heart_01.tga
p-type=0
p-xscale1=0 1 1 1
p-xscale2=1 0.6000000000000001 0.6000000000000001 0.6000000000000001
pass=10
rendermode=1
single-particle=1

[sword]
e-life=1
e-linger=0
e-local-orient=0
e-rate=1
p-bindtoemitter=1 1
p-colorscale=1 1
p-colortype=1 0
p-flexoffset=0.004999999888241291
p-life=4
p-linger=0
p-offset=0 70 0
p-rgba=color-hold.tga
p-scale=30 30 30
p-texture=swordcross.tga
p-type=0
pass=-10
rendermode=1
single-particle=1

[UNKNOWN_HASHES]
unk267CF285=0 -600 0
unk2714941E=0
