[System]
GroupPart1=gold
SimulateEveryFrame=1

[gold]
e-life=1
e-local-orient=1
e-rate=1
e-rotation1=10
e-rotation1-axis=1 0 0
p-colorscale=0.7000000000000001 1
p-colortype=1 0
p-flexoffset=0.1
p-frameRate=0
p-life=1.7000000000000002
p-mesh=coin.sco
p-meshtex=coin04.tga
p-numframes=1
p-offset=0 0 20
p-offset1=0 0 0 0
p-offset2=1 0 0 3
p-quadrot=0 0 0
p-rgba=color-goldcoin.tga
p-rotvel=-720 0 0
p-scale=1.4000000000000001 1.4000000000000001 1.4000000000000001
p-startframe=0
p-texdiv=1 1
p-type=3
p-vel=0 700 0
p-worldaccel=0 -550 0
rendermode=1
single-particle=1

