[PurpleAccel]
f-accel=0 100 0
f-localspace=0

[Skull]
e-rate=5
p-coloroffset=0 0
p-colorscale=1 0.7000000000000001
p-colortype=1 0
p-frameRate=0
p-life=1.6
p-linger=-1
p-numframes=1
p-offset=-30 200 -70
p-quadrot=-90
p-rgba=color-fearmonger.tga
p-scale=100
p-simpleorient=2
p-startframe=0
p-texdiv=1 1
p-texture=SkullHollow.tga
p-type=1
p-xscale=1
p-xscale1=0 0.1
p-xscale2=0.6000000000000001 1.2000000000000002
p-xscale3=1 1.2000000000000002
rendermode=0

[System]
GroupPart1=fire
GroupPart1Type=Simple
GroupPart2=purpleup
GroupPart2Type=Simple
GroupPart3=Skull
GroupPart3Type=Simple

[fire]
e-rate=30
p-colorscale=1 0.4
p-colortype=1 0
p-frameRate=0
p-life=0.7000000000000001
p-lifeP1=0 0.9
p-lifeP2=1 1.1
p-linger=-1
p-numframes=1
p-postoffset=0 80 0
p-quadrot=1
p-quadrotP1=0 1
p-quadrotP2=1 360
p-randomstartframe=1
p-rgba=color-fearmonger.tga
p-scale=100
p-scaleP1=0 0
p-scaleP2=1 1.5
p-startframe=2
p-texdiv=2 3
p-texture=Fearmonger01.tga
p-type=0
p-vel=50 0 0
p-xscale=1
p-xscale1=0 0.5
p-xscale2=1 2
rendermode=0

[purpleup]
e-rate=20
field-accel-1=PurpleAccel
p-colorscale=1 0.6000000000000001
p-colortype=1 0
p-frameRate=0
p-life=1.5
p-lifeP1=0 0.8
p-lifeP2=1 1.2000000000000002
p-linger=-1
p-numframes=1
p-postoffset=0 60 0
p-quadrot=1
p-quadrotP1=0 0
p-quadrotP2=1 360
p-randomstartframe=1
p-rgba=color-fearmonger.tga
p-scale=100
p-scaleP1=0 0.8
p-scaleP2=1 1.2000000000000002
p-startframe=0
p-texdiv=2 3
p-texture=Fearmonger01.tga
p-type=0
p-vel=0 300 0
p-xscale=1
p-xscale1=0 1
p-xscale3=1 3
rendermode=0

[UNKNOWN_HASHES]
unk00C69A03=0 0.8
unk00C69A04=1 1.2000000000000002
unk0DEB6425=0 0.3
unk0DEB6426=1 1.1
unk24862DF8=1
unk255B1A8C=0 0 1
unk2AFD5039=0 0
unk2AFD503A=1 2
unk3B877BCB=0 1 0
unk3BF2C7CD=1 0.6000000000000001
unk4742A242=1
unk4742A243=1
unk53480817=1 0
unk5D0EBBA0=0 0
unk5D0EBBA1=1 1
unk64DCF4F1=5
unk6C5B7202=0
unk70E5FF42=0.7000000000000001
unk75EE3C89=-1
unk79BD6DA7=0
unk7CFDD18D=0.1
unk7E607759=5 0 0
unk82E3A12A=1
unk870EC3BA=color-fearmonger.tga
unk89BA3A64=100
unk90443D71=200
unk9E41C7EB=0 0
unk9E41C7EC=1 360
unkA6C51CF5=Fearmonger01.tga
unkAD01BD03=0 0
unkAD01BD04=1 180
unkAD7FCC84=0 0
unkAD7FCC85=1 360
unkC091BA99=0 20 0
unkCC73A506=1
unkE76DC470=2 3
unkED077FC0=0
