[System]
GroupPart1=firescroll
SimulateEveryFrame=1

[firescroll]
e-life=-1
e-linger=0
e-rate=10
e-uvoffset=1 1
e-uvoffsetXP1=0 0
e-uvoffsetXP2=1 1
e-uvoffsetYP1=0 0
e-uvoffsetYP2=1 1
p-backfaceon=0
p-bindtoemitter=1 1
p-colorscale=1 1
p-colortype=1 0
p-life=1
p-lifeP1=0 0.4
p-lifeP2=0.9 0.6000000000000001
p-lifeP3=1 1
p-linger=0
p-numframes=1
p-offset=1 1 1
p-offsetXP1=0 -100
p-offsetXP2=1 100
p-offsetYP1=0 100
p-offsetYP2=1 160
p-offsetZP1=0 -100
p-offsetZP2=1 100
p-quadrot=1
p-quadrotP1=0 -5
p-quadrotP2=1 5
p-rgba=color-bellcurve32.tga
p-scale=60 100 100
p-scaleXP1=0 -2
p-scaleXP2=0.5 -1
p-scaleXP3=0.5009999871253967 1
p-scaleXP4=1 2
p-startframe=0
p-texdiv=1 1
p-texture=Fire_scroll32.tga
p-type=0
p-uvscroll-no-alpha=1
p-uvscroll-rgb=0 1.5
p-vel=0 200 0
p-velYP1=0 1
p-velYP2=1 0
p-xscale1=0 1 1 1
p-xscale2=1 0.7000000000000001 0.7000000000000001 0.7000000000000001
rendermode=0

[UNKNOWN_HASHES]
unk0875C509=1
unk131F6D6B=2
unk1F373FB6=10000
unk294831E3=color-bellcurve.tga
unk327DAB9A=2
unk3F70E3C7=0 0
unk60959D8C=lava01.tga
unk7733AD2E=1 0
unk8F40EDE9=1
unkA742172B=0
unkB8076876=1 1
unkC8BE82FD=-1
unkCA812632=2
unkD2F36102=0 100 0
unkE405567B=200
unkFC60BA66=2
