[SmokeDrag]
f-drag=2
f-pos=0 0 0
f-radius=1000

[Smokering]
e-life=0.1
e-local-orient=0
e-rate=200
e-rotation1=1
e-rotation1-axis=0 1 0
e-rotation1P1=0 0
e-rotation1P2=1 360
field-drag-1=SmokeDrag
p-bindtoemitter=0 0
p-colorscale=1 1
p-colortype=1 3
p-frameRate=0
p-life=0.65
p-lifeP1=0 1
p-lifeP3=1 1.3
p-numframes=4
p-offset=80 0 0
p-offsetXP1=0 0
p-offsetXP2=1 1
p-randomstartframe=1
p-rgba=color-rampdown32_03.tga
p-scale=20
p-scaleP1=0 1
p-scaleP2=1 3
p-startframe=0
p-texdiv=2 2
p-texture=smoke_clouds_2x2.tga
p-type=0
p-vel=0 300 0
p-velYP1=0 0.5
p-velYP2=1 2
p-xscale=1
p-xscale1=0 0
p-xscale2=0.2 0.7
p-xscale3=0.5 0.9
p-xscale4=1 1
rendermode=1

[System]
GroupPart1Type=Simple
GroupPart2Type=Simple
GroupPart3Type=Simple
GroupPart4=Smokering
GroupPart4Type=Simple
SimulateEveryFrame=1

[UNKNOWN_HASHES]
unk01AED73C=4
unk02259F35=1
unk045145D4=0 1
unk045145D5=1 3
unk057101D8=500
unk08ED0CEC=0.30000000000000004 0
unk0A91428B=0
unk0C0E0E31=gateway.tga
unk0DC12DBC=1
unk0F14626A=flames02.tga
unk117C39EA=0 30 0
unk16BC4CA4=0 50 0
unk1A25EE6C=0 0 600
unk1EC78391=1 1
unk2690537F=Drag
unk310D7FFB=1
unk3338EECF=1000
unk38EF661F=500
unk3B1FF23F=0 0.8
unk3B1FF240=1 1.2000000000000002
unk3B9E01C0=0 0
unk3B9E01C1=1 360
unk3CEF09A0=4
unk47B1B0B5=1
unk48EAA69F=0
unk4A8ACFC6=0
unk522C9B08=100
unk52AEB57E=20
unk52AEB57F=1
unk531F84A4=20 20 20
unk551330D7=0 0 0
unk556FDDF7=SparksNoise
unk57175D5C=1
unk5D2FC393=40
unk5D5289CD=0
unk5E8D9250=1 0 0
unk5EB41B53=1 0
unk63103A53=0.1
unk679B771D=0 0 0
unk6C932CF8=SmokeDrag
unk6CEE595E=1 1
unk6F280C9E=0.05999999865889549
unk73345561=0 1
unk73345562=1 2
unk74B9F38F=0 0 1
unk75D2796C=0 0.5
unk763AA99A=0 1
unk763AA99B=1 2
unk7938FECB=color-rampdown.tga
unk794982D9=1
unk7A493CC2=1000
unk7A898701=2 3
unk7D5DA106=1
unk826E7882=100
unk852980E3=0
unk88FA0246=1 0
unk89757351=0.05000000074505806
unk8E6FC20D=2
unk90464175=0 0
unk90464176=0.1 3
unk90464177=1 1
unk916C2A59=2
unk934C95AE=0 1
unk934C95AF=0.9 1
unk934C95B0=1 0
unk9386657E=color-hotshotred.tga
unk95D88682=0
unk9A879458=0.4
unk9CBBDF35=1000
unk9D2AFEA4=TristanaShot.tga
unkA4988685=color-addflame.tga
unkA4EB20DF=1 1
unkA7A1888E=0.30000000000000004
unkA9ADDB27=0 0
unkA9ADDB28=1 360
unkADCE003C=200
unkAF6F67D6=0
unkB7E1E30C=1 0
unkBC2CD1BB=2 3
unkC1A89695=0 -1
unkC1A89696=1 1
unkC226A616=0 -1
unkC226A617=1 1
unkC2A4B597=0 -1
unkC2A4B598=1 1
unkC51021CF=0 0.2
unkC51021D0=1 1.5
unkD0A8C434=2 2
unkD173C133=0 0 300
unkD3F3C21A=0 0
unkD3F3C21B=1 360
unkD585A74E=0 0.2
unkD585A74F=0.8999999761581421 0.25
unkD585A750=1 0.4
unkD7DFB842=1
unkD8C4AA18=1 0.6000000000000001
unkD90E04C7=0 0.9
unkD90E04C8=1 1.1
unkDB5BB063=1
unkDE57489C=0
unkDF31BAD1=0
unkE82C9266=1
unkE8C47BA5=1 1
unkEA0199C7=0 0.9
unkEA0199C8=1 1.7000000000000002
unkEF553D87=0 100 0
unkF11CFC13=0
unkF3A66671=5
unkF9453B43=1
unkF97F2184=0
