[Drag]
f-drag=0.15000000596046448
f-pos=0 1 0
f-radius=10000

[System]
GroupPart1Type=Simple
GroupPart2=fogdeep
GroupPart2Type=Simple
GroupPart3Type=Simple
build-up-time=10
group-vis=5000

[fogdeep]
e-life=-1
e-linger=-1
e-local-orient=0
e-rate=10
field-drag-1=Drag
p-colorscale=1 1
p-colortype=1 3
p-frameRate=0
p-life=16
p-lifeP1=0 0.5
p-lifeP2=1 1.5
p-numframes=3
p-offset=1 1 1
p-offsetXP1=0 -500
p-offsetXP2=1 500
p-offsetYP1=0 -100
p-offsetYP4=1 -200
p-offsetZP1=0 -500
p-offsetZP2=1 500
p-quadrot=1
p-quadrotP1=0 0
p-quadrotP2=1 360
p-randomstartframe=1
p-rgba=color-fogpurple.dds
p-rotvel=1
p-rotvelP1=0 -10
p-rotvelP2=1 10
p-scale=120
p-scaleP1=0 0.5
p-scaleP2=1 1.5
p-startframe=0
p-texdiv=2 2
p-texture=clouds32.dds
p-type=1
p-vel=20 0 20
p-velXP1=0 -1
p-velXP2=0.5 -0.30000001192092896
p-velXP3=0.5099999904632568 0.30000001192092896
p-velXP4=1 1
p-velZP1=0 -1
p-velZP2=0.5 -0.30000001192092896
p-velZP3=0.5099999904632568 0.30000001192092896
p-velZP4=1 1
p-xscale1=0 1
p-xscale2=1 2
pass=-50
rendermode=1

[UNKNOWN_HASHES]
unk0165B852=20 0 20
unk07671076=0 1
unk07671077=1 2
unk16EBD982=0
unk1AB49179=1
unk1B335455=2 2
unk1ED1D7DC=1 0 0
unk231A8567=0 -1
unk231A8568=0.5 -0.30000001192092896
unk231A8569=0.5099999904632568 0.30000001192092896
unk231A856A=1 1
unk2416A469=0 -1
unk2416A46A=0.5 -0.30000001192092896
unk2416A46B=0.5099999904632568 0.30000001192092896
unk2416A46C=1 1
unk28D613FF=1
unk2C121B9F=0 1 0
unk30F8C550=1 1
unk348C29E8=0 0.5
unk348C29E9=1 1.5
unk3499613F=240
unk34DB79D4=1 3
unk3B7033C6=0 0
unk3B7033C7=1 360
unk3EA22D5D=0 50
unk3EA22D5E=1 150
unk410871A7=16
unk45273717=1
unk4D2043F2=-1
unk5138B50F=0 1 0
unk517FEB8F=1
unk52C8141F=-100
unk563A52B2=1 1
unk5731361F=color-fogpurple.dds
unk57D48B84=0
unk59E2F274=0
unk5B50DF64=0
unk5B6ECD80=0 0.5
unk5B6ECD81=1 1.5
unk5F4D6167=1
unk6066AFD6=10
unk6876CB5D=0 1 0
unk68D63145=16
unk69A210E1=1
unk6A9EC105=1
unk717F42BD=50
unk74EE0390=-1
unk7880B994=0 1
unk7880B995=1 2
unk7EC46EB7=Drag
unk7EFEF5BD=color-fogpurple.dds
unk7F247FD6=0
unk7FD539A8=0 0
unk7FD539A9=1 360
unk81152FD0=0 -10
unk81152FD1=1 10
unk832EDD32=Clouds32.dds
unk87DF24F3=2 2
unk88346F74=10
unk8E3A18C9=10000
unk8FC65605=0 -1
unk8FC65606=0.5 -0.30000001192092896
unk8FC65607=0.5099999904632568 0.30000001192092896
unk8FC65608=1 1
unk90C27507=0 -1
unk90C27508=0.5 -0.30000001192092896
unk90C27509=0.5099999904632568 0.30000001192092896
unk90C2750A=1 1
unk9CF498B2=1
unkA137FA86=0 0.5
unkA137FA87=1 1.5
unkA405FC19=Drag
unkAE0716C3=1
unkB226073E=1 1 1
unkBD29F225=1
unkBF183134=40 0 40
unkBFD98921=60
unkD0670A85=1
unkE4D41AF1=1
unkE4F7B1C3=1
unkE90D5F67=1
unkEA552462=0 0.5
unkEA552463=1 1.5
unkF07673F2=1 3
unkF4488650=clouds32.dds
unkF6FE2040=0 0
unkF6FE2041=1 360
unkF94A46A2=2
unkFA3D277B=0 -500
unkFA3D277C=1 500
unkFABB36FC=0 -800
unkFABB36FD=0.30000001192092896 -1200
unkFABB36FE=0.699999988079071 -1400
unkFABB36FF=1 -1500
unkFB39467D=0 -500
unkFB39467E=1 500
unkFCEC3B38=0.1
unkFF83CE32=0 -10
unkFF83CE33=1 10
