[System]
GroupPart1=spark_rain
GroupPart1Importance=High
GroupPart1Type=Simple
GroupPart2=spark_rain_02
GroupPart2Importance=High
GroupPart2Type=Simple
PersistThruDeath=1

[gravity_02]
f-accel=0 -3250 0
f-localspace=0

[spark_rain]
e-life=0.15000000596046448
e-rate=50
e-rotation1=1
e-rotation1-axis=0 0 1
e-rotation1P1=0 0
e-rotation1P2=1 20
e-rotation2=1
e-rotation2P1=0 0
e-rotation2P2=1 360
field-accel-1=gravity_02
p-bindtoemitter=0 0
p-drag=1 1 1
p-flexoffset=0.004999999888241291
p-life=0.3499999940395355
p-lifeP1=0 0.5
p-lifeP2=1 1.5
p-offset=0 50 0
p-postoffset=0 50 0
p-rgba=color-smoke32_07.tga
p-scale=90
p-scaleP1=0 0.25
p-scaleP2=1 0.85
p-texture=flare-Rainbow_blue_02.tga
p-vecalign=1
p-vel=200 1450 200
p-velYP1=0 0.5
p-velYP2=1 1.25
p-worldaccel=0 -1000 0
p-xscale=1
p-xscale1=0 1
p-xscale2=0.5 0.75
p-xscale3=1 0
rendermode=0

[spark_rain_02]
e-life=0.15000000596046448
e-rate=50
e-rotation1=1
e-rotation1-axis=0 0 1
e-rotation1P1=0 0
e-rotation1P2=1 20
e-rotation2=1
e-rotation2P1=0 0
e-rotation2P2=1 360
field-accel-1=gravity_02
p-bindtoemitter=0 0
p-drag=1 1 1
p-flexoffset=0.004999999888241291
p-life=0.3499999940395355
p-lifeP1=0 0.5
p-lifeP2=1 1.5
p-offset=0 50 0
p-postoffset=0 50 0
p-scale=80
p-scaleP1=0 0.25
p-scaleP2=1 0.85
p-texture=flare-Rainbow_yellow_06.tga
p-vecalign=1
p-vel=200 1450 200
p-velYP1=0 0.5
p-velYP2=1 1.25
p-worldaccel=0 -1000 0
p-xscale=1
p-xscale1=0 1
p-xscale2=0.5 0.75
p-xscale3=1 0
rendermode=0

[UNKNOWN_HASHES]
unk64ACCC9E=0 0 0 0 255
unk64ACCC9F=0.1226667 255 255 255 255
unk64ACCCA0=0.2370705 211 255 212 255
unk64ACCCA1=0.3477372 166 255 154 255
unk64ACCCA2=0.7173334 0 255 0 255
unk64ACCCA3=1 0 0 0 255
