[System]
GroupPart1=shield_ball
GroupPart1Importance=High
GroupPart1Type=Complex

[shield_ball]
e-life=1
e-linger=0
e-rate=1
p-backfaceon=0
p-bindtoemitter=1 1
p-life=0.2
p-linger=0
p-mesh=sphere_01.sco
p-meshtex=ghost_overlay_05.tga
p-quadrot=360 360 360
p-quadrotXP1=0 0
p-quadrotXP2=1 1
p-quadrotYP1=0 0
p-quadrotYP2=1 1
p-quadrotZP1=0 0
p-quadrotZP2=1 1
p-scale=6.7 6.7 6.7
p-type=3
p-uvscroll-rgb=0.05 0.05
p-xrgba=1 1 1 1
p-xrgba1=0 1 1 1 0
p-xrgba2=0.05 1 1 1 0.5
p-xrgba3=0.95 1 1 1 0.5
p-xrgba4=1 1 1 1 0
rendermode=0
single-particle=1

[UNKNOWN_HASHES]
unk019DC4D0=1
unk019E9C35=1 1
unk08C61EB3=1
unk2731ACE8=23 23 0
unk2AA36F61=0 0.6600000262260437
unk2AA36F62=1 0.6600000262260437
unk2E76939C=1 2
unk37176D8C=70 0 0
unk3781133F=1 2
unk3BD5ABBE=0.2
unk3C8B1054=0 0 0
unk434A98D8=1 1
unk456BFA49=1 0.1
unk47748E3E=0 2
unk47748E3F=1 2.2
unk47ED7E09=0.1
unk5143302C=-1
unk51FE7036=AlphaStrike_prison__ball__p-rgba.tga
unk5305D361=0
unk576F5C74=1
unk586B8A0F=-1
unk5A2E2D44=0
unk5B08DDFB=1
unk5B33E9ED=7
unk5B780E31=0 10 0
unk5CA38D79=ring_gold_03.tga
unk5D41821A=0.2
unk61EE769B=1 2
unk62A06814=0 10 0
unk69595465=0.1
unk6F03B0B4=0 0.9
unk6F206BD3=1
unk712486A5=1 0.1
unk74180678=2
unk7C1E818A=1
unk7C9FC049=1
unk8E2621E4=90
unkA66B3C1D=rune_ring_gold_01.tga
unkA714C7D0=-1
unkA8D76B05=0
unkB149A5D5=0 10 0
unkB2672034=1 1
unkB7EC1D88=1 0.1
unkB7F72C3C=1
unkBDCA3B58=0 0.9
unkBFCB5D35=0 0.9
unkC33C5AFA=ring_gold_03.tga
unkCA0AED15=0 0 0
unkCEFC1670=1
unkD3F3B115=2
unkD9630298=1
unkDEE75D7D=0.2
unkE0DBC0BD=0 0
unkE0DBC0BE=1 2.2
unkE17BF814=1
unkE67392B9=2
unkEAFF2FC8=0.1
unkF51021F5=AlphaStrike_prison__ball__p-rgba.tga
unkFA4B6AE9=40 40 0
unkFE459BAC=1
