[Glow_SteelLegion]
KeywordsRequired=SteellegionGaren
e-life=-1
e-linger=0
e-local-orient=0
e-rate=10
p-bindtoemitter=1 1
p-coloroffset=0 0
p-colorscale=1 1
p-colortype=1 3
p-life=0.25
p-lifeP1=0 0.1
p-lifeP2=1 2
p-postoffset=0 0 0
p-quadrot=1
p-quadrotP1=0 0
p-quadrotP2=1 360
p-rgba=color-rampdown.tga
p-scale=60
p-scaleP1=0 0
p-scaleP2=1 4
p-texture=ahrifirelight.tga
p-type=0
p-xscale1=0 0
p-xscale2=1 3
pass=-100
rendermode=0

[System]
GroupPart1=lightning1
GroupPart1Type=Complex
GroupPart2=Glow_SteelLegion
GroupPart2Type=Simple
SimulateEveryFrame=1

[lightning1]
e-life=-1
e-linger=1
e-rate=14
p-accel=0 0 0
p-bindtoemitter=1 1
p-colorscale=1 1
p-colortype=1 3
p-frameRate=9
p-life=0.1
p-lifeP1=0 2
p-lifeP2=1 1
p-linger=1
p-numframes=9
p-postoffset=0 0 0
p-quadrot=1 1 1
p-quadrotXP1=0 0
p-quadrotXP2=1 360
p-quadrotYP1=0 0
p-quadrotYP2=1 360
p-quadrotZP1=0 0
p-quadrotZP2=1 360
p-randomstartframe=1
p-rgba=color-order-crystal-shards.tga
p-rotvel=120 1 1
p-rotvelXP1=0 -1
p-rotvelXP2=1 1
p-scale=20 25 0
p-scaleYP1=0 0.8
p-scaleYP2=1 2
p-startframe=0
p-texdiv=3 3
p-texture=Garen_SteelLegion_Lightning_02.tga
p-type=2
p-vec-velocity-minscale=1
p-vec-velocity-scale=0.1
p-vel=0 0 0
p-xscale1=0 3 3 0
p-xscale2=1 2 2 0
rendermode=0

[UNKNOWN_HASHES]
unk00A906D9=2
unk0D05B35A=Aura_self.tga
unk173B68ED=SteellegionGaren
unk1FE9E8C9=0 0 0
unk1FFD6495=1 1
unk24D7BD1D=2
unk2CA574DD=1
unk30EF8F68=-1
unk332C0A2D=1
unk33B05D2D=9
unk3B008195=color-bellcurve32.tga
unk435B6BE0=0 3 3 0
unk435B6BE1=1 1 1 0
unk4435FB4C=15
unk48E2F150=1
unk49811A5E=0 0.3
unk49811A5F=1 1
unk4CC97B52=0.029999999329447746
unk4DC923ED=1
unk4F8BC722=1
unk52A98B73=0
unk5B94E6D7=1 1
unk5C0B1966=1 1
unk63D1FFF4=0 0 0
unk696F5E5D=1
unk742BFA8A=0 0.5
unk742BFA8B=1 1
unk7DDF9654=0 -1
unk7DDF9655=1 1
unk8487865B=0.15000000596046448
unk84F5468A=5
unk85065437=distort-heat.tga
unk872B401B=0
unk8AAC15A5=320 1 1
unk9012F349=75
unk909F58A6=2
unk913DE69E=0 0
unk913DE69F=1 1
unk97AB0376=0.1
unk9AB04AD3=color-order-crystal-shards.tga
unk9B41BCD1=1 1 1
unkA0F93D9B=0
unkA3E5C48A=60
unkB752369E=0 0 0
unkBA84C03E=1 3
unkBCE619AF=1
unkBEA8BCE4=1
unkBF23389C=Garen_SteelLegion_Lightning_01.tga
unkC10B4F09=3 3
unkD0082BDE=1
unkDA64249C=0 2
unkDA64249D=1 1
unkDE631028=0 0
unkDE631029=1 360
unkDEE11FA9=0 0
unkDEE11FAA=1 360
unkDF5F2F2A=0 0
unkDF5F2F2B=1 360
unkE0AA0C32=0 100 0
unkE0FA25CE=30
unkE593798B=40 40 0
unkE924378F=1
unkECA88512=2
unkF0900E6F=0 0.8
unkF0900E70=1 1
unkF3537BD0=0 0
unkF3537BD1=1 360
