[GroundBurn]
e-alpharef=64
e-life=0.5
e-rate=1
e-timeoffset=0
p-bindtoemitter=0 0
p-life=1.8
p-postoffset=0 5 0
p-quadrot=90 0 90
p-scale=160 160 0
p-texture=Generic_RockShards_GroundBurn.dds
p-type=1
p-xrgba=1 1 1 1
p-xrgba1=0 0 0 0 0
p-xrgba2=0.05 1 1 1 1
p-xrgba3=0.2 1 1 1 1
p-xrgba4=1 1 1 1 0
p-xscale1=0 0.6000000000000001 0.6000000000000001 0.6000000000000001
p-xscale2=0.05000000074505806 1 1 1
p-xscale3=1 1 1 1
pass=0
rendermode=3
single-particle=1

[GroundDirt]
e-life=0.5
e-rate=1
e-timeoffset=0
p-bindtoemitter=1
p-life=1.4000000000000001
p-offset=0 5 0
p-quadrot=90 1 90
p-quadrotYP1=0 0
p-quadrotYP2=1 360
p-scale=180 180 0
p-scaleXP1=0 0.8
p-scaleXP2=1 1
p-scaleYP1=0 0.8
p-scaleYP2=1 1
p-texture=Generic_RockShards_GroundDirt.dds
p-type=1
p-xrgba=1 1 1 1
p-xrgba1=0 0 0 0 0
p-xrgba2=0.05 1 1 1 1
p-xrgba3=0.8 1 1 1 1
p-xrgba4=1 0 0 0 0
p-xscale1=0 0 0 0
p-xscale2=0.1 1 1 1
p-xscale3=0.8 1 1 1
p-xscale4=1 1 1 1
pass=1
rendermode=1
single-particle=1

[RockShards]
e-alpharef=18
e-life=0.2
e-linger=0
e-local-orient=1
e-rate=8
e-rotation1=1
e-rotation1-axis=1 0 0
e-rotation1P1=0 0
e-rotation1P2=1 90
e-rotation2=1
e-rotation2-axis=0 1 0
e-rotation2P1=0 0
e-rotation2P2=1 360
e-timeoffset=0
p-animation=Generic_Rockshards_01.anm
p-backfaceon=1
p-bindtoemitter=0
p-life=2
p-lifeP1=0 0.6000000000000001
p-lifeP2=1 1
p-local-orient=0
p-meshtex=Generic_RockShards_01.dds
p-offset=80 15 0
p-offsetXP1=0 0.5
p-offsetXP2=1 1
p-quadrot=35 0 0
p-quadrotXP1=0 0.2
p-quadrotXP2=1 1
p-scale=2 2 2
p-scaleXP1=0 1
p-scaleXP2=0.5 1
p-scaleXP3=0.5001000165939331 -1
p-scaleXP4=1 -1
p-scaleYP1=0 0.5
p-scaleYP2=1 1
p-scaleZP1=0 1
p-scaleZP2=0.5 1
p-scaleZP3=0.5001000165939331 -1
p-scaleZP4=1 -1
p-shadow=0
p-skeleton=Generic_Rockshards_01.skl
p-skin=Generic_RockShards_01.skn
p-type=3
p-vecalign=1
p-vel=1 0 0
p-velXP1=0 0.6000000000000001
p-velXP2=1 1
p-xrgba=1 1 1 1
p-xrgba1=0 1 1 1 1
p-xrgba2=0.05 1 1 1 1
p-xrgba3=0.6 1 1 1 0.6
p-xrgba4=1 1 1 1 0
pass=0
rendermode=3
single-particle=1
uniformscale=0

[System]
GroupPart1=RockShards
GroupPart2=GroundBurn
GroupPart3=GroundDirt
SimulateEveryFrame=1

[UNKNOWN_HASHES]
unk7E23579E=1
