[System]
GroupPart1=sword
GroupPart1Type=complex
GroupPart2=heart
GroupPart2Type=complex

[heart]
e-life=1
e-local-orient=0
e-rate=1
e-rgba=255 255 255 255
p-bindtoemitter=1 1
p-life=7
p-offset=0 0 0
p-postoffset=0 165 0
p-quadrot=50 0 90
p-scale=18 18 18
p-texture=heart_01.tga
p-type=1
rendermode=1
single-particle=1

[sword]
e-life=0.5
e-local-orient=0
e-rate=1
p-bindtoemitter=1 1
p-life=7
p-mesh=sword_02.sco
p-meshtex=sword_02.tga
p-postoffset=0 160 10
p-quadrot=0 90 10
p-scale=1.55 0.55 0.55
p-type=3
rendermode=1
single-particle=1

[UNKNOWN_HASHES]
unk03486182=0 -1000 0
unk0FE29E85=40 40 40
unk1BE014D3=0 1 1 1
unk1BE014D4=0.5 1 1 1
unk1BE014D5=1 1 1 1
unk1E1EDFB8=0 185 0
unk267CF285=0 -600 0
unk26938083=1
unk2714941E=0
unk277C8508=1
unk3347CE7D=0 0
unk3347CE7E=1 360
unk33C5DDFE=0 0
unk33C5DDFF=1 125
unk3728DCA0=1 1 1
unk443D82E1=10
unk4524909E=0
unk5055552C=10
unk53B14492=0 0 1
unk5716E00E=1
unk594DAA9F=0 170 0
unk6050DBB8=0.004999999888241291
unk639BC110=1
unk667E19A4=255 255 255 255
unk676C50BC=1
unk676C50BD=1
unk7371B691=1 3
unk7B082D5F=0 10 0
unk8A10E86F=blurdrops.tga
unk906343DB=0 0.4
unk906343DC=1 1.2000000000000002
unk99E71C21=16
unkA562AE3D=1
unkA6F5D848=0.30000000000000004
unkAD1EF6A1=1
unkB0A6A2DE=20 20 20
unkB30DAA93=7
unkBD1E9CC0=color-bloodfade32.tga
unkC05F035F=1
unkC35A04CB=60 0 90
unkC6541677=50
unkD16EAA2A=0 0
unkD4AEB7D3=1 1
unkD6FAC937=0
unkDC3D3D73=0
unkDDFFE0A8=0
unkE4157A76=4 4
unkE6721B78=0 0 0
unkE70F9971=24 45 15
unkE73B8096=mortal_strike.tga
unkEC7ABB09=0 0.125
unkEC7ABB0A=1 0.8
unkEC9D5380=16
unkEDBF97D1=1 1
unkFD6E5009=0 0.5
unkFD6E500A=1 2
unkFD98E4F7=0
