[Drag]
f-drag=2
f-pos=0 0 0
f-radius=500

[System]
GroupPart1=fiddlesticks
GroupPart1Type=Simple
GroupPart2Type=Complex
GroupPart3Type=Simple
GroupPart4Type=Simple

[fiddlesticks]
e-life=4
e-linger=0
e-local-orient=0
e-rate=1
field-drag-1=Drag
p-bindtoemitter=1 1
p-flexoffset=0.004000000189989805
p-frameRate=0
p-life=10
p-linger=0
p-numframes=1
p-offset=0 250 0
p-quadrot=0 0 0
p-rgba=color-hold.tga
p-scale=60
p-startframe=0
p-texdiv=1 1
p-texture=Fiddlesticks_TerrorFace.tga
p-type=1
p-vel=0 -50 0
p-xscale1=0 0.5
p-xscale2=0.019999999552965164 1.600000023841858
p-xscale3=0.029999999329447746 0.8999999761581421
p-xscale4=0.05000000074505806 1.399999976158142
p-xscale5=0.05999999865889549 0.8999999761581421
p-xscale6=0.07999999821186066 1.2999999523162842
p-xscale7=0.09000000357627869 0.8999999761581421
p-xscale8=0.10999999940395355 1.2000000476837158
p-xscale9=0.11999999731779099 1
rendermode=1
single-particle=1

[UNKNOWN_HASHES]
unk01BCFF6C=10
unk0419F849=10
unk0617B669=1
unk06F4620E=16
unk07E8536A=1
unk1A42BCC1=color-hold.tga
unk1ECD94BF=16
unk1FC46232=1
unk23783678=1
unk23EF7406=0
unk2CAA1D63=1
unk30A63479=0
unk35244168=4 4
unk355E56D1=2 1
unk40282210=1
unk4378A709=50 0 90
unk43A5DDFD=fireloop_aura.tga
unk489A5CE0=-16 310 10
unk4D8B8652=1
unk4E811CD9=1 0.30000000000000004
unk500572A1=1
unk508B992E=fireloop_aura.tga
unk5EA94CC5=1 1
unk62DAF8B8=1
unk65226E9F=0
unk675A22D4=FearSkull.tga
unk6A30FD0F=1 1
unk6FCDC654=1 1
unk76A5AB65=1
unk803B78C7=1
unk833658D6=0 -5 0
unk879379E9=0
unk8DC8C51F=1 0
unk8EE94C69=1 1
unk91AADCFF=0 0 0
unk98B7F378=0
unkA304E5C1=1
unkA5A1F7D0=1 0
unkB06D0409=0
unkB1A7A9F7=4 4
unkB43E2AAF=20
unkBC8B831D=10
unkC21C2BB5=0
unkC3A4B981=1
unkC3DECEEA=0
unkC7BD351B=1
unkC8B2F2FA=0
unkCA3FCC90=0
unkCC16F451=16 310 10
unkCC175D60=20
unkCC5109BA=0 300 0
unkCF146AB8=1 1
unkD3E3F223=10
unkD6E6E3E3=1
unkD8C284F3=0 0
unkD8C284F4=1 360
unkD919FFC3=60 60 60
unkDFFBC46E=10
unkE6B9783A=10
unkEB925618=0 1 1 1
unkEB925619=1 0.8 0.8 0.8
unkED5E6930=0 0 0
unkF09BB7A4=0 0
unkF09BB7A5=1 360
unkF3423052=1
unkF62488E6=255 255 255 255
unkFCE23CB2=color-hold.tga
unkFEFF1D6D=-2 0 0
