[Blast]
e-life=1
e-linger=0
e-local-orient=1
e-rate=1
p-bindtoemitter=1 11
p-flexoffset=0.004999999888241291
p-flexscale=0.006000000052154064
p-frameRate=0
p-life=4.2
p-linger=0.5
p-numframes=1
p-offset=0 90 0
p-quadrot=90 1 0
p-quadrotYP1=0 0
p-quadrotYP2=1 360
p-rotvel=0 50 0
p-scale=150 150 0
p-simpleorient=2
p-startframe=0
p-texdiv=1 1
p-texture=Global_Item_FOM_Shield_Wisps_green.tga
p-type=1
p-xquadrot=0 1 0
p-xquadrot-on=1
p-xquadrot1=0 5 0 0
p-xquadrot2=0.85 0 5 0
p-xquadrot3=1 0 50 0
p-xrgba=1 1 1 1
p-xrgba1=0 1 1 1 0
p-xrgba2=0.25 1 1 1 0.35
p-xrgba3=0.35 1 1 1 0.46
p-xrgba4=0.8 1 1 1 1
p-xrgba5=1 1 1 1 0
p-xscale1=0 1 1 1
p-xscale2=0.25 1 1 1
p-xscale3=0.5 1 1 1
p-xscale4=0.75 1.399999976158142 1.399999976158142 1.399999976158142
p-xscale6=1 0.35 0.35 0.35
rendermode=0
single-particle=1

[Blast2]
e-life=1
e-linger=0
e-local-orient=1
e-rate=1
p-bindtoemitter=1 11
p-flexoffset=0.004999999888241291
p-flexscale=0.006000000052154064
p-frameRate=0
p-life=4.2
p-linger=0.5
p-numframes=1
p-offset=0 90 0
p-quadrot=90 1 0
p-quadrotYP1=0 0
p-quadrotYP2=1 360
p-rotvel=0 50 0
p-scale=150 150 0
p-simpleorient=2
p-startframe=0
p-texdiv=1 1
p-texture=Global_Item_FOM_Shield_Wisps_green.tga
p-type=1
p-xquadrot=0 1 0
p-xquadrot-on=1
p-xquadrot1=0 5 0 0
p-xquadrot2=0.85 0 5 0
p-xquadrot3=1 0 30 0
p-xrgba=1 1 1 0.5
p-xrgba1=0.4 0 0 0 0
p-xrgba2=0.95 1 1 1 1 1
p-xrgba3=1 1 1 1
p-xscale1=0 1 1 1
p-xscale2=0.25 1 1 1
p-xscale3=0.5 1 1 1
p-xscale4=0.75 1.399999976158142 1.399999976158142 1.399999976158142
p-xscale6=1 0.35 0.35 0.35
rendermode=0
single-particle=1

[System]
GroupPart1=Blast
GroupPart2=Blast2
SimulateEveryFrame=1

[UNKNOWN_HASHES]
unkA4CC8E3B=1
unkCF9147B9=1
