[System]
GroupPart1=trail_1
GroupPart2=trail_2
GroupPart3=gold
SimulateEveryFrame=1

[gold]
e-life=-1
e-linger=0
e-rate=100
e-rotation1=1
e-rotation1-axis=1 0 0
e-rotation1P1=0 0
e-rotation1P2=0.5 5
e-rotation1P3=1 20
e-rotation2=1
e-rotation2-axis=0 1 0
e-rotation2P1=0 0
e-rotation2P2=1 360
p-bindtoemitter=1
p-bindtoemitterP1=0.05 1
p-bindtoemitterP2=0.5 0
p-colorscale=1 1
p-colortype=1 0
p-drag=0 0.05000000074505806 0
p-frameRate=0
p-life=0.45
p-lifeP1=0 0.9
p-lifeP2=1 1.1
p-mesh=coin.sco
p-meshtex=coin05.tga
p-numframes=1
p-offset=20 0 0
p-offset1=0 1 0 0
p-offset2=1 0 0 0
p-orbitvel=10 0 0
p-quadrot=360 360 360
p-quadrotXP1=0 0
p-quadrotXP2=1 1
p-quadrotYP1=0 0
p-quadrotYP2=1 1
p-quadrotZP1=0 0
p-quadrotZP2=1 1
p-rgba=coin05color.tga
p-rotvel=5 1 1
p-rotvelXP1=0 -100
p-rotvelXP2=0.5 -80
p-rotvelXP3=0.5009999871253967 80
p-rotvelXP4=1 100
p-rotvelYP1=0 -100
p-rotvelYP2=0.5 -100
p-rotvelYP3=0.5009999871253967 100
p-rotvelYP4=1 100
p-rotvelZP1=0 -100
p-rotvelZP2=0.5 -100
p-rotvelZP3=0.5009999871253967 100
p-rotvelZP4=1 100
p-scale=1.4000000000000001 1.4000000000000001 2
p-shadow=0
p-startframe=0
p-texdiv=1 1
p-type=3
p-xrgba=1 1 1 1
p-xrgba1=0 1 1 1 1
p-xrgba2=0.7 1 1 1 0.8
p-xrgba3=1 1 1 1 0
p-xscale1=0 1 1 1
p-xscale2=0.4 1 1 1
p-xscale4=1 0 0 0
rendermode=1

[trail_1]
e-life=0.30000000000000004
e-local-orient=1
e-rate=50
e-rotation1=0
e-rotation1-axis=0 1 0
e-tilesize=200 0 0
p-coloroffset=0 0
p-colorscale=1 1
p-colortype=1 0
p-life=0.3499999940395355
p-linger=0.75
p-offset=1 20 0
p-offset1=0 1 -2 0
p-offset2=0.07999999821186066 30 -2 0
p-offset3=0.11999999731779099 30 -2 0
p-offset4=0.1599999964237213 30 -2 0
p-offset5=0.30000001192092896 10 -1 0
p-offset6=1 10 2 0
p-orbitvel=0 -10 0
p-rgba=color-Global_Item_FOM.tga
p-scale=30 0 0
p-scale1=0 0.2 0 0
p-scale2=0.25 2 0 0
p-scale3=0.4 0.2 0 0
p-texture=Global_Item_FOM_Trail.tga
p-trailmode=1
p-type=5
p-xrgba1=0.5 1 1 0.2 0.9
p-xrgba2=1 0 0 0 0.9
p-xscale1=0 0 0 0
p-xscale2=0.009999999776482582 1 0 0
p-xscale3=1 0 0 0
rendermode=0

[trail_2]
e-life=0.5
e-local-orient=1
e-rate=50
e-rotation1=180
e-rotation1-axis=0 1 0
e-tilesize=100 0 0
p-coloroffset=0 0
p-colorscale=1 1
p-colortype=1 0
p-life=0.550000011920929
p-linger=0.75
p-offset=1 -20 0
p-offset1=0 1 -2 0
p-offset2=0.07999999821186066 30 -2 0
p-offset3=0.11999999731779099 30 -2 0
p-offset4=0.1599999964237213 30 -2 0
p-offset5=0.30000001192092896 10 -1 0
p-offset6=1 10 2 0
p-orbitvel=0 7 0
p-rgba=color-Global_Item_FOM.tga
p-scale=30 0 0
p-scale1=0 0.2 0 0
p-scale2=0.25 2 0 0
p-scale3=0.4 0.2 0 0
p-texture=Global_Item_FOM_Trail.tga
p-trailmode=1
p-type=5
p-xrgba1=0.5 1 1 0.2 0.9
p-xrgba2=1 0 0 0 0.9
p-xscale1=0 0 0 0
p-xscale2=0.009999999776482582 1 0 0
p-xscale3=1 0 0 0
rendermode=0

