[System]
GroupPart1=beams
GroupPart2=starswirl
GroupPart3=flash
GroupPart4=fill
GroupPart5=beam_fill
GroupPart6=hagaSphere
SimulateEveryFrame=1
group-vis=5000

[beam_fill]
e-life=1
e-local-orient=0
e-rate=3
e-timeoffset=0.05000000074505806
p-drag=2 2 2
p-life=1
p-linger=0
p-offset=0 100 0
p-quadrot=0 1 90
p-quadrotYP1=0 0
p-quadrotYP2=1 360
p-rgba=color-teleportbeam.dds
p-scale=150 160 0
p-scaleXP1=0 0.9
p-scaleXP2=0.009999999776482582 2
p-scaleYP1=0 0.9
p-scaleYP2=0.009999999776482582 1.100000023841858
p-scaleupfromorigin=1
p-simpleorient=3
p-texture=Global_death_effect_beam_fill_enemy.dds
p-type=1
p-uvscroll-no-alpha=1
p-uvscroll-rgb=0 0.5
p-vel=0 1000 0
p-xrgba=1 1 1 1
p-xrgba1=0 1 0 1 0
p-xrgba2=0.2 1 1 1 0.2
p-xrgba3=0.6 1 1 1 0.1
p-xrgba4=1 1 1 1 0
p-xscale=1 1 1
p-xscale1=0 0 0 0
p-xscale2=0.1 4 1.5 1
p-xscale3=1 2 1 1
rendermode=4
single-particle=1
teamcolor-correction=1

[beams]
e-life=1
e-local-orient=0
e-rate=4
p-drag=0.1 0.1 0.1
p-life=0.6499999761581421
p-linger=0
p-offset=0 100 0
p-quadrot=0 1 90
p-quadrotYP1=0 0
p-quadrotYP2=1 360
p-scale=140 60 0
p-scaleXP1=0 0.9
p-scaleXP2=0.009999999776482582 2
p-scaleYP1=0 0.9
p-scaleYP2=0.009999999776482582 1.100000023841858
p-scaleupfromorigin=1
p-simpleorient=3
p-texture=Global_death_effect_beam_enemy.dds
p-type=1
p-uvscroll-no-alpha=1
p-uvscroll-rgb=0 2
p-vel=0 1500 0
p-xrgba=1 1 1 1
p-xrgba1=0 1 0 1 0
p-xrgba2=0.05 1 1 1 0.5
p-xrgba3=0.4 1 1 1 0.2
p-xrgba4=1 1 0.8 1 0
p-xscale=1 1 1
p-xscale1=0 0 0 0
p-xscale2=0.1 4 1.5 1
p-xscale3=1 1 0.2 1
rendermode=4
single-particle=1
teamcolor-correction=1

[fill]
e-life=1
e-rate=1
flag-disable-z=1
p-flexoffset=0.004999999888241291
p-flexscale=0.004999999888241291
p-life=0.75
p-offset=0 150 0
p-rgba=color_global_death_effect_enemy.dds
p-scale=250 250 250
p-texture=global_death_effect_fill.dds
p-xscale=1 1 1
p-xscale1=0 0.5 0.5 0.5
p-xscale2=0.05000000074505806 1.7999999523162842 1.7999999523162842 1.7999999523162842
p-xscale3=1 2 2 2
rendermode=4
single-particle=1

[flash]
e-life=1
e-rate=1
flag-disable-z=1
p-bindtoemitter=1 1
p-life=0.1
p-linger=0
p-numframes=1
p-offset=0 20 0
p-scale=50 50 50
p-texture=FlashRed.dds
p-xscale=1 1 1
p-xscale1=0 0 0 0
p-xscale2=0.1 4 4 0
p-xscale3=0.5 4 4 0
p-xscale4=1 1 1 1
rendermode=4
single-particle=1

[hagaSphere]
e-life=1
e-local-orient=0
e-rate=2
p-backfaceon=1
p-colortype=1 3
p-life=0.3499999940395355
p-mesh=Haga_sphere_geo.sco
p-meshtex=Haga_sphere.dds
p-postoffset=0 100 0
p-quadrot=-45 -10 0
p-rgba=Global_Summoner_Death_Sphere_RGBA.dds
p-scale=3.1 3.1 3.1
p-type=3
p-uvscroll-rgb=0 -0.85
p-xrgba=1 1 1 1
p-xrgba1=0 0 0 0 0
p-xrgba2=0.1 1 1 1 1
p-xrgba3=0.7 1 1 1 0.6
p-xrgba4=1 0 0 0 0.3
p-xscale=1 1 1
p-xscale1=0 0 0 0
p-xscale2=0.4 0.9 0.9 0.9
p-xscale3=1 1 1 1
pass=-1
rendermode=1
single-particle=1
uniformscale=1

[starswirl]
e-life=0.2
e-rate=200
e-rate1=0 1
e-rate2=1 0
e-rotation1=1
e-rotation1P1=0 0
e-rotation1P2=1 360
field-orbit-1=swirl
p-life=1
p-life1=0 0.3
p-life2=1 2
p-linger=1
p-numframes=1
p-offset=25 1 0
p-offsetYP1=0 1
p-offsetYP2=1 800
p-quadrot=1 0 0
p-rotvel=0 0 0
p-rotvelXP1=0 -1
p-rotvelXP2=1 1
p-scale=10 10 10
p-scaleXP1=0 0.5
p-scaleXP2=1 1.5
p-startframe=1
p-texture=global_death_effect_flare_enemy.dds
p-vel=0 500 -100
p-velYP1=0 0.26
p-velYP2=1 1
p-velZP1=0 0.26
p-velZP2=1 1.2000000000000002
p-xrgba=1 1 1 1
p-xrgba1=0 1 1 1 0.5
p-xrgba2=0.05 1 1 1 1
p-xrgba3=0.4 1 1 1 0.5
p-xrgba4=1 1 1 1 0
p-xscale=1 1 1
p-xscale1=0 0 0 0
p-xscale2=0.05 2 0 0
p-xscale3=0.1 1 0 0
p-xscale4=0.5 1 0 0
p-xscale5=1 0 0 0
rendermode=1
uniformscale=1

