[Drag]
f-drag=1
f-pos=0 0 0
f-radius=1000

[Gold]
e-life=0.30000000000000004
e-linger=0
e-rate=20
e-rotation1=1
e-rotation1-axis=1 0 0
e-rotation1P1=0 0
e-rotation1P2=0.5 5
e-rotation1P3=1 20
e-rotation2=1
e-rotation2-axis=0 1 0
e-rotation2P1=0 0
e-rotation2P2=1 360
p-colorscale=1 1
p-colortype=1 0
p-drag=0 0.5 0
p-flexoffset=0.1
p-frameRate=0
p-life=1.2000000000000002
p-lifeP1=0 0.9
p-lifeP2=1 1.1
p-mesh=coin.sco
p-meshtex=coin05.tga
p-numframes=1
p-offset=0 0 55
p-quadrot=360 360 360
p-quadrotXP1=0 0
p-quadrotXP2=1 1
p-quadrotYP1=0 0
p-quadrotYP2=1 1
p-quadrotZP1=0 0
p-quadrotZP2=1 1
p-rgba=coin05color.tga
p-rotvel=5 1 1
p-rotvelXP1=0 -100
p-rotvelXP2=0.5 -80
p-rotvelXP3=0.5009999871253967 80
p-rotvelXP4=1 100
p-rotvelYP1=0 -100
p-rotvelYP2=0.5 -100
p-rotvelYP3=0.5009999871253967 100
p-rotvelYP4=1 100
p-rotvelZP1=0 -100
p-rotvelZP2=0.5 -100
p-rotvelZP3=0.5009999871253967 100
p-rotvelZP4=1 100
p-scale=1.4000000000000001 1.4000000000000001 2
p-shadow=0
p-startframe=0
p-texdiv=1 1
p-type=3
p-vel=0 350 0
p-vel1=0 0 1.5 0
p-vel2=1 0 1.5 0
p-velYP1=0 1
p-velYP2=1 1.2000000000000002
p-worldaccel=0 -800 0
p-xrgba=1 1 1 1
p-xrgba1=0 1 1 1 1
p-xrgba2=0.7 1 1 1 0.8
p-xrgba3=1 1 1 1 0
p-xscale1=0 1 1 1
p-xscale2=0.6000000000000001 1 1 1
p-xscale4=1 0 0 0
rendermode=1

[System]
GroupPart1=shadow
GroupPart1Type=Simple
GroupPart3=Gold
GroupPart3Type=Complex
SimulateEveryFrame=1
SoundOnCreate=Play_sfx_GoldAquisition_P_cast

[shadow]
e-life=0.30000000000000004
e-rate=20
e-rotation1=1
e-rotation1-axis=0 1 0
e-rotation1P1=0 0
e-rotation1P2=1 360
field-drag-1=Drag
p-colorscale=1 1
p-colortype=1 0
p-frameRate=60
p-life=1
p-lifeP1=0 0.8
p-lifeP2=1 1
p-numframes=16
p-offset=0 0 20
p-offset1=0 0 0 0
p-offset2=1 0 0 3
p-quadrot=1
p-quadrotP1=0 0
p-quadrotP2=1 360
p-rgba=color-coinshadow.tga
p-rotvel=1
p-rotvelP1=0 -360
p-rotvelP2=1 360
p-scale=30
p-simpleorient=2
p-startframe=0
p-texdiv=4 4
p-texture=coinshadow.tga
p-type=1
p-vel=0 0 150
p-velZP1=0 0
p-velZP2=0.8 0.30000000000000004
p-velZP3=1 1
rendermode=2

[UNKNOWN_HASHES]
unk0746F2BE=1 3
unk206E9B49=0 -650 0
unk20F1116D=0
unk27AEDE60=0 0.1
unk27AEDE61=1 1
unk2A346D9B=0
unk2B25EF72=0 20 0
unk47ED96A4=0 1 1 1 1
unk47ED96A5=0.9 0.4 0.4 0.4 0.4
unk47ED96A6=1 0 0 0 0
unk5240B292=0 0
unk5240B293=1 360
unk574FB459=0
unk5EC6A227=blastring
unk7F952F51=0 1 0
unkA376AB1C=Mfx_hiteffect.dds
unkA8A8291E=0 440 0
unkC7149957=1 1
unkDB2E33DB=0.8
unkE6182C0B=70 70 70
unkE7460626=1
unkF6869CCD=1 1 1 1
unkFA8C720A=1
unkFD6ECA9E=173 130 38 255
unkFFE88209=1
