[Geyser]
e-alpharef=80
e-life=5
e-linger=0
e-rate=200
e-rotation1=15
e-rotation1-axis=0 0 1
e-rotation2=1
e-rotation2-axis=0 1 0
e-rotation21=0 500
e-rotation22=0.15000000596046448 -300
e-rotation23=0.30000001192092896 -380
e-rotation24=1 -380
field-accel-1=GeyserAccel
field-drag-1=GeyserDrag
p-colorscale=1 1
p-colortype=1 3
p-frameRate=0
p-life=1
p-lifeP1=0 0.5
p-lifeP2=1 1
p-linger=0
p-numframes=4
p-offset=0 90 0
p-postoffset=3 55 1
p-quadrot=1
p-quadrotP1=0 0
p-quadrotP2=1 360
p-randomstartframe=1
p-rgba=color-grog-foamy.tga
p-rotvel=0 0 0
p-scale=30
p-scale1=0 1
p-scale2=1 0.30000000000000004
p-scaleP1=0 0.5
p-scaleP2=1 1.2000000000000002
p-startframe=0
p-texdiv=2 2
p-texture=juicygoop5.tga
p-vel=0 400 0
p-vel1=0 0 2 0
p-vel2=1 0 0 0
p-velYP1=0 0.8
p-velYP2=1 1.2000000000000002
p-xscale=1
p-xscale1=0 0.2
p-xscale2=1 2.5
rendermode=1

[GeyserAccel]
f-accel=0 -1000 0
f-localspace=0

[GeyserDrag]
f-drag=0.8
f-pos=0 1 0
f-radius=1000

[System]
GroupPart2=Geyser
GroupPart2Type=Simple
GroupPart3=champaign
SimulateEveryFrame=1

[champaign]
Particle-Velocity=1 1 1
Particle-Velocity1=0 0 50 0
Particle-Velocity2=0.2 0 0 0
Particle-Velocity3=1 0 0 0
e-linger=0
e-local-orient=1
e-rate=1
p-bindtoemitter=0 0
p-life=5.1000000000000005
p-linger=0
p-mesh=gragas_classy_bottle.sco
p-meshtex=gragas_classy_TX_CM.tga
p-offset=0 0 0
p-postoffset=0 40 0
p-quadrot=0 180 0
p-scale=1.2000000000000002 1.2000000000000002 1.2000000000000002
p-shadow=1
p-type=3
p-xquadrot=0.30000000000000004 1 0.5
p-xquadrot-on=1
p-xquadrot1=0 0 -14 -2
p-xquadrot2=0.05000000074505806 0 -12 -2
p-xquadrot3=0.10000000149011612 0 -10 -1
p-xquadrot4=0.15000000596046448 0 -7 -1
p-xquadrot5=0.20000000298023224 0 -2 -0.5
p-xquadrot6=0.25 0 -1 0
p-xquadrot7=0.5 0 0 0
p-xquadrot8=0.5099999904632568 -1 2 0
p-xquadrot9=0.5199999809265137 1 -2 0
rendermode=3
single-particle=1

[UNKNOWN_HASHES]
unkF1A27D70=0.5299999713897705 -2 0 1
unkF1A27D71=0.5400000214576721 2 0 -1
unkF1A27D72=0.550000011920929 -3 5 2
unkF1A27D73=0.5600000023841858 3 -5 -2
unkF1A27D74=0.5699999928474426 -4 3 3
unkF1A27D75=0.5799999833106995 4 -3 -3
unkF1A27D76=0.5899999737739563 -5 7 4
unkF1A27D77=0.6000000238418579 5 -7 -4
unkF1A27D78=0.6100000143051147 -6 2 5
unkF1A27D79=0.6200000047683716 6 -2 -5
unkF1A37DAF=0.6299999952316284 -7 6 6
unkF1A37DB0=0.6399999856948853 7 -6 -6
unkF1A37DB1=0.6499999761581421 -8 1 7
unkF1A37DB2=0.6600000262260437 8 -1 -7
unkF1A37DB3=0.6700000166893005 -9 8 8
unkF1A37DB4=0.6800000071525574 9 -8 -8
unkF1A37DB5=0.6899999976158142 -10 -7 9
unkF1A37DB6=0.699999988079071 10 7 -9
unkF1A37DB7=0.7099999785423279 -7 2 6
unkF1A37DB8=0.7200000286102295 7 -2 -6
unkF1A47DEE=0.7300000190734863 -8 -6 9
unkF1A47DEF=0.7400000095367432 8 6 -9
unkF1A47DF0=0.75 -7 1 8
unkF1A47DF1=0.7599999904632568 7 -1 -8
unkF1A47DF2=0.7699999809265137 -8 8 9
unkF1A47DF3=0.7799999713897705 8 -8 -9
unkF1A47DF4=0.7900000214576721 -10 4 5
unkF1A47DF5=0.800000011920929 10 -4 -5
unkF1A47DF6=0.8100000023841858 -6 2 7
unkF1A47DF7=0.8199999928474426 6 -2 -7
unkF1A57E2D=0.8299999833106995 -7 8 6
unkF1A57E2E=0.8399999737739563 7 -8 -6
unkF1A57E2F=0.8500000238418579 -8 1 7
unkF1A57E30=0.8600000143051147 8 -1 -7
unkF1A57E31=0.8700000047683716 -6 8 8
unkF1A57E32=0.8799999952316284 6 -8 -8
unkF1A57E33=0.8899999856948853 -10 0 9
unkF1A57E34=0.8999999761581421 10 0 -9
unkF1A57E35=0.9100000262260437 -6 2 7
unkF1A57E36=0.9200000166893005 6 -2 -7
unkF1A67E6C=0.9300000071525574 -7 0 9
unkF1A67E6D=0.9399999976158142 7 0 -9
unkF1A67E6E=0.949999988079071 -8 0 7
unkF1A67E6F=0.9599999785423279 8 0 -7
unkF1A67E70=0.9700000286102295 -9 0 8
unkF1A67E71=0.9800000190734863 9 0 -8
unkF1A67E72=0.9900000095367432 -10 0 9
unkF1A67E73=1 1 1 1
