[Geyser]
e-alpharef=80
e-life=5
e-linger=0
e-rate=200
e-rotation1=15
e-rotation1-axis=0 0 1
e-rotation2=1
e-rotation2-axis=0 1 0
e-rotation21=0 500
e-rotation22=0.15000000596046448 -300
e-rotation23=0.30000001192092896 -380
e-rotation24=1 -380
field-accel-1=GeyserAccel
field-drag-1=GeyserDrag
p-colorscale=1 1
p-colortype=1 3
p-frameRate=0
p-life=1
p-lifeP1=0 0.5
p-lifeP2=1 1
p-linger=0
p-numframes=4
p-offset=0 90 0
p-postoffset=0 1 0
p-quadrot=1
p-quadrotP1=0 0
p-quadrotP2=1 360
p-randomstartframe=1
p-rgba=color-grog-foamy.tga
p-rotvel=0 0 0
p-scale=30
p-scale1=0 1
p-scale2=1 0.30000000000000004
p-scaleP1=0 0.5
p-scaleP2=1 1.2000000000000002
p-startframe=0
p-texdiv=2 2
p-texture=juicygoop5.tga
p-vel=0 400 0
p-vel1=0 0 2 0
p-vel2=1 0 0 0
p-velYP1=0 0.8
p-velYP2=1 1.2000000000000002
p-xscale=1
p-xscale1=0 0.2
p-xscale2=1 2.5
rendermode=1

[GeyserAccel]
f-accel=0 -1000 0
f-localspace=0

[GeyserDrag]
f-drag=0.8
f-pos=0 1 0
f-radius=1000

[System]
GroupPart1=giftbarrel
GroupPart2=Geyser
GroupPart2Type=Simple
SimulateEveryFrame=1

[giftbarrel]
Particle-Velocity=1 1 1
Particle-Velocity1=0 0 5 0
Particle-Velocity2=0.2 0 0 0
Particle-Velocity3=1 0 0 0
e-linger=0
e-local-orient=1
e-rate=1
p-bindtoemitter=0 0
p-life=5.1000000000000005
p-linger=0
p-mesh=giftbarrel.sco
p-meshtex=giftbarrel.tga
p-offset=0 0 0
p-postoffset=0 20 0
p-quadrot=1 1 1
p-scale=0.8 0.8 0.8
p-shadow=1
p-type=3
p-xquadrot=0.30000000000000004 1 0.5
p-xquadrot-on=1
p-xquadrot1=0 0 -14 -2
p-xquadrot2=0.05000000074505806 0 -12 -2
p-xquadrot3=0.10000000149011612 0 -10 -1
p-xquadrot4=0.15000000596046448 0 -7 -1
p-xquadrot5=0.20000000298023224 0 -2 -0.5
p-xquadrot6=0.25 0 -1 0
p-xquadrot7=0.5 0 0 0
p-xquadrot8=0.5099999904632568 -1 2 0
p-xquadrot9=0.5199999809265137 1 -2 0
rendermode=3
single-particle=1

[UNKNOWN_HASHES]
unkA4243B08=0.5299999713897705 -2 0 1
unkA4243B09=0.5400000214576721 2 0 -1
unkA4243B0A=0.550000011920929 -3 5 2
unkA4243B0B=0.5600000023841858 3 -5 -2
unkA4243B0C=0.5699999928474426 -4 3 3
unkA4243B0D=0.5799999833106995 4 -3 -3
unkA4243B0E=0.5899999737739563 -5 7 4
unkA4243B0F=0.6000000238418579 5 -7 -4
unkA4243B10=0.6100000143051147 -6 2 5
unkA4243B11=0.6200000047683716 6 -2 -5
unkA4253B47=0.6299999952316284 -7 6 6
unkA4253B48=0.6399999856948853 7 -6 -6
unkA4253B49=0.6499999761581421 -8 1 7
unkA4253B4A=0.6600000262260437 8 -1 -7
unkA4253B4B=0.6700000166893005 -9 8 8
unkA4253B4C=0.6800000071525574 9 -8 -8
unkA4253B4D=0.6899999976158142 -10 -7 9
unkA4253B4E=0.699999988079071 10 7 -9
unkA4253B4F=0.7099999785423279 -7 2 6
unkA4253B50=0.7200000286102295 7 -2 -6
unkA4263B86=0.7300000190734863 -8 -6 9
unkA4263B87=0.7400000095367432 8 6 -9
unkA4263B88=0.75 -7 1 8
unkA4263B89=0.7599999904632568 7 -1 -8
unkA4263B8A=0.7699999809265137 -8 8 9
unkA4263B8B=0.7799999713897705 8 -8 -9
unkA4263B8C=0.7900000214576721 -9 4 5
unkA4263B8D=0.800000011920929 9 -4 -5
unkA4263B8E=0.8100000023841858 -6 2 7
unkA4263B8F=0.8199999928474426 6 -2 -7
unkA4273BC5=0.8299999833106995 -7 8 6
unkA4273BC6=0.8399999737739563 7 -8 -6
unkA4273BC7=0.8500000238418579 -8 1 7
unkA4273BC8=0.8600000143051147 8 -1 -7
unkA4273BC9=0.8700000047683716 -6 8 8
unkA4273BCA=0.8799999952316284 6 -8 -8
unkA4273BCB=0.8899999856948853 -10 0 9
unkA4273BCC=0.8999999761581421 10 0 -9
unkA4273BCD=0.9100000262260437 -6 2 7
unkA4273BCE=0.9200000166893005 6 -2 -7
unkA4283C04=0.9300000071525574 -7 0 9
unkA4283C05=0.9399999976158142 7 0 -9
unkA4283C06=0.949999988079071 -8 1 7
unkA4283C07=0.9599999785423279 8 -1 -7
unkA4283C08=0.9700000286102295 -9 8 8
unkA4283C09=0.9800000190734863 9 -8 -8
unkA4283C0A=0.9900000095367432 -10 0 9
unkA4283C0B=1 0 0 0
