[UNKNOWN_HASHES]
unk050C67CA=0 0 10 0
unk050C67CB=1 200 10 0
unk06D7A050=0 1
unk06D7A051=1 2
unk0849D3B5=0 0
unk0849D3B6=1 360
unk08FE86D5=1
unk1ABB25A7=flames02.tga
unk1BE3B5E2=1
unk30BFE49B=1 0.6000000000000001
unk390AA8E4=0 0
unk390AA8E5=0.1 6
unk390AA8E6=0.30000000000000004 15
unk390AA8E7=1 50
unk5E9A0EA9=30 0 0
unk5F598E4A=0 1000 0
unk678054A3=0 1
unk678054A4=1 1.2000000000000002
unk685B71F4=1
unk6E445DDB=1 1
unk7299F88F=4
unk7460D7C9=1 2
unk7EA59AD3=0 0
unk7EA59AD4=1 1
unk816665E9=0
unk8329091E=0
unk8740B110=0.4
unk8B9B43EE=0 10 0
unk8BAE4422=0
unk8CDD0657=0.6000000000000001
unk8D70E757=0
unk90F0F9D5=20
unk9358835B=0.6000000000000001
unk95E32227=1 1 0
unk98F4D8A2=0.6000000000000001
unk9D697588=color-righteousfury.tga
unk9EF358EB=0 1 1 1
unk9EF358EC=0.4 1.5 1.5 1.5
unk9EF358ED=0.6000000000000001 2 2 2
unk9EF358EE=1 0.5 0.5 0.5
unkA0A97B52=2
unkA305CACF=color-incinerate.tga
unkA5227B9C=0 0
unkA5227B9D=1 360
unkA69EEF3F=300
unkA718468D=1
unkAC3B4486=2
unkB317DB5D=0 0
unkB317DB5E=1 360
unkB374DF62=1 0.2
unkB4D275A0=Udyr_Phoenix_nova.tga
unkBBD9FC16=20 20 20
unkD45DBB42=1 0
unkD7519362=1
unkDC5F0C86=0
unkED8C74B8=2
unkF4A89105=1 1
unkF6D9A9DC=1 0 0
unkFEF06F3E=2 3
