[Basic]
e-rate=10
e-rgba=255 255 255 255
e-rgbaAP1=0 0.2
e-rgbaAP2=0.9 0.5
e-rgbaAP3=1 1
e-shape-name=sru_emitter_plane.scb
e-shape-scale=2
p-life=3
p-lifeP1=0 0.5
p-lifeP2=1 1
p-scale=20 20 20
p-scaleXP1=0 0.75
p-scaleXP2=0.75 1
p-scaleXP3=1 1.5499999523162842
p-scalebias=3 3
p-texture=HA_Snow_Sparkle.dds
p-uvscroll-rgb=0.05000000074505806 0.05000000074505806
p-xrgba=0.20392200350761414 0.34509798884391785 0.34509798884391785 1
p-xscale=1 1 1
p-xscale1=0 0 0 0
p-xscale2=0.5 1 1 1
p-xscale3=1 0 0 0
uniformscale=1

[System]
GroupPart1=Basic

