[System]
GroupPart1=center
GroupPart1Type=Simple
GroupPart2Type=Simple
GroupPart3=energy
GroupPart3Type=Simple
GroupPart4=rays
GroupPart4Type=Simple

[center]
e-life=1
e-rate=1
e-rotation1=0
e-rotation1P1=0 0
e-rotation1P2=1 90
e-rotation2=0
e-rotation2P1=0 0
e-rotation2P2=1 360
p-life=2
p-lifeP1=0 0.7000000000000001
p-lifeP2=1 1.1200000047683716
p-offset=0 100 0
p-rotvel=0 0 0
p-rotvelXP1=0 -1
p-rotvelXP2=1 1
p-scale=120
p-startframe=1
p-texdiv=2 2
p-texture=Heal03.tga
p-xscale=1 1 1
p-xscale1=0 0 1 1
p-xscale2=0.17399999499320984 1.3350000381469727 1 1
p-xscale3=0.7518519163131714 0 1 1
p-xscale4=1 0 1 1

[energy]
e-life=0.5
e-rate=5
e-rotation1=0
e-rotation1P1=0 0
e-rotation1P2=1 90
e-rotation2=0
e-rotation2P1=0 0
e-rotation2P2=1 360
p-life=1.5
p-lifeP1=0 0.7000000000000001
p-lifeP2=1 1.1200000047683716
p-offset=0 100 0
p-quadrot=1
p-rgba=color-bellcurve.tga
p-rotvel=45
p-rotvelXP1=0 -1
p-rotvelXP2=1 1
p-scale=100
p-startframe=2
p-texdiv=2 2
p-texture=Heal03.tga
p-xscale=1 1 1
p-xscale1=0 0.4819999933242798 1 1
p-xscale2=0.17399999499320984 1.1125190258026123 1 1
p-xscale3=0.17800000309944153 1.1125190258026123 1 1
p-xscale4=0.7518519163131714 0.444703608751297 1 1
p-xscale5=0.8373702764511108 0.444703608751297 1 1
p-xscale6=1 0 1 1

[rays]
e-life=0.5
e-rate=5
e-rotation1=0
e-rotation1P1=0 0
e-rotation1P2=1 90
e-rotation2=0
e-rotation2P1=0 0
e-rotation2P2=1 360
p-life=0.8
p-lifeP1=0 0.7000000000000001
p-lifeP2=1 1.1200000047683716
p-offset=0 100 0
p-quadrot=1
p-rgba=color-bellcurve.tga
p-rotvel=0
p-rotvelXP1=0 -1
p-rotvelXP2=1 1
p-scale=120
p-startframe=3
p-texdiv=2 2
p-texture=Heal03.tga
p-vel=0 100 0
p-xscale=1 1 1
p-xscale1=0 0.4819999933242798 1 1
p-xscale2=0.17399999499320984 1.1125190258026123 1 1
p-xscale3=0.17800000309944153 1.1125190258026123 1 1
p-xscale4=0.7518519163131714 0.9639258980751038 1 1
p-xscale5=1 0.9639258980751038 1 1

[UNKNOWN_HASHES]
unk0DB07AE7=100
unk33900906=0 0
unk33900907=1 90
unk340E1887=0 0
unk340E1888=1 360
unk34486DFF=2.5
unk35318A98=0 20 0
unk387D5796=0 50 0
unk4060404A=0.5
unk4A713277=Heal_glb__arches__p-rgba.tga
unk4CA925FA=0 100 0
unk53A6AC2E=100
unk541D4BF8=Heal03.tga
unk5A88728A=0 -1
unk5A88728B=1 1
unk6B2B6B49=180
unk966B92FA=2
unkA18AA4AD=2 2
unkB069EE7D=1
unkBAE37A40=0 0.7000000000000001
unkBAE37A41=1 1.1200000047683716
unkD8557F3C=0 1.2234439849853516 1 1
unkD8557F3D=1 0 1 1
unkDEA30E35=1 1 1
unkEEED7FC5=0
unkEEED7FC6=0
unkFAC76342=1000
unkFC0984B0=0 255 255 255 255
unkFC0984B1=0.4906667 0 0 0 255
