[ArcadeRider]
e-life=1
e-linger=0
e-local-orient=1
e-rate=1
flag-disable-z=1
p-animation=Hecarim_Skin04_R_Ghost.anm
p-backfaceon=0
p-bindtoemitter=1 1
p-coloroffset=0 0
p-colorscale=0 0
p-colortype=0 0
p-life=1.5
p-linger=1.5
p-meshtex=Hecarim_Skin04_R_Ghost.tga
p-offset=0 0 0
p-quadrot=-90 180 0
p-rgba=color-hecarim_skn3_spectrum_03.tga
p-scale=1.25 1.25 1.25
p-skeleton=Hecarim_Skin04_R_Ghost.skl
p-skin=Hecarim_Skin04_R_Ghost.skn
p-type=3
p-xrgba1=0.7 1 1 1 1
p-xrgba2=1 0 0 0 0
rendermode=0
single-particle=1

[System]
GroupPart1=Trail
GroupPart3=ArcadeRider
SimulateEveryFrame=1

[Trail]
e-life=1.1
e-linger=0
e-local-orient=1
e-rate=40
flag-disable-z=0
p-bindtoemitter=0
p-drag=2 2 2
p-life=0.7
p-linger=0.5
p-offset=40 240 0
p-offsetXP1=0 -1
p-offsetXP2=1 1
p-offsetYP1=0 0.5
p-offsetYP2=1 1
p-offsetZP1=0 1
p-offsetZP2=1 1
p-quadrot=0 0 0
p-quadrotXP1=0 0
p-quadrotXP2=0.5 0
p-quadrotXP3=0.50001 1
p-scale=60 150 30
p-scaleXP1=0 0.5
p-scaleXP2=1 1.75
p-texdiv=1 1
p-texture=hecarim_Skin04_Z_pixel.tga
p-type=1
p-vel=0 700 0
p-velYP1=0 1
p-velYP2=1 0.5
p-xrgba1=0 0 0 0 0
p-xrgba2=0.04 0 0 0 0
p-xrgba3=0.5 1 0.3 0.3 1
p-xrgba4=1 1 0 0 0
pass=100
rendermode=0
uniformscale=1

[UNKNOWN_HASHES]
unk03A0C16C=0
unk092BBE20=30 30 30
unk0C4D4D04=0
unk0EE2B5B3=0 700 0
unk1117ECC2=6
unk205ED0DE=2 2 2
unk2DAE88DC=1
unk385706E6=0 0 0
unk54D70498=0
unk5699A7CD=0.5
unk5C3882B1=hecarim_skn4_sparkle.tga
unk5F0BE29D=20 -220 -40
unk681C6F11=0 0
unk6F6B5483=1
unk797D7B46=0
unk7BD389CF=0.8 1 1 1 1
unk7BD389D0=1 0 0 0 0
unk902BCC86=0.5
unk97EC4FD3=0 0
unk9C439ED1=2
unkA1B3035C=0 -1
unkA1B3035D=1 1
unkA1D0AE7E=100
unkA23112DD=0 -1
unkA23112DE=1 1
unkA2AF225E=0 1
unkA2AF225F=1 1
unkA65490FE=color-hecarim_skn3_spectrum_03.tga
unkAF8A0AB5=20
unkBE61B563=12
unkC8192FB4=2 4
unkD07E7047=0 1
unkD07E7048=1 0.5
unkE2643A19=0 0.5
unkE2643A1A=1 1.75
unkEA7465D3=0 0
unkEA7465D4=0.5 0
unkEA7465D5=0.50001 1
unkFE6098A1=1
