[CustomAccelField-1]
f-accel=0 -2000 0
f-localspace=0

[System]
GroupPart1=blood
GroupPart1Type=Simple
GroupPart2=center
GroupPart2Type=Simple
GroupPart3=center2
GroupPart3Type=Simple
SimulateEveryFrame=1

[blood]
ExcludeAttachmentType=turret nexus inhibitor
e-life=0.03999999910593033
e-rate=500
e-rotation1=1
e-rotation1-axis=0 0 1
e-rotation1P1=0 0
e-rotation1P2=1 20
e-rotation2=1
e-rotation2P1=0 0
e-rotation2P2=1 360
field-accel-1=CustomAccelField-1
p-bindtoemitter=0 0
p-colortype=1 3
p-frameRate=4
p-life=0.6000000000000001
p-lifeP1=0 0.8
p-lifeP2=1 1.5
p-linger=-1
p-numframes=4
p-postoffset=0 20 0
p-quadrot=1
p-quadrotP1=0 0
p-quadrotP2=1 360
p-rgba=color-plasma.tga
p-scale=40
p-scaleP1=0 0.4
p-scaleP2=1 1.2000000000000002
p-texdiv=2 3
p-texture=HungeringStrike03Red.tga
p-vel=0 600 0
p-velYP1=0 0.7000000000000001
p-velYP2=1 1.3
p-xscale=1
p-xscale1=0 1
p-xscale2=1 3

[center]
e-life=0.1
e-rate=1
p-life=0.55
p-offset=0 200 -100
p-quadrot=0 0 0
p-quadrotXP1=0 0.03700000047683716
p-quadrotXP2=1 45
p-rgba=HungeringStrike_tar__center__p-rgba.tga
p-scale=90
p-startframe=4
p-texdiv=2 3
p-texture=HungeringStrike02_red.tga
p-vel=0 100 0
single-particle=1

[center2]
e-life=0.1
e-rate=1
p-life=0.55
p-offset=0 200 -100
p-quadrot=25
p-quadrotXP1=0 0.03700000047683716
p-quadrotXP2=1 45
p-rgba=HungeringStrike_tar__center__p-rgba.tga
p-scale=85
p-startframe=5
p-texdiv=2 3
p-texture=HungeringStrike03Red.tga
p-xscale=1 1 1
p-xscale1=0 0 1 1
p-xscale2=1 2.4473700523376465 1 1
single-particle=1

[UNKNOWN_HASHES]
unk03FCF42E=0 600 0
unk04EC2701=1
unk0B95C2BD=4
unk0BC3768B=1
unk0C6A691F=0 40 0
unk0D387B8C=79 15 0
unk18E3DE17=1
unk1D026F3A=0 0
unk1D026F3B=1 20
unk1D807EBB=0 0
unk1D807EBC=1 360
unk201C2CCB=0.6000000000000001
unk20425985=turret nexus inhibitor
unk241E7498=2
unk2C33FF16=0.03999999910593033
unk3644F143=color-blood32_2.tga
unk3A7F25C9=3
unk3D03CE52=0 0 0
unk3F7A6AFA=500
unk400CAD5C=0 0.4
unk400CAD5D=1 1.2000000000000002
unk41C4FC47=CustomAccelField-1
unk4E4893E4=0 0 0
unk50A6223A=0 0 0
unk56543592=-1
unk5D1E9970=0 1
unk5D1E9971=1 3
unk604986CF=4
unk60E54A1D=Relentlessassault02.tga
unk676E8EDA=1
unk67AE0AA2=0 20 0
unk7176C195=0 0 1
unk781BD908=0 0 0
unk84A7CD48=2 2
unk85DEE506=0 0 0
unk8664BFF9=1
unk8664BFFA=1
unk8F7863A3=0 0 0
unk926A25CE=1 3
unk9AF20F59=0 1
unk9AF20F5A=1 0
unkA4EABC67=0 0
unkA7FCF41A=0.5
unkB414C665=0.1
unkB504EA61=1
unkB67DBA12=1
unkB8DF8B5E=4
unkC1C036D0=1 1 1
unkC75B3249=150
unkC7D3BD79=2 2
unkD038FE0C=0 0.7000000000000001
unkD038FE0D=1 1.3
unkD241C65F=0 0 0 0
unkD241C660=1 0 0 0
unkD5986F1B=40
unkD7C0654D=0 0 0 0
unkD7C0654E=1 0 0 0
unkD8E6662C=bloodgoop.tga
unkDD63E5A2=0 0
unkDD63E5A3=1 360
unkE12C930C=0 0.8
unkE12C930D=1 1.5
unkE51D7D61=0 10 0 0
unkE51D7D62=0.2 15 0 0
unkE51D7D63=1 15 0 0
unkE6F17046=0 50 0
unkFEDC61C2=78.88890075683594
unkFFCFA6D8=1
