[System]
GroupPart1=ice

[ice]
e-life=-1
e-rate=0.5
e-rotation1=1
e-rotation1P1=0 0
e-rotation1P2=1 360
p-backfaceon=1
p-bindtoemitter=1
p-colorscale=1 1
p-colortype=1 3
p-life=3
p-lifeP1=0 0.9
p-lifeP2=1 1
p-linger=0
p-mesh=Nexus_Gem_Sparkle.sco
p-meshtex=Nexus_Gem_Sparkle.tga
p-offset=1 0 0
p-offsetXP1=0 0
p-offsetXP2=1 200
p-quadrot=1 1 0
p-quadrotXP1=0 0
p-quadrotXP2=0.5 0
p-quadrotXP3=0.5001000165939331 180
p-quadrotXP4=1 180
p-quadrotYP1=0 0
p-quadrotYP2=1 360
p-rgba=color-rainbowhold.tga
p-scale=15 0 15
p-type=3
p-uvscroll-rgb=0.25 0.11999999731779099
rendermode=0

[UNKNOWN_HASHES]
unk02F94BD9=GK_Sparkle.tga
unk0DC331E7=1
unk154E8EAF=1 0.5
unk1681707D=100000
unk229942C8=-1
unk35DFAEAC=1
unk38C20740=255 255 255 255
unk3CBF0C2F=0 -15 0
unk431D066E=shouldergems.sco
unk6E949DF5=10
unk92A2F0FB=3
unk945FC83D=0
unkBC3617E9=1.2000000476837158 1.2000000476837158 -1.2000000476837158
unkBFEEC044=0.1
unkC7560288=1
unkC860FB14=-20 16 0
unkD4EF4935=1
unkDBD47ED3=1
unkF8779244=1
unkFB0F0EC7=0 0 0
