[System]
GroupPart1=smoke2
GroupPart1Type=Simple
GroupPart2Type=Simple
GroupPart3=base2
GroupPart3Type=Simple
GroupPart4=ice4
GroupPart4Type=Simple

[base2]
e-life=1
e-rate=3
e-rate1=0 1.8170000314712524
e-rate2=1 1.0010000467300415
p-life=4
p-life1=0 1
p-life2=1 0.2227036952972412
p-quadrot=45
p-rgba=color-iceblockbase.tga
p-rotvel=-10
p-scale=130
p-scaleP1=0 0.8529258966445923
p-scaleP2=0.2409999966621399 2.002000093460083
p-scaleP3=0.5 1.4459999799728394
p-scaleP4=0.7851852178573608 2.854703903198242
p-scaleP5=1 1
p-simpleorient=2
p-startframe=2
p-texdiv=2 3
p-texture=EnchantedCrystalArrow02.tga
p-type=1
p-xscale=1
p-xscale1=0 0 0 0
p-xscale2=0.05925925076007843 1.2160300016403198 0 0
p-xscale3=0.07407406717538834 1.520037055015564 0 0
p-xscale4=0.46666669845581055 1.520037055015564 0 0
p-xscale5=1 1.2230000495910645 0 0

[drag]
f-drag=3
f-dragP1=0 0.8529999852180481
f-dragP2=1 1.0751479864120483
f-pos=0 0 0
f-radius=1000

[ice4]
e-life=10
e-rate=1
e-timeoffset=0.2
p-backfaceon=1
p-life=1
p-linger=0
p-mesh=IceBlock3.sco
p-meshtex=IceBlock01.tga
p-offset=0 0 0
p-offset1=0 0 -50 0
p-offset2=1 0 0 0
p-rgba=color-iceblock32.tga
p-scale=7
p-simpleorient=1
p-texture=IceBlock01.tga
p-type=3
p-xrgba=1 1 1 1
p-xrgba1=0 1 1 1 0
p-xrgba2=0.074 1 1 1 0.3838596
p-xrgba3=0.1999259 1 1 1 1.037074
p-xrgba4=0.6592593 1 1 1 1
p-xrgba5=0.892 1 1 1 0.296
p-xrgba6=1 1 1 1 0
p-xscale=1
p-xscale1=0 1 0 0
p-xscale2=0.1 1 0 0
p-xscale3=1 1 0 0
rendermode=1

[smoke2]
e-life=3
e-rate=40
e-rotation1=1
e-rotation1P1=0 0
e-rotation1P2=1 360
field-drag-1=drag
p-life=3
p-lifeP1=0 0.8159999847412109
p-lifeP2=1 1.1122219562530518
p-rgba=color-frostsmoke32B.tga
p-rotvel=45
p-rotvelP1=0 -1
p-rotvelP2=1 1
p-scale=100
p-scaleP1=0 0.8899999856948853
p-scaleP2=0.9962962865829468 1.260517954826355
p-startframe=2
p-texdiv=2 4
p-texture=InfernalGuardian02.tga
p-vel=700 100 0
p-velXP1=0 1.187000036239624
p-velXP2=1 0.6668518781661987
p-worldaccel=0 -500 0
p-xscale=1
rendermode=1

[UNKNOWN_HASHES]
unk043B762A=0.2
unk16FC7FE6=10
unk1DC0224B=7
unk210D7213=color-orbitrunes32.tga
unk267CF285=0 -40 0
unk2714941E=0
unk2A42EBCA=1
unk2E2E930D=1 1 1 1
unk2E799A96=1
unk3780438C=IceBlock1.sco
unk3E3FB4A0=0 0 0 0
unk3E3FB4A1=0.1 1 0 0
unk3E3FB4A2=1 0.8527036905288696 0 0
unk6B44AEEC=0 0 1 0
unk6B44AEED=0.5 0 0.9639999866485596 0
unk6B44AEEE=1 0 0 0
unk79E13FD1=1
unk7C374262=1
unk87062E19=3
unk8E19275B=1
unkA458C37F=0 0 -50 0
unkA458C380=1 0 0 0
unkAC93F849=1
unkBA07815C=IceBlock01.tga
unkCB494E62=0
unkD3BB8932=0 0 0
unkF0833064=0 1 1 1 0
unkF0833065=0.074 1 1 1 0.3838596
unkF0833066=0.1999259 1 1 1 1.037074
unkF0833067=0.6592593 1 1 1 1
unkF0833068=0.892 1 1 1 0.296
unkF0833069=1 1 1 1 0
