[System]
GroupPart1=sparksUp
GroupPart1Type=Simple
GroupPart2=bolts
GroupPart2Type=Complex

[bolts]
Emitter-BirthRotationalAcceleration=0 0 0
Particle-Acceleration=0 0 0
Particle-Drag=0 0 0
Particle-Velocity=0 0 0
e-life=1
e-rate=8
e-timeoffset=0.2
p-bindtoemitter=1
p-bindtoemitter1=0 1
p-bindtoemitter2=1 0
p-frameRate=2
p-life=2
p-lifeP1=0 1
p-lifeP2=1 1.7799999713897705
p-linger=0
p-offset=10 0 10
p-offsetXP1=0 -1
p-offsetXP2=1 1
p-quadrot=90 0 0
p-quadrot1=0 -45 360 0
p-quadrot2=1 -45 1 0
p-rgba=color-bellcurve4.tga
p-rotvel=0 0 0
p-rotvel1=0 0 0 0
p-rotvel2=1 0 0 0
p-scale=70 55 0
p-scaleXP1=0 0.3333333134651184
p-scaleXP2=1 1.0751479864120483
p-texdiv=2 1
p-texture=InnervatingLocket02.tga
p-type=2
p-vel=0 50 0
p-xrgba=1 1 1 1
p-xrgba1=0 1 1 1 0
p-xrgba2=0.5 1 1 1 1
p-xrgba3=0.6 1 1 1 0.8
p-xrgba4=1 1 1 1 0
p-xscale=1 1 1
p-xscale1=0 0 0 0
p-xscale2=0.30000001192092896 5.5 1.7795560359954834 0
p-xscale3=0.6592593193054199 4.374741077423096 1.7795560359954834 0
p-xscale4=0.699999988079071 0 1.7795560359954834 0
p-xscale5=1 0 1.7795560359954834 0
uniformscale=1

[sparksUp]
e-life=1
e-rate=10
p-bindtoemitter=1 0
p-frameRate=32
p-life=1.5
p-linger=0
p-offset=0 5 0
p-postoffset=0 0 0
p-postoffsetXP1=0 0
p-postoffsetXP2=1 15
p-postoffsetYP1=0 0
p-postoffsetYP2=1 20
p-postoffsetZP1=0 0
p-postoffsetZP2=1 15
p-quadrot=1
p-quadrotP1=0 0
p-quadrotP2=1 360
p-rgba=color-bellcurve.tga
p-rotvel=45
p-rotvel1=0 0
p-rotvel2=1 45
p-scale=35
p-startframe=1
p-texdiv=2 1
p-texture=InnervatingLocket02.tga
p-vel=0 100 0
p-xscale=1
p-xscale1=0 2
p-xscale2=1 1.1302590370178223

[UNKNOWN_HASHES]
unk53F6F808=0 0
unk53F6F809=1 2
unk54750789=0 0
unk5475078A=1 5
unk54F3170A=0 0
unk54F3170B=1 2
unkA2610A57=70
unkCD2BECF1=0 0 0
unkFF9FABBD=1
