[System]
GroupPart1=energy_internal
GroupPart1Importance=High
GroupPart1Type=complex
GroupPart2=hand_glow_stage_01
GroupPart2Importance=High
GroupPart2Type=Simple
GroupPart5=pulse
GroupPart5Importance=High
GroupPart5Type=Simple
SimulateEveryFrame=1

[energy_internal]
e-life=-1
e-linger=0
e-rate=18
e-rate1=0 1
e-rate2=0.7000000000000001 0.5
e-rate3=1 0
p-backfaceon=0
p-bindtoemitter=1 1
p-coloroffset=0 0
p-colorscale=1 1
p-colortype=1 3
p-frameRate=0
p-life=0.15000000596046448
p-life1=0 1
p-life2=0.5 1.5
p-life3=1 2
p-mesh=magicball.sco
p-meshtex=mord_energy_ball_01.tga
p-numframes=1
p-postoffset=0 1 2
p-quadrot=360 360 360
p-quadrotXP1=0 0
p-quadrotXP2=1 1
p-quadrotYP1=0 0
p-quadrotYP2=1 1
p-quadrotZP1=0 0
p-quadrotZP2=1 1
p-rgba=color-mana_energy_01.tga
p-rotvel=0 120 120
p-rotvel1=0 1 1 1
p-rotvel2=1 0.1 0.1 0.1
p-rotvelYP1=0 -1
p-rotvelYP2=1 1
p-rotvelZP1=0 -1
p-rotvelZP2=1 1
p-scale=3 3 3
p-scale1=0 0.6 0.6 0.6
p-scale2=0.5 0.7 0.7 0.7
p-scale3=1 0.35 0.35 0.35
p-startframe=0
p-texdiv=1 1
p-type=3
rendermode=0

[hand_glow_stage_01]
e-life=-1
e-linger=0
e-rate=5
p-bindtoemitter=1 1
p-flexoffset=0.002
p-flexscale=0.0035000001080334187
p-life=0.4
p-linger=0
p-offset=1 1 1
p-quadrot=360
p-quadrotP1=0 0
p-quadrotP2=1 1
p-rgba=color-smoke32_07.tga
p-rotvel=100
p-rotvelP1=0 0.5
p-rotvelP2=1 -0.5
p-scale=90
p-scale1=0 0.7
p-scale2=0.30000001192092896 1.4500000476837158
p-scale3=1 0.7
p-texture=Flare-Rainbow_green_02.tga
p-vel=0 0 0
p-xrgba=1 1 1 1
p-xrgba1=0 0 0 0 1
p-xrgba2=1 1 1 1 1
p-xscale=1 1 1
p-xscale1=0 0 0 0
p-xscale2=0.5 1 1 1
p-xscale3=1 0 0
rendermode=0

[pulse]
e-life=-1
e-linger=0
e-local-orient=1
e-rate=6
p-bindtoemitter=1 1
p-colorscale=1 0.4
p-colortype=1 0
p-life=0.3
p-quadrot=45
p-rgba=color-rampdown.tga
p-rotvel=270
p-scale=55 0 0
p-texture=green_rings_01.tga
p-type=1
p-vel=0 0 0
p-xscale=1
p-xscale1=0 0.3
p-xscale2=1 1
rendermode=0

[UNKNOWN_HASHES]
unk0193A571=0
unk0672E37E=1 0
unk0697C3C9=1 2
unk0722C510=0.45
unk133A975B=0.05
unk13C65822=-1
unk1843F89B=1 0.1
unk1D4B8988=alpha_02.tga
unk1EC29A03=1
unk1F5D8011=1
unk220803A9=0.2
unk25804FBD=1
unk2681033F=20
unk2A5785D0=70 70 70
unk2CE8490E=0
unk2EE5C626=1 1
unk30E044EB=0 25 0 0
unk30E044EC=0.5 12.5 0 0
unk30E044ED=1 0 0 0
unk34E18F5D=0 0.9
unk36A1531B=0.15000000596046448
unk3830C821=color-rampdown.tga
unk3A453CDC=0 0
unk3A453CDD=1 360
unk3AC34C5D=0 0
unk3AC34C5E=1 360
unk3EBAE155=0 0 0 0
unk3EBAE156=1 -15 0 0
unk41491C9A=0 0 0 0
unk41491C9B=1 -15 0 0
unk416641D8=32
unk42A415CE=Flare-Rainbow_green_01.tga
unk42B92566=0.15
unk433EFBDC=shadow_step_28.tga
unk487CE816=15
unk4A6F6209=1
unk4C2DCD73=0 0 1
unk4CCA1793=color-rampdown.tga
unk507D46E2=0 0.9
unk50A949DA=380 0 0
unk516CA352=0 0
unk516CA353=1 360
unk55FF914A=3
unk564890AD=0
unk57CFF34A=0
unk580B33E2=0
unk5B1C7F62=1 1
unk5E00BE9B=1
unk5E00BE9C=1
unk6443BA8B=1
unk6735E866=0 25 0 0
unk6735E867=0.5 12.5 0 0
unk6735E868=1 0 0 0
unk6BDEDAEA=0 0.6000000000000001
unk6BDEDAEB=1 1.5
unk779B6555=0.45
unk7F9E806D=1
unk8344458E=0
unk835CD909=1 1
unk83B337A0=0.05
unk86ACDCCB=440
unk88C695DC=20
unk8DC429CD=alpha_02.tga
unk8F9E6EDF=1 1 1
unk932B8265=90 90 0
unk96715911=11
unk96F9A384=20
unk9E298427=0
unkA9CA5CFE=0 18
unkA9CA5CFF=1 65
unkAA65430C=0 0.9
unkAA65430D=1 1
unkACA811A7=teal_attack_buf_11.tga
unkB2C2D399=0
unkB3E925E7=-1
unkB4FFE444=0 0
unkB4FFE445=1 180
unkBF1C3957=20
unkC420ECC6=1
unkC6DC4912=0 0
unkC6DC4913=0.7000000000000001 0.8
unkC6DC4914=1 0.2
unkC7772F20=0 1
unkC7772F21=0.5 0.5
unkC7772F22=1 0
unkC98ABBC9=1 1
unkCD404CDB=0
unkE1067D70=0.5
unkE2DD59C4=1 2
unkE2FDB522=teal_attack_buf_01.tga
unkE35EE160=1 0.1
unkE978B840=0 0 0
unkEA5E189B=0 -1
unkEA5E189C=0.5 -1
unkEA5E189D=0.5 1
unkEA5E189E=1 1
unkECEC53E0=0 -1
unkECEC53E1=0.5 -1
unkECEC53E2=0.5 1
unkECEC53E3=1 1
unkF0CC179F=380 0 0
unkF3BCE5D3=0
unkFE6E3A5D=1 1
