[FrostGlow1]
KeywordsRequired=FrostBladeIrelia
e-life=-1
e-linger=0
e-rate=7
p-bindtoemitter=1 1
p-flexoffset=0.002
p-flexscale=0.0035000001080334187
p-life=0.8
p-linger=0
p-offset=1 1 1
p-quadrot=360
p-quadrotP1=0 0
p-quadrotP2=1 1
p-rgba=color-smoke32_07.tga
p-rotvel=100
p-rotvelP1=0 0.5
p-rotvelP2=1 -0.5
p-scale=85
p-scale1=0 0.7
p-scale2=0.30000001192092896 1.4500000476837158
p-scale3=1 0.7
p-texture=flare-Rainbow_blue_01.tga
p-vel=0 0 0
p-xrgba=1 1 1 1
p-xrgba1=0 0 0 0 1
p-xrgba2=1 1 1 1 1
p-xscale=1 1 1
p-xscale1=0 0 0 0
p-xscale2=0.5 1 1 1
p-xscale3=1 0 0
rendermode=0

[System]
GroupPart1=hand_glow_stage_01
GroupPart1Importance=High
GroupPart1Type=Simple
GroupPart2=followsparks_stage_01
GroupPart2Importance=High
GroupPart2Type=Simple
GroupPart3=FrostGlow1
GroupPart3Importance=High
GroupPart3Type=Simple
SimulateEveryFrame=1

[followsparks_stage_01]
KeywordsExcluded=FrostBladeIrelia
e-rate=32
e-rotation1=1
e-rotation1-axis=0 0 1
e-rotation1P1=0 0
e-rotation1P2=1 360
e-rotation2=1
e-rotation2P1=0 0
e-rotation2P2=1 360
p-bindtoemitter=1 1
p-life=0.2
p-lifeP1=0 0.6000000000000001
p-lifeP2=1 1.5
p-linger=0.5
p-offset=0 0 0
p-quadrot=1
p-quadrotP1=0 0
p-quadrotP2=1 180
p-rgba=color-rampdown.tga
p-scale=1
p-scaleP1=0 18
p-scaleP2=1 65
p-texture=Flare-Rainbow_red_01.tga
p-type=0
p-vel=50 50 50
p-xscale=1 1 1
p-xscale1=0 0
p-xscale2=0.7000000000000001 0.8
p-xscale3=1 0.2

[hand_glow_stage_01]
KeywordsExcluded=FrostBladeIrelia
e-life=-1
e-linger=0
e-rate=7
p-bindtoemitter=1 1
p-flexoffset=0.002
p-flexscale=0.0035000001080334187
p-life=0.4
p-linger=0
p-offset=1 1 1
p-quadrot=360
p-quadrotP1=0 0
p-quadrotP2=1 1
p-rgba=color-smoke32_07.tga
p-rotvel=100
p-rotvelP1=0 0.5
p-rotvelP2=1 -0.5
p-scale=55
p-scale1=0 0.7
p-scale2=0.30000001192092896 1.4500000476837158
p-scale3=1 0.7
p-texture=flare-Rainbow_red_01.tga
p-vel=0 0 0
p-xrgba=1 1 1 1
p-xrgba1=0 0 0 0 1
p-xrgba2=1 1 1 1 1
p-xscale=1 1 1
p-xscale1=0 0 0 0
p-xscale2=0.5 1 1 1
p-xscale3=1 0 0
rendermode=0

[UNKNOWN_HASHES]
unk03B837ED=1 1
unk08F9F587=0
unk267CF285=0 -300 0
unk2714941E=0
unk2CA26511=0
unk31F52974=0
unk3338EECF=1000
unk4A6F6209=1
unk4CDF1FE0=3
unk551330D7=0 0 0
unk5B365D90=1 1
unk5BB02CE6=1
unk625AB005=0 1 1 1
unk625AB006=1 0.1 0.1 0.1
unk6876CB5D=0 500 0
unk6ED81B2C=0 120 120
unk816ADC10=0 0
unk86102EAF=0 0
unk86102EB0=1 1
unk868E3E30=0 0
unk868E3E31=1 1
unk870C4DB1=0 0
unk870C4DB2=1 1
unk88572AB9=0 1 2
unk8DD858B4=mord_energy_ball_01.tga
unk8E3A18C9=1000
unk9CF498B2=20
unkA2E29FED=1
unkA33BAEB2=FrostBladeIrelia
unkA5375490=1 1
unkA65D758E=0 -1
unkA65D758F=1 1
unkA6DB850F=0 -1
unkA6DB8510=1 1
unkBFEAA244=3 3 3
unkC79E190A=360 360 360
unkCE1EF222=0
unkD0BD9F62=0.15000000596046448
unkDCD571AD=-1
unkDD01EEED=0 0.6 0.6 0.6
unkDD01EEEE=0.5 0.7 0.7 0.7
unkDD01EEEF=1 0.35 0.35 0.35
unkE2848FF7=1 3
unkE3F619A9=0
unkE6E663DA=color-snowball.tga
unkF01BDD91=18
unkF3A66671=1
unkF46C86E0=0 1
unkF46C86E1=0.7000000000000001 0.5
unkF46C86E2=1 0
unkFCEC3B38=1
unkFD593553=magicball.sco
unkFE0C394F=0 1
unkFE0C3950=0.5 1.5
unkFE0C3951=1 2
