[UNKNOWN_HASHES]
unk05C4DE4A=0 0.5
unk05C4DE4B=1 -0.5
unk0697C3C9=1 2
unk0722C510=0.45
unk0E627473=1 1
unk12E07109=0 0.5
unk12E0710A=1 -0.5
unk133A975B=0.05
unk13C65822=-1
unk14BD5D8A=0
unk1843F89B=1 0.1
unk1D4B8988=alpha_02.tga
unk1F4CF8BB=0 0 0
unk21201C34=1 1 1
unk2681033F=20
unk282F818E=0.0035000001080334187
unk28C53428=1 1
unk2D3CC8DC=0
unk30E044EB=0 25 0 0
unk30E044EC=0.5 12.5 0 0
unk30E044ED=1 0 0 0
unk34E18F5D=0 0.9
unk36E71DEE=0.002
unk370872CA=0.3
unk3A4899BF=0.4
unk3DA653A2=45
unk3EBAE155=0 0 0 0
unk3EBAE156=1 -15 0 0
unk41491C9A=0 0 0 0
unk41491C9B=1 -15 0 0
unk431AF0FD=0 0 0 0
unk431AF0FE=1 1 1 1
unk43204515=0.15
unk46606C0A=-1
unk487CE816=15
unk49220A3A=0 0 0
unk4A6F6209=1
unk4D313742=color-rampdown.tga
unk50715E37=color-smoke32_07.tga
unk507D46E2=0 0.9
unk50A949DA=380 0 0
unk5666B0F9=6
unk5849F038=Flare-Sun_orange_02.tga
unk59A6D7EE=4
unk5B1C7F62=1 1
unk5D99F074=1 1
unk6187CF6D=yellow_rings_01.tga
unk6443BA8B=1
unk6735E866=0 25 0 0
unk6735E867=0.5 12.5 0 0
unk6735E868=1 0 0 0
unk6A1FBA94=270
unk6A7B8ACA=0 0.7
unk6A7B8ACB=0.30000001192092896 1.4500000476837158
unk6A7B8ACC=1 0.7
unk6FC959F5=1 1 1
unk70C58790=0
unk72882AC5=0
unk779B6555=0.45
unk7AFA6595=1 1 1
unk81243E6F=0 0 0
unk8344458E=0
unk83B337A0=0.05
unk88C695DC=20
unk8DC429CD=alpha_02.tga
unk96715911=7
unk96F9A384=20
unk97036DEA=1 1 1 1
unk97C20CC7=0 0 0 0 1
unk97C20CC8=1 1 1 1 1
unkACA811A7=yellow_attack_buf_03.tga
unkADA87948=60
unkAEE8FE8F=1 0
unkB329F348=1
unkB37B3F27=55
unkB3E925E7=-1
unkBCEF8548=1
unkBEE2BDB9=orange_ring_05.tga
unkBF076F55=1 0.4
unkBF1C3957=90
unkBF6EC551=0
unkBFBCA8DC=150 0 0
unkC1316886=0
unkC3E9AFE9=1 1 1 1
unkC420ECC6=1
unkC466FAAF=0.002
unkC9A3A356=1 1 1
unkDC82237C=0 0 0 0
unkDC82237D=0.5 1 1 1
unkDC82237E=1 0 0 0
unkDD5A4B7E=0.4
unkDD975D80=1
unkE095A720=1
unkE2DD59C4=1 2
unkE2FDB522=yellow_attack_buf_03.tga
unkE35EE160=1 0.1
unkE5C002B1=0 0.3
unkE5C002B2=1 1
unkE66B4A88=0 1 1 1 0
unkE66B4A89=1 1 1 1 1
unkE9721DC9=-1
unkEA5E189B=0 -1
unkEA5E189C=0.5 -1
unkEA5E189D=0.5 1
unkEA5E189E=1 1
unkECEC53E0=0 -1
unkECEC53E1=0.5 -1
unkECEC53E2=0.5 1
unkECEC53E3=1 1
unkEF4E6F7F=0
unkF0CC179F=380 0 0
unkF3830FF6=color-smoke32_07.tga
unkF3BCE5D3=0
unkF4B79E8F=0.0035000001080334187
unkFC51B709=60
unkFC6A023E=0
unkFCB889AD=4
unkFE6E3A5D=1 1
