[System]
GroupPart1=bigray
GroupPart1Type=Complex
GroupPart2=clone
GroupPart2Type=Simple
GroupPart3=crown
GroupPart3Type=Complex
GroupPart4=halo
GroupPart4Type=Simple
GroupPart5=sparksup
GroupPart5Type=Simple
GroupPart6=groundrays
GroupPart6Type=Simple
GroupPart7=flash
GroupPart7Type=Simple
SimulateEveryFrame=1
SoundOnCreate=Play_sfx_levelup_levelup

[bigray]
e-life=0.2
e-linger=0
e-local-orient=0
e-rate=80
p-bindtoemitter=1
p-colorscale=1 0.4
p-colortype=1 0
p-frameRate=0
p-life=1
p-linger=0
p-offset=0 0 0
p-quadrot=-90 0 0
p-rgba=color-rainbowbell.tga
p-scale=60 330 100
p-scaleXP1=0 -1.2
p-scaleXP2=0.5 -0.800000011920929
p-scaleXP3=0.5009999871253967 0.800000011920929
p-scaleXP4=1 1.2000000000000002
p-scaleYP1=0 0.8
p-scaleYP2=1 1.2000000000000002
p-startframe=4
p-texdiv=2 4
p-texture=levelup02.tga
p-type=2
p-worldaccel=0 -100 0
p-xscale1=0 2 1 0
p-xscale2=0.30000001192092896 1 2 -1
p-xscale3=0.699999988079071 0.5 2 -2
p-xscale4=1 0 2 -3

[clone]
e-life=0.5
e-local-orient=1
e-rate=40
p-alphaslicerange=0.05999999865889549
p-bindtoemitter=0 0
p-colorscale=1 1
p-colortype=1 0
p-life=2
p-local-orient=1
p-rgba=color-upgrade_slice.tga
p-scale=1
p-simpleorient=3
p-texture=alphaslice_mesh.tga
p-type=11
p-xscale1=0 1.8
p-xscale2=0.30000000000000004 1.1
p-xscale3=0.8999999761581421 1.0499999523162842
p-xscale4=1 1.0499999523162842
pass=100
rendermode=4

[crown]
e-life=0.30000000000000004
e-local-orient=0
e-rate=20
p-backfaceon=1
p-bindtoemitter=1
p-coloroffset=0.5 0
p-colorscale=0.5 0.949999988079071
p-colortype=1 0
p-frameRate=0
p-life=0.3499999940395355
p-linger=0.3499999940395355
p-mesh=saucer5.sco
p-meshtex=mist_trail2.tga
p-numframes=1
p-offset=0 0 0
p-quadrot=0 1 0
p-quadrotYP1=0 0
p-quadrotYP2=1 360
p-rgba=color-rainbowbell.tga
p-scale=10 10 10
p-scale1=0 1 1 1
p-scale2=1 0.30000000000000004 0.30000000000000004 0.30000000000000004
p-startframe=0
p-texdiv=0.5 2
p-type=3
p-uvscroll-rgb=0 0
p-xscale1=0 0.2 2 0.2
p-xscale2=0.5 1 1.5 1
p-xscale3=0.8 2 1 2
p-xscale4=1 2.2 0.5 2.2
rendermode=0

[flash]
e-life=1
e-rate=10
flag-disable-z=1
p-bindtoemitter=1 1
p-coloroffset=0 0
p-colorscale=1 1
p-colortype=1 0
p-life=1
p-postoffset=0 50 0
p-quadrot=1
p-quadrotP1=0 0
p-quadrotP2=1 360
p-rgba=alpha_02.tga
p-scale=400
p-texture=crystal-flash.tga
p-type=0
p-xscale1=0 1
p-xscale2=0.2 0
rendermode=0
single-particle=1

[groundrays]
e-life=0.30000000000000004
e-rate=10
p-bindtoemitter=1 1
p-coloroffset=0 0
p-colorscale=0.5 0.30000000000000004
p-colortype=1 0
p-life=1
p-lifeP1=0 1.2
p-lifeP2=1 0.8
p-postoffset=0 0 0
p-quadrot=1
p-quadrotP1=0 0
p-quadrotP2=1 360
p-rgba=color-rainbowbell.tga
p-scale=150
p-simpleorient=2
p-texture=slam02.tga
p-type=1
p-xscale1=0 2
p-xscale2=1 0
rendermode=0

[halo]
e-life=0.30000000000000004
e-rate=4
p-bindtoemitter=1 1
p-colorscale=1 1
p-colortype=1 0
p-life=0.8
p-lifeP1=0 0.5
p-lifeP2=1 1
p-postoffset=0 2 0
p-quadrot=1
p-quadrotP1=0 0
p-quadrotP2=1 360
p-rgba=color-bellcurve.tga
p-scale=40
p-simpleorient=2
p-texture=flare-Fire.tga
p-type=1
p-xscale1=0 7
p-xscale2=1 0
rendermode=0

[sparksup]
e-life=0.30000000000000004
e-rate=130
p-bindtoemitter=1 1
p-colorscale=1 0.949999988079071
p-colortype=1 0
p-life=1
p-lifeP1=0 0.5
p-lifeP2=1 1
p-offset=15 20 15
p-offsetXP1=0 -1
p-offsetXP2=1 1
p-offsetYP1=0 -1
p-offsetYP2=1 1
p-offsetZP1=0 -1
p-offsetZP2=1 1
p-postoffset=0 2 0
p-quadrot=1
p-quadrotP1=0 0
p-quadrotP2=1 360
p-rgba=color-rainbowbell.tga
p-scale=30
p-scaleP1=0 0.5
p-scaleP2=1 2
p-simpleorient=2
p-texture=gemstreaks.tga
p-type=1
p-vel=0 200 0
p-velYP1=0 0.8
p-velYP2=1 1.5
p-xscale1=0 2
p-xscale2=1 0.5
rendermode=0

