[Gravity]
f-accel=0 -10 0
f-localspace=0

[SparkleDrag]
f-drag=1
f-dragP1=0 0
f-dragP2=1 1
f-pos=0 0 0
f-radius=1000

[System]
GroupPart1=drips
GroupPart1Type=Simple
GroupPart2=sparks
GroupPart2Type=Simple
SimulateEveryFrame=1

[attraction]
f-accel=3000
f-pos=0 200 0
f-radius=2000

[drips]
e-life=2
e-linger=0
e-local-orient=0
e-rate=100
e-rotation1=1
e-rotation1-axis=0 1 0
e-rotation1P1=0 0
e-rotation1P2=1 360
field-accel-1=Gravity
field-drag-1=SparkleDrag
p-bindtoemitter=1 0.9
p-coloroffset=0.30000000000000004 0
p-colorscale=0.7000000000000001 0.5
p-colortype=1 0
p-flexoffset=0.004999999888241291
p-frameRate=0
p-life=2
p-lifeP1=0 0.5
p-lifeP2=1 2
p-linger=0
p-numframes=1
p-offset=1 1 0
p-offsetXP1=0 30
p-offsetXP2=1 70
p-offsetYP1=0 -80
p-offsetYP2=1 20
p-postoffset=0 0 0
p-quadrot=1
p-quadrotP1=0 0
p-quadrotP2=1 360
p-rgba=color-hex_energy_01.tga
p-scale=15
p-scaleP1=0 0.30000000000000004
p-scaleP2=1 1
p-startframe=0
p-texdiv=1 1
p-texture=flare-sun_07.tga
p-type=0
p-vel=0 -100 0
p-velYP1=0 0
p-velYP2=1 1
p-xscale1=0 0
p-xscale2=0.2 1
p-xscale3=0.6000000000000001 0.5
p-xscale4=1 0
rendermode=0

[sparks]
e-life=4
e-linger=0
e-local-orient=0
e-rate=300
e-rotation1=1
e-rotation1-axis=0 0 1
e-rotation1P1=0 -40
e-rotation1P2=1 40
e-rotation2=1
e-rotation2P1=0 0
e-rotation2P2=0.30000000000000004 0
e-rotation2P3=0.3009999990463257 40
e-rotation2P4=0.6000000238418579 40
e-rotation2P5=0.6010000109672546 80
e-rotation2P6=0.8999999761581421 80
e-rotation2P7=0.9010000228881836 120
e-rotation2P8=1 120
field-attract-1=attraction
p-bindtoemitter=1 1
p-flexoffset=0.004999999888241291
p-life=1.2000000000000002
p-linger=0
p-numframes=4
p-offset=0 0 0
p-offsetXP1=0 50
p-offsetXP2=1 70
p-postoffset=0 200 0
p-randomstartframe=1
p-rgba=color-hold.tga
p-scale=6
p-scaleP1=0 1
p-scaleP2=1 1.5
p-startframe=0
p-texdiv=2 2
p-texture=sparks.tga
p-type=0
p-vel=400 0 0
p-xscale1=0 0
p-xscale2=0.029999999329447746 1
p-xscale3=0.9 1
p-xscale4=1 0
rendermode=0

[UNKNOWN_HASHES]
unk3338EECF=1000
unk551330D7=0 0 0
unkF3A66671=0
