[Big_Glow]
e-rate=3
e-rgba=255 0 0 38
e-rotation1=1
e-rotation1-axis=1 0 0
e-rotation1P1=0 0
e-rotation1P2=1 360
e-rotation2=1
e-rotation2-axis=0 1 0
e-rotation2P1=0 0
e-rotation2P2=1 360
flag-disable-z=1
p-bindtoemitter=1 1
p-flexscale=0.004999999888241291
p-life=1
p-quadrot=360 0 0
p-quadrotXP1=0 0
p-quadrotXP2=1 1
p-rotvel=40 0 0
p-rotvelXP1=0 -1
p-rotvelXP2=0.5 -0.5
p-rotvelXP3=0.5001000165939331 0.5
p-rotvelXP4=1 1
p-scale=10 10 0
p-texture=Global_Item_BloodThirster_Glow.dds
p-xrgba=1 1 1 1
p-xrgba1=0 1 1 1 0
p-xrgba2=0.25 1 1 1 1
p-xrgba3=0.75 1 1 1 1
p-xrgba4=0.999 1 1 1 0
p-xscale=16 16 1
pass=500
rendermode=1

[Dark_BG]
e-rate=3
e-rgba=166 160 255 64
e-rotation1=1
e-rotation1-axis=1 0 0
e-rotation1P1=0 0
e-rotation1P2=1 360
e-rotation2=1
e-rotation2-axis=0 1 0
e-rotation2P1=0 0
e-rotation2P2=1 360
flag-disable-z=1
p-bindtoemitter=1 1
p-flexscale=0.004999999888241291
p-life=1
p-quadrot=360 0 0
p-quadrotXP1=0 0
p-quadrotXP2=1 1
p-rotvel=40 0 0
p-rotvelXP1=0 -1
p-rotvelXP2=0.5 -0.5
p-rotvelXP3=0.5001000165939331 0.5
p-rotvelXP4=1 1
p-scale=10 10 0
p-texture=Global_Item_BloodThirster_DarkGlow.dds
p-xrgba=1 1 1 1
p-xrgba1=0 1 1 1 0
p-xrgba2=0.25 1 1 1 1
p-xrgba3=0.75 1 1 1 1
p-xrgba4=0.999 1 1 1 0
p-xscale=11 11 1
pass=-500
rendermode=2

[Ring_Glow]
e-rate=1
e-rgba=255 92 60 51
e-rotation1=1
e-rotation1-axis=1 0 0
e-rotation1P1=0 0
e-rotation1P2=1 360
e-rotation2=1
e-rotation2-axis=0 1 0
e-rotation2P1=0 0
e-rotation2P2=1 360
flag-disable-z=1
p-bindtoemitter=1 1
p-flexscale=0.004999999888241291
p-life=1
p-linger=0
p-rotvel=-360 0 0
p-scale=10 10 0
p-texture=Global_Item_BloodThirster_Spinners.dds
p-xscale=11 11 1
pass=500
rendermode=1

[Ring_Glow1]
e-rate=3
e-rgba=255 30 30 76
e-rotation1=1
e-rotation1-axis=1 0 0
e-rotation1P1=0 0
e-rotation1P2=1 360
e-rotation2=1
e-rotation2-axis=0 1 0
e-rotation2P1=0 0
e-rotation2P2=1 360
flag-disable-z=1
p-bindtoemitter=1 1
p-flexscale=0.004999999888241291
p-life=1
p-linger=0.1
p-quadrot=360 0 0
p-quadrotXP1=0 0
p-quadrotXP2=1 1
p-rotvel=50 0 0
p-rotvelXP1=0 -1
p-rotvelXP2=0.5 -0.5
p-rotvelXP3=0.5001000165939331 0.5
p-rotvelXP4=1 1
p-scale=10 10 0
p-texture=Global_Item_BloodThirster_RingGlow.dds
p-xrgba=1 1 1 1
p-xrgba1=0 1 1 1 0
p-xrgba2=0.25 1 1 1 1
p-xrgba3=0.75 1 1 1 1
p-xrgba4=0.999 1 1 1 0
p-xscale=12 12 1
pass=500
rendermode=1

[System]
GroupPart1=shield_01
GroupPart1Importance=High
GroupPart2=Big_Glow
GroupPart3=Ring_Glow
GroupPart4=Ring_Glow1
GroupPart5=Dark_BG
SimulateEveryFrame=1

[shield_01]
e-alpharef=0
e-life=25000
e-rate=1
e-rgba=255 255 255 179
p-backfaceon=1
p-bindtoemitter=1 1
p-colortype=1 3
p-flexscale=0.004999999888241291
p-life=25000
p-linger=0.5
p-mesh=global_item_bloodthirster_shield_mesh.scb
p-meshtex=Global_Item_BloodThirster_Shield.dds
p-rotvel=15 60 15
p-type=3
p-uvscroll-rgb=0.15000000596046448 0.25
p-xrgba=1 0.4666669964790344 0.10980399698019028 1
p-xrgba1=0 1 1 1 0.25
p-xrgba2=0.1 1 1 1 0.25
p-xrgba3=1 1 1 1 0.25
p-xscale=2 2 2
rendermode=4
single-particle=1

