[Cloud_Spin]
e-life=0.1
e-rate=40
e-rotation1=1
e-rotation1P1=0 0
e-rotation1P2=1 360
p-bindtoemitter=1 1
p-frameRate=0
p-life=3
p-lifeP1=0 0.5
p-lifeP2=1 1.2000000000000002
p-numframes=1
p-offset=250 0 0
p-offsetXP1=0 0.2
p-offsetXP2=1 1
p-orbitvel=0 0.15 0
p-postoffset=0 50 0
p-quadrot=1 0 0
p-quadrotXP1=0 0
p-quadrotXP2=1 360
p-randomstartframe=1
p-rotvel=60 0 0
p-rotvelXP1=0 -1
p-rotvelXP2=1 1
p-scale=60 60 60
p-startframe=0
p-texdiv=2 2
p-texture=Smoke_Clouds_2x2_Dense.tga
p-type=0
p-vel=0 0 0
p-xrgba=0.6 0.6 1 0.25
p-xrgba1=0 1 1 1 0
p-xrgba2=0.25 1 1 1 1
p-xrgba3=0.8 1 1 1 1
p-xrgba4=1 1 1 1 0
p-xscale=1 1 1
p-xscale1=0 1 1 1
p-xscale2=0.2 1.3 1.3 1.3
p-xscale3=0.25 1.399999976158142 1.399999976158142 1.399999976158142
p-xscale4=1 1.7000000000000002 1.7000000000000002 1.7000000000000002
pass=22
rendermode=4
single-particle=1

[IceShards_Add]
e-rate=1
e-uvoffset=1 1
e-uvoffsetXP1=0 0
e-uvoffsetXP2=1 1
e-uvoffsetYP1=0 0
e-uvoffsetYP2=1 1
p-bindtoemitter=1 1
p-life=3
p-mesh=Item_FrozenGauntlet_IceShards.sco
p-meshtex=Item_FrozenGauntlet_IceSheen.tga
p-postoffset=0 10 0
p-quadrot=0 0 0
p-scale=150 150 150
p-type=3
p-uvscroll-no-alpha=1
p-uvscroll-rgb=-0.15 0
p-xrgba=0.5 0.5 1 1
p-xrgba1=0 1 1 1 0
p-xrgba2=0.25 1 1 1 1
p-xrgba3=0.8 1 1 1 1
p-xrgba4=1 1 1 1 0
rendermode=4
single-particle=1

[System]
GroupPart1=IceShards_Add
GroupPart2=Cloud_Spin
SimulateEveryFrame=1
SoundPersistent=Play_sfx_ItemFrozenFist_buffactivate

