[System]
GroupPart1=spores
GroupPart1Importance=High
GroupPart1Type=Simple
GroupPart2=poison_smoke
GroupPart2Importance=High
GroupPart2Type=Simple
GroupPart3=leaves
GroupPart3Importance=High
GroupPart3Type=Simple
SimulateEveryFrame=1

[leaves]
e-life=0.25
e-linger=0
e-rate=65
e-rotation1=1
e-rotation1P1=0 0
e-rotation1P2=1 360
p-bindtoemitter=0 0
p-life=0.75
p-numframes=4
p-quadrot=0
p-randomstartframe=1
p-rotvel=190
p-rotvelP1=0 -1
p-rotvelP2=1 1
p-scale=10
p-scaleP1=0 0.30000000000000004
p-scaleP2=1 1
p-shadow=0
p-startframe=2
p-texdiv=2 2
p-texture=izara_leaves_03.tga
p-vel=0 0 50
p-xscale1=0 0
p-xscale2=0.30000000000000004 2
p-xscale3=0.8 0.8
p-xscale4=1 0
rendermode=1

[poison_smoke]
e-life=0.15
e-rate=50
p-bindtoemitter=0.4 0
p-colorscale=1 0.4
p-colortype=1 0
p-life=0.6
p-lifeP1=0 0.5
p-lifeP2=1 2
p-offsetXP1=0.007000000216066837 -1
p-offsetXP2=1 1
p-offsetYP1=0 0
p-offsetYP2=1 1
p-offsetZP1=0 -1
p-offsetZP2=1 1
p-quadrot=1
p-quadrotP1=0 0
p-quadrotP2=1 360
p-rgba=color_smoke32_pink_01.tga
p-rotvel=1
p-scale=24
p-shadow=0
p-texture=Smoke_02.tga
p-vecalign=1
p-vel=1 1 1
p-xscale=1
p-xscale1=0 0.7
p-xscale2=1 3.8000000000000003
rendermode=1

[spores]
e-life=0.25
e-linger=0
e-rate=55
e-rotation1=1
e-rotation1P1=0 0
e-rotation1P2=1 360
p-bindtoemitter=0.4 0
p-colorscale=1 0.4
p-colortype=1 0
p-life=0.75
p-quadrot=0
p-rgba=alpha_20.tga
p-rotvel=190
p-rotvelP1=0 -1
p-rotvelP2=1 1
p-scale=8
p-scaleP1=0 0.5
p-scaleP2=1 1.149999976158142
p-shadow=0
p-texture=spore_10.tga
p-vel=0 0 50
rendermode=1

[UNKNOWN_HASHES]
unk02259F35=1
unk044E25BF=1 1
unk07475BE5=0
unk1434BF04=0 0 0
unk18948873=170
unk216331E8=0 1
unk216331E9=0.5 0.5
unk216331EA=1 0
unk26D6C0BD=0 0 150
unk3815C202=0.1
unk3A161CA9=0
unk3F0DB74E=2
unk41198415=1
unk442A4D9D=0 0 150
unk4F910172=0 100 0
unk54729F4A=0 0 0
unk59CC3D73=0.25
unk5CF386C8=0 0
unk5CF386C9=0.5 0.5
unk5CF386CA=1 1
unk5D2FC393=140
unk5D35FA21=1 1
unk63103A53=0.15
unk65E40FBE=0.2
unk6943DFC9=0
unk6CEE595E=1 1
unk6E3B7A6E=2
unk6F280C9E=0.1
unk792A7BA2=3
unk7938FECB=alpha_02.tga
unk794982D9=45
unk7A898701=1 1
unk826E7882=5
unk88FA0246=1 0
unk8B156384=1
unk90F9BDF5=0 1 0
unk92549262=10000
unk95D88682=0
unk9D2AFEA4=voidslash.tga
unkA4EB20DF=1 1
unkAF6F67D6=0
unkC4690725=0
unkC7EDE726=1 0
unkCB680D71=0
unkCFD3AC7E=1 1
unkD5EDBDF1=0
unkD8BB5384=voidslash.tga
unkDE8876C6=0 0 0 0 255
unkDE8876C7=0.12 255 255 255 255
unkDE8876C8=0.24 211 255 212 255
unkDE8876C9=0.35 166 255 154 255
unkDE8876CA=0.72 0 255 0 255
unkDE8876CB=1 0 0 0 255
unkDF31BAD1=0
unkE9F3CF05=0
unkEE634CB6=0
unkEE81DF33=0
unkF11CFC13=0
unkF18D4C2A=0 0 0
unkF8BDD9A2=0
