[System]
GroupPart1=Tornado_Add

[Tornado_Add]
e-life=0.2
e-local-orient=0
e-rate=20
p-bindtoemitter=1 1
p-colorscale=1 1
p-colortype=1 3
p-flexscale=0.007499999832361937
p-life=0.5
p-lifeP1=0 0.5
p-lifeP2=1 1
p-offset=0 120 0
p-offsetYP1=0 0.5
p-offsetYP2=1 1
p-quadrot=90 1 0
p-quadrotYP1=0 0
p-quadrotYP2=1 360
p-rotvel=0 800 0
p-scale=50 150 150
p-scaleXP1=0 1
p-scaleXP2=1 1.2000000000000002
p-texture=Tornado_Add.tga
p-type=1
p-xrgba1=0 1 1 1 1
p-xrgba2=0.5 1 1 1 1
p-xrgba3=1 1 1 1 0
p-xscale1=0 0.75 0 0
p-xscale2=1 1.2000000000000002 0 0
pass=60
rendermode=0
uniformscale=1

[UNKNOWN_HASHES]
unkF3784041=1
