[System]
GroupPart1=armorbuf
GroupPart1Type=Simple
GroupPart2=spellresist-green
GroupPart2Type=Simple
GroupPart3Type=Simple
GroupPart4Type=Simple
SimulateEveryFrame=1
SoundPersistent=Play_sfx_JarvanIV_JarvanIVDemacianStandard_buffactivate

[armorbuf]
e-rate=3
p-bindtoemitter=1 1
p-colorscale=1 0.8
p-colortype=1 0
p-life=1
p-lifeP1=0 0.8
p-lifeP2=1 1
p-linger=0
p-offset=0 1 0
p-quadrot=1
p-quadrotP1=0 0
p-quadrotP2=1 360
p-rgba=color-bellramp.tga
p-rotvel=10
p-scale=100
p-scaleP1=0 0.8
p-scaleP2=1 1.2000000000000002
p-simpleorient=2
p-texdiv=1 1
p-texture=Flare-Sun_13.tga
p-type=1
p-xscale1=0 0.8
p-xscale2=0.5 1
p-xscale3=1 1.1
rendermode=0

[spellresist-green]
e-rate=3
p-bindtoemitter=1 1
p-colorscale=1 0.30000000000000004
p-colortype=1 0
p-life=1
p-lifeP1=0 0.8
p-lifeP2=1 1
p-linger=0
p-offset=0 1 0
p-quadrot=1
p-quadrotP1=0 0
p-quadrotP2=1 360
p-rgba=color-bellramp.tga
p-rotvel=-10
p-scale=150
p-scaleP1=0 0.8
p-scaleP2=1 1.2000000000000002
p-simpleorient=2
p-texdiv=1 1
p-texture=Flare-Rainbow_green_02.tga
p-type=1
p-xscale1=0 0.8
p-xscale2=0.5 1
p-xscale3=1 1.1
rendermode=0

[UNKNOWN_HASHES]
unk00AF0F98=color-bellcurve.tga
unk0200EE1B=2
unk09E4894F=2
unk0D32E7C6=0
unk0E632E2A=Flare-Rainbow_red_03.tga
unk11D2BAED=0
unk14EB2F48=2
unk19549BCC=0
unk1A44F5BD=0 10 0
unk1C6F83F7=2
unk2A026AD6=1
unk2B4FDC97=-10
unk3D361797=ZettasManaManipulator01.tga
unk4392212A=2 2
unk43C46FA6=1
unk4506CECC=1 0
unk4A81A6CB=1
unk4CF30970=0
unk59ED341E=color-bellcurve.tga
unk5E82BBC6=0
unk61AF15FB=1 1
unk6322ADD5=0.5
unk66A7CB9E=1
unk68E257AB=1
unk6EAF98FC=1.2000000000000002
unk7589755A=0 0.8
unk7589755B=1 1.2000000000000002
unk7B07EB8E=0 0.8
unk7B07EB8F=1 1
unk7B6A7967=0
unk7BD88F55=2
unk7D7086A1=2
unk809AAE58=1 0.30000000000000004
unk82643791=ZettasManaManipulator01.tga
unk835242D4=2 2
unk83DCB437=0 10 0
unk84D85D74=color-bellcurve.tga
unk8C9072F0=0
unk8E0DD72B=0.5
unk90008EA0=0 0
unk90008EA1=1 360
unk929B616E=0 0.8
unk929B616F=0.5 1
unk929B6170=1 1.1
unk98110F2A=100
unkA83A400B=0.25
unkB071EEBB=ZettasManaManipulator01.tga
unkB1D4D619=150
unkB68AC7EA=0
unkBB3077B5=0.5
unkBB9793CF=3
unkBE65A765=1 1
unkBFE5F024=1
unkC16E4ADB=0 0 0 0
unkC16E4ADC=0.5070000290870667 1.0010000467300415 0 0
unkC16E4ADD=1 1.0010000467300415 0 0
unkC40AE606=70
unkCE60264D=1
unkCE8F264C=1 1
unkD2129943=0
unkD5929D52=1 1
unkDA84D413=0 10 0
unkDEDBE300=100
unkE488EAC5=color-bellramp.tga
unkEA81B25F=1
unkEAD1197A=1
unkECA57E76=1 1
unkECEA014E=2 2
unkEDBE647C=3
unkF02F8E14=0
unkF8A1C8E4=0 1 0
unkFD76AE0D=0
