[System]
GroupPart1Type=Simple
GroupPart2Type=Simple
SimulateEveryFrame=1

[UNKNOWN_HASHES]
unk0362318E=0
unk05AB4C53=0
unk0755AFD1=0 1
unk0755AFD2=1 2
unk0849D3B5=0 0
unk0849D3B6=1 360
unk09748996=2
unk1510049B=0 -1
unk1510049C=0.10000000149011612 -0.30000001192092896
unk1510049D=0.8999999761581421 -0.30000001192092896
unk1510049E=1 1
unk158C5BE1=1
unk184944D1=0 0.2
unk184944D2=0.8999999761581421 0.25
unk184944D3=1 0.4
unk1A45CC5C=100
unk1A8B35B1=1
unk1ABB25A7=flames03.tga
unk1BE3B5E2=1
unk1E0E56D5=1000
unk1F9D4E0E=color-rampdown.tga
unk20E5B808=1
unk28D2C7C5=1
unk2D0C60C2=FlameAccel
unk2FE53305=300
unk30BFE49B=1 1
unk36B464C4=2 2
unk3C08D8C6=1
unk4007CC17=0
unk401EC17B=FlameAttract
unk40B9B2C5=50
unk42FC5AE2=0 0
unk4DB2C4E5=0 1
unk4DB2C4E6=1 0.5
unk586183B2=1
unk59AA11BF=0
unk5E9A0EA9=50 0 0
unk685B71F4=1
unk6BAF2856=0
unk7460D7C9=1 3
unk7EA59AD3=0 0.3
unk7EA59AD4=1 1.5
unk81E16CD7=0 0.5
unk81E16CD8=0.9 1.5
unk81E16CD9=1 2
unk85960A14=0
unk8740B110=2
unk88F7EECB=0.5
unk8A289421=1 1
unk8BAE4422=0
unk909C498A=0 100 0
unk9358835B=1
unk95E32227=20 50 0
unk960AF38E=2
unk9AD63D59=0
unk9D697588=color-flamesword.tga
unk9E2B8451=0 600 0
unk9EF358EB=0 0
unk9EF358EC=0.2 1
unk9EF358ED=0.8 1
unk9EF358EE=1 0.1
unk9F224510=150
unkA69EEF3F=200
unkAFC0A95A=0 1 0
unkB312C145=1
unkB381534C=0 200 0
unkBBD9FC16=20
unkBC620880=0.009999999776482582
unkBF5A979D=0 0
unkBF5A979E=1 360
unkC37239A8=0
unkC801510E=1
unkC89135DA=360
unkC97A91A1=DivineBlessing02.tga
unkCDA717AD=0 100 0
unkDF35E6C3=1 0
unkED8C74B8=12
unkF05BE0B2=0 1
unkF05BE0B3=0.30000000000000004 1
unkF05BE0B4=0.7000000000000001 0.6000000000000001
unkF05BE0B5=1 0.30000000000000004
unkF3458CDC=0 0
unkF6D9A9DC=1
unkFE9995D0=0
unkFEF06F3E=4 4
