[System]
GroupPart1=sphereon
GroupPart2Type=Simple
GroupPart3Type=Complex
GroupPart4Type=Complex
SimulateEveryFrame=1

[sphereon]
e-life=1
e-linger=0
e-rate=2
p-backfaceon=1
p-bindtoemitter=1 1
p-coloroffset=0 0
p-colorscale=1 1
p-colortype=1 0
p-life=0.5
p-linger=0
p-mesh=sphere_01.sco
p-meshtex=magicBall01_5.tga
p-offset=0 80 0
p-quadrot=1 1 1
p-quadrotXP1=0 0
p-quadrotXP2=1 360
p-quadrotYP1=0 0
p-quadrotYP2=1 360
p-quadrotZP1=0 0
p-quadrotZP2=1 360
p-rgba=color-snowball.tga
p-scale=9 9 9
p-texdiv=0.2 0.2
p-type=3
p-uvscroll-rgb=0 0.5
single-particle=1

[UNKNOWN_HASHES]
unk01E96815=1
unk0BE03683=1
unk14774CE1=0.5
unk181B5485=80 80 80
unk208F1F2C=11
unk21AB8659=1 0.5
unk21E6837A=1
unk2889C547=1 1 1 1
unk33D58B10=1
unk36B7E3A4=255 255 255 255
unk3B240CD8=9 9 9
unk3D9C4FCE=1
unk4112E2D2=shieldball.sco
unk416578EC=0.004999999888241291
unk44A898A8=1
unk49B42219=1
unk4A95B37D=0
unk53C51446=color-lensbell.tga
unk5CFA8DFD=4
unk62EC8EFC=1 1
unk6A37E5BF=sphere_01.sco
unk7217FFD9=1
unk77DDB948=sidestreaks.tga
unk7E9AA313=0 -3
unk866DCBF1=0 1
unk86967C24=1
unk9098CD5F=3
unk94D1FA75=EyeoftheStormswipe.tga
unk98320773=0
unk99F4AAA8=0
unkA266E578=0 80 0
unkA4FF9C1D=0 0
unkA4FF9C1E=1 360
unkA8BAE68B=1 0
unkB1A3799E=0 90 0
unkB9BDD04C=3
unkBF2E8CAA=0 1 1 1 1
unkBF2E8CAB=0.7 1 1 1 1
unkBF2E8CAC=1 1 1 1 0
unkC0108C00=4 -1
unkCB4C5908=0 0
unkCB4C5909=1 1
unkCBCA6889=0 0
unkCBCA688A=1 1
unkCCACCC70=10
unkCE97BACB=0 220 0
unkD30C4DD1=1 1
unkD7FDA024=1
unkE7B6D604=0 0.2
unkEFAA63E0=0
unkF00CDAD1=0.004999999888241291
unkF16D0715=2
unkF9DF41E5=0 80 0
