[System]
SimulateEveryFrame=1

[UNKNOWN_HASHES]
unk00F397B9=1
unk0C6955E1=6
unk0D5CDEB4=0.5 0
unk107C69CF=1
unk148BF768=0.5 1
unk16F92FB0=1 1
unk18EEEC83=90 1 1
unk25946139=0 1
unk2594613A=1 1.2000000000000002
unk301CA9C6=1
unk3079FA70=1
unk34C30A82=5
unk3A6DA795=0.7 0
unk3B1BA821=85 1 1
unk3B55D825=1
unk40DADCCD=8
unk46CA35C3=8
unk49505281=1
unk514A725A=0 1
unk514A725B=1 1.2000000000000002
unk542148B1=1
unk5423E205=0
unk56653D42=1
unk5C3DD2C3=6
unk64426EF5=0
unk651D0560=0 150 1
unk6605122A=0
unk694DE322=1
unk6DA495DB=20
unk6E2333C9=90 0 0
unk6E774CFA=0 0 0
unk7D89D09B=1
unk88E29AD7=0
unk8AA53E0C=0
unk9047D563=5
unk9204AF94=DEFUNCTKarmaChainMagic7.tga
unk931778DC=0 0 0
unk9C5FA7AE=8
unkA17305EA=90 0 0
unkA3B70494=0
unkA579A7C9=0
unkADEBE299=0 0 0
unkAFA61392=1
unkB0E48B00=6
unkB6F10CD7=1 3
unkB8BC5C6E=1 1
unkBF1C2E59=1
unkC1517C32=lightning_seq_08.tga
unkC22A3B36=1 3
unkC55481B5=DEFUNCTKarmaChainMagic4.tga
unkC74AF30D=1 1
unkC85FFF24=90 1 1
unkD3E2CED8=1
unkD7849A11=1 1
unkDD667267=0
unkE01C5245=1
unkE1A68992=0
unkE39F8723=1
unkE89FA0C6=0
unkEC342490=10000
unkF0352031=0
unkF256696D=1
unkF2574F41=0 160 1
unkF413FE64=30
unkFC24C5F3=4 2
unkFF7A9074=1
