[System]
SimulateEveryFrame=1

[UNKNOWN_HASHES]
unk1847CBE7=3 3
unk1A13E52D=60 60 60
unk2A48E40B=1
unk2CC0A88F=1
unk3074BC0B=1
unk31A0A17A=0 0.5
unk31A0A17B=1 1
unk381C2682=0 1 0.3 1
unk381C2683=1 1 0.6000000000000001 1
unk382992B7=0
unk4014FD69=0 0
unk4014FD6A=0.9 0.30000000000000004
unk4014FD6B=1 1
unk40930CEA=0 -2
unk40930CEB=1 2
unk4C3B1691=3 0 3
unk5CC3AF70=0
unk7D3B2DF9=0
unk90027773=1 1 1
unkA505A0CB=0
unkAF3A7ED0=30 10 0
unkAF79E6CF=9
unkB3E3F33E=hatezaps.tga
unkBC081239=1
unkCC022602=0 1 0 0 1
unkCC022603=0.3 1 0.3 1 1
unkCC022604=0.6 1 0.3 1 1
unkCC022605=1 1 0 0 0
unkD1F1AA4C=0 0
unkD1F1AA4D=1 360
unkDB665068=160
unkDE48A8FC=255 255 255 255
unkDE9DEF06=0 0
unkDE9DEF07=0.10000000149011612 90
unkDE9DEF08=1 90
unkE1E89283=10800 0 0
unkE621ECCC=0 1.5
unkE621ECCD=0.5 1
unkE621ECCE=0.5009999871253967 -1
unkE621ECCF=1 -1.5
unkE69FFC4D=0 1.5
unkE69FFC4E=0.5 1
unkE69FFC4F=0.5009999871253967 -1
unkE69FFC50=1 -1.5
unkE8C98E79=0.15000000596046448
unkEE9AD340=0 10 0
unkF75E7403=0 1 0
unkF9A91FF6=0 0.5
unkF9A91FF7=0.5 0.5
unkF9A91FF8=0.5009999871253967 1.5
unkF9A91FF9=1 1.5
unkFB21572E=1
