[System]
GroupPart1=starswirl
GroupPart1Type=Simple
GroupPart2=shafts
GroupPart2Type=Simple
SoundOnCreate=Play_sfx_Soraka_Infuse_buffactivate

[shafts]
e-life=0.5
e-linger=1
e-rate=150
e-rotation1=1
e-rotation1P1=0 0
e-rotation1P2=1 360
field-orbit-1=swirl
p-bindtoemitter=1 1
p-colorscale=1 0.8
p-colortype=1 0
p-life=1
p-linger=1
p-offset=40 0 0
p-quadrot=0
p-rgba=color-spawnerpuffs.tga
p-rotvel=0 0 0
p-rotvelXP1=0 -1
p-rotvelXP2=1 1
p-scale=5
p-scalebias=1 3
p-simpleorient=3
p-startframe=3
p-texdiv=2 2
p-texture=EternalThirst01.tga
p-type=1
p-vel=0 300 -200
p-velYP1=0 0.25999999046325684
p-velYP2=1 1
p-xscale=1 1 1
p-xscale1=0 0 0 0
p-xscale2=0.0037037041038274765 0 0 0
p-xscale3=0.24799999594688416 2.6245310306549072 0 0
p-xscale4=0.5109999775886536 5.449999809265137 0 0
p-xscale5=1 0 0 0

[starswirl]
e-life=0.4
e-linger=1
e-rate=150
e-rotation1=1
e-rotation1P1=0 0
e-rotation1P2=1 360
field-orbit-1=swirl
p-bindtoemitter=1 1
p-coloroffset=0 0
p-colorscale=1 0.6000000000000001
p-colortype=1 0
p-life=1
p-linger=1
p-offset=40 0 0
p-quadrot=1
p-rgba=color-rampdown.tga
p-rotvel=0 0 0
p-rotvelXP1=0 -1
p-rotvelXP2=1 1
p-scale=5
p-startframe=4
p-texdiv=2 3
p-texture=DestroyedBuilding_Order01.tga
p-vel=0 300 -200
p-velYP1=0 0.25999999046325684
p-velYP2=1 1
p-xscale=1
p-xscale1=0 0 0 0
p-xscale2=0.07729630172252655 5.190036773681641 0 0
p-xscale3=0.24799999594688416 5.857999801635742 0 0
p-xscale4=1 0 0 0

[swirl]
f-direction=0 1 0
f-localspace=0

