[DarkBackdrop]
e-life=4
e-linger=0
e-local-orient=1
e-rate=1
p-bindtoemitter=1
p-frameRate=0
p-life=0.5
p-linger=2
p-numframes=1
p-offset=10 0 0
p-quadrot=90 0 0
p-scale=100 130 70
p-startframe=0
p-texture=Kassadin_Base_Z_Glow.tga
p-type=1
p-xrgba1=0 0 0 0 0
p-xrgba2=0.1 0.7 0 1 0.5
p-xrgba3=1 0 0 1 0
p-xscale1=0 3 1 1
p-xscale2=0.1 1.5 1 1
p-xscale3=1 0.5 1 1
pass=-100
rendermode=4
single-particle=1

[System]
GroupPart1=DarkBackdrop
SimulateEveryFrame=1

[UNKNOWN_HASHES]
unk00859ED2=0
unk00A8C2D0=1
unk00CECC31=0
unk03F4BF27=0
unk05953235=0
unk065D73FA=1 1
unk06B7ED50=1
unk08292A39=0
unk090C9CF5=70
unk09A4BD41=0.6000000000000001 0
unk0D650307=0
unk0F27A63C=0
unk0F886293=1
unk131F6D6B=2
unk171C0CF9=0
unk1799E10C=0 0 0
unk1E8C33F1=2.009999990463257 2.009999990463257 2.009999990463257
unk1F373FB6=1
unk20DD52F3=3
unk240E7738=1
unk266D4706=voidglow.tga
unk27062F45=1 1
unk291D72E5=1
unk29290478=1 1
unk294831E3=color-hold.tga
unk29B297A8=1 1
unk2C02DB03=0
unk2DC57E38=0
unk2F7DFA7C=0 1
unk327DAB9A=1
unk35DA39A8=1 0
unk3637B908=0 0 0
unk37AD31F7=1
unk3AB0B641=1 1
unk3BC0EF51=1 1
unk3C35C497=0.2
unk3C549AA4=0 0.5 1 1
unk3C549AA5=0.2 3 1 1
unk3C549AA6=1 1 1 1
unk3C9E68EF=1
unk3ED652CE=1
unk3F315CAC=1
unk3F70E3C7=1
unk3FBB035C=sphere.sco
unk41DCF193=1
unk45F1E53A=50
unk468C3DA2=0 1
unk46EF6A3F=Aura_Self.tga
unk477669F1=1
unk484D96E2=4
unk4F8F1EDF=1 0
unk510BDF0F=0
unk5327598A=0
unk54E9FCBF=0
unk56094743=70 70 70
unk57B0CA4F=25 80 70
unk586827A0=0
unk5B9402C6=70
unk5C4F9F38=0
unk5D5C378F=0 0 0
unk60959D8C=spellflux-light.tga
unk61FCED2A=1
unk6497FA78=5
unk67F1E3E1=voidballadd.tga
unk68396305=1 1
unk6D699E80=1 1
unk6E3C2E89=0 0 0
unk6F766AC6=0
unk70AFCCC3=1
unk74B883F2=1
unk74DB553D=1
unk7604846F=0
unk7733AD2E=1 0
unk7844CC79=1
unk7AC0BEF0=color-rampup32.tga
unk7C7E1EED=1
unk7DBD0CAE=150
unk80A72E23=1 1
unk80DDD912=distort-pinch.tga
unk812ACAA3=0.1
unk831EEE7A=10
unk83F638A7=1
unk8D429CEE=4
unk8D8C5061=0 0
unk8F36C0C5=1
unk8F40EDE9=7
unk91239029=0
unk921DAA54=voidglow.tga
unk943AEB95=0 0 0
unk94709E67=100
unk9653CBA4=0
unk97538F1B=color-rampdown.tga
unk9947B2F2=color-hold.tga
unk9F45061F=1 1
unkA08908D2=30
unkA27D2CA9=1
unkA4BBD275=20
unkA742172B=0
unkAF05D697=1
unkAFF1D5F6=1 0
unkB0D3A4C0=1
unkB3C40429=0
unkB401B5F1=0
unkB586A75E=1
unkB6706C8C=0
unkB7FCF0CB=1
unkB8076876=1 1
unkB81C6760=ball32_02.tga
unkB8330FC1=0
unkB8574515=1
unkBAB68FD1=0.019999999552965164
unkBAE496ED=color-hold.tga
unkBC7E2B1B=1
unkBDF8E22E=0 40 0
unkC07CE871=0.009999999776482582
unkC0A54A91=0 0 0
unkC41A10A4=2
unkC87EC435=0
unkC8B154A4=1 0
unkC8BABBCE=1
unkC8BE82FD=0
unkC8ED17BD=bigglow.tga
unkCA41676A=0
unkCA812632=0
unkCC94BABC=4
unkCE4ACD02=1 0
unkCEFA293A=2
unkD1576866=eyeball1.sco
unkD2B3A23A=0 0 0
unkD6673B86=0
unkD6A5ACE9=color-rampdown.tga
unkD6E7BC08=100
unkD79B71AE=0 1
unkD8C5077A=0 0
unkDAC08960=0 0 0 0 0
unkDAC08961=0.04 0 0 0 0
unkDAC08962=0.2 1 0 1 0.8
unkDAC08963=1 1 0 1 0
unkDB0A9203=0.8 1
unkDFDB26A0=20
unkE017128F=0.6000000000000001 0
unkE0B97AF6=0
unkE2EAA376=1
unkE312C4CA=1
unkE405567B=200 200 200
unkE4853C63=0
unkE7CE1CBE=1
unkEAA61A3D=0 0
unkEF26BA34=0
unkF17700A7=0 -1.5
unkF4C03292=0
unkF4F5192C=70
unkF94D439B=0.6000000000000001 0
unkF9B1448F=1 1
unkFB41C257=1
unkFBAB0EC7=1
unkFD4C4B21=1
unkFEC7AF9B=0
unkFF406EF8=1
