[Flame]
e-life=3
e-local-orient=0
e-rate=80
e-rotation1=1
e-rotation1-axis=0 1 0
e-rotation1P1=0 0
e-rotation1P2=1 360
field-accel-1=FlameAccel
field-drag-1=FlameDrag
field-noise-1=FlameNoise
p-bindtoemitter=1 1
p-colortype=1 3
p-flexoffset=0.004999999888241291
p-flexscale=0.004999999888241291
p-life=0.5
p-lifeP1=0 0.5
p-lifeP2=1 2
p-linger=0.009999999776482582
p-numframes=16
p-offset=70 0 0
p-quadrot=1
p-quadrotP1=0 0
p-quadrotP2=1 360
p-randomstartframe=1
p-rgba=color-bluewind.tga
p-rotvel=40
p-rotvelP1=0 -1
p-rotvelP2=1 1
p-scale=50
p-scaleP1=0 0.5
p-scaleP2=1 1
p-startframe=8
p-texdiv=4 4
p-texture=flames05.dds
p-vel=10 10 10
p-velXP1=0 -1
p-velXP2=0.009999999776482582 0.10000000149011612
p-velXP3=1 1
p-velYP1=1 1
p-velZP1=0 -1
p-velZP2=1 1
p-xscale=1
p-xscale1=0 0.3
p-xscale2=0.8 1
p-xscale3=1 1.1
rendermode=2

[FlameAccel]
f-accel=0 135 0

[FlameAccel2]
f-accel=0 -400 0

[FlameDrag]
f-drag=1
f-pos=0 -10 0
f-radius=1000

[FlameNoise]
f-period=0.5
f-radius=500
f-veldelta=10

[HeadFlame]
e-life=4.5
e-local-orient=0
e-rate=80
e-rotation1=1
e-rotation1-axis=0 1 0
e-rotation1P1=0 0
e-rotation1P2=1 360
field-accel-1=FlameAccel2
field-drag-1=FlameDrag
field-noise-1=FlameNoise
p-bindtoemitter=1 1
p-colortype=1 3
p-flexoffset=0.004999999888241291
p-flexscale=0.004999999888241291
p-life=0.5
p-lifeP1=0 1
p-lifeP2=1 2
p-linger=0.009999999776482582
p-numframes=16
p-offset=5 350 0
p-quadrot=1
p-quadrotP1=0 0
p-quadrotP2=1 360
p-randomstartframe=1
p-rgba=color-bluewind.tga
p-rotvel=40
p-rotvelP1=0 -1
p-rotvelP2=1 1
p-scale=40
p-scaleP1=0 0.5
p-scaleP2=1 1
p-startframe=8
p-texdiv=4 4
p-texture=flames05.dds
p-vel=10 -10 10
p-velXP1=0 -1
p-velXP2=0.009999999776482582 0.10000000149011612
p-velXP3=1 1
p-velYP1=1 1
p-velZP1=0 -1
p-velZP2=1 1
p-xscale=1
p-xscale1=0 0.2
p-xscale2=0.8 1
p-xscale3=1 0
rendermode=2

[HeadMarker]
e-life=1
e-local-orient=0
e-rate=1
p-bindtoemitter=1 1
p-flexoffset=0.004999999888241291
p-flexscale=0.004999999888241291
p-life=4.5
p-linger=0
p-mesh=Katarina_Blade.sco
p-meshtex=katarina_base.dds
p-offset=0 350 0
p-quadrot=0 90 0
p-rotvel=0 150 0
p-scale=1.2000000000000002 1.2000000000000002 1.2000000000000002
p-simpleorient=2
p-type=3
pass=100
rendermode=1
single-particle=1

[Red_Decal]
e-life=3
e-rate=10
p-bindtoemitter=1 1
p-colortype=1 2
p-flexscale=0.004999999888241291
p-life=0.8
p-linger=0
p-quadrot=1
p-quadrotP1=0 0
p-quadrotP2=1 360
p-rgba=color-darkblood.tga
p-rotvel=20
p-rotvelP1=0 -1
p-rotvelP2=1 1
p-scale=75
p-simpleorient=2
p-texture=demonblade_wind_black.dds
p-type=1
p-xscale=1
p-xscale1=0 0.7
p-xscale2=1 1
pass=-100
rendermode=1

[Shadow]
e-life=3
e-rate=6
p-bindtoemitter=1 1
p-flexscale=0.004999999888241291
p-life=1
p-lifeP1=0 0.7
p-lifeP2=1 1
p-linger=0
p-quadrot=1
p-quadrotP1=0 0
p-quadrotP2=1 360
p-rgba=color-bellcurve.tga
p-rotvel=10
p-rotvelP1=0 -1
p-rotvelP2=1 1
p-scale=85
p-simpleorient=2
p-texture=orbglow.dds
pass=-100
rendermode=2

[System]
GroupPart1=Red_Decal
GroupPart1Type=Simple
GroupPart2=Shadow
GroupPart2Type=Simple
GroupPart3=Flame
GroupPart3Type=Simple
GroupPart4=HeadMarker
GroupPart5=HeadFlame
GroupPart5Type=Simple
SimulateEveryFrame=1

