[Glow]
KeywordsRequired=MetalWingedJudicator
e-life=-1
e-linger=0
e-local-orient=1
e-rate=5
flag-disable-z=1
p-bindtoemitter=1 1
p-coloroffset=0 0
p-colorscale=1 0.5
p-colortype=1 3
p-life=0.5
p-linger=0
p-local-orient=1
p-postoffset=5 10 0
p-quadrot=1
p-rgba=color-bellramp.tga
p-scale=30 90 160
p-texture=glow-soft.tga
p-type=1
p-xrgba=0 0.5 1 0.5
rendermode=4

[MetalSparks]
KeywordsRequired=MetalWingedJudicator
e-life=-1
e-linger=0
e-local-orient=1
e-rate=3
flag-disable-z=0
p-bindtoemitter=1
p-drag=1 3 1
p-dragYP1=0 0.5
p-dragYP2=1 1
p-life=1
p-lifeP1=0 0.4
p-lifeP2=1 2
p-local-orient=1
p-offset=7 20 0
p-offsetXP1=0 -1
p-offsetXP2=1 1
p-offsetYP1=0 0
p-offsetYP2=1 1
p-orbitvel=0 1 0
p-orbitvelYP1=0 -1
p-orbitvelYP2=1 1
p-postoffset=3 -5 0
p-randomstartframe=1
p-rgba=color-rampdown.tga
p-scale=20 20 10
p-scaleXP1=0 0.5
p-scaleXP2=1 1
p-scaleYP1=0 0.6
p-scaleYP2=1 1
p-texdiv=1 1
p-texture=nidalee_glowspecks.tga
p-type=0
p-vecalign=0
p-vel=0 100 0
p-velXP1=0 -1
p-velXP2=1 1
p-velYP1=0 0.7
p-velYP2=1 1
p-velZP1=0 -1
p-velZP2=1 1
p-xrgba1=0 0 0.7 1 1
p-xrgba2=0.25 0 0 0.5 1
p-xscale1=0 0.4 0.4 0
p-xscale2=0.5 1 1 0
p-xscale3=1 0 0 0
pass=1
rendermode=4

[System]
GroupPart1Importance=High
GroupPart2Type=Simple
GroupPart3=Glow
GroupPart3Importance=High
GroupPart4=MetalSparks
SimulateEveryFrame=1

[UNKNOWN_HASHES]
unk02D480FD=1
unk0362318E=0
unk069AC895=1
unk069AC896=1
unk0849D3B5=0 0
unk0849D3B6=1 360
unk0ED53FFF=MetalWingedJudicator
unk12A02E6A=1 0
unk1510049B=0 -1
unk1510049C=0.10000000149011612 -0.30000001192092896
unk1510049D=0.8999999761581421 -0.30000001192092896
unk1510049E=1 1
unk184944D1=0 0.2
unk184944D2=0.9 0.30000000000000004
unk184944D3=1 0.4
unk1ABB25A7=flames05.tga
unk1BE3B5E2=1
unk1C66E1F3=0 0.5
unk1C66E1F4=1 1
unk1E0E56D5=300
unk1ECA7D49=distort-heat.tga
unk1F85E9D6=0 0
unk1F85E9D7=1 40
unk2003F957=0 0
unk2003F958=1 360
unk26B5FCC8=color-hold.tga
unk2BA018E9=1
unk2D0C60C2=FlameAccel
unk2FE53305=400
unk30BFE49B=1 0.2
unk3AA67188=0.03999999910593033
unk4007CC17=0
unk401EC17B=FlameAttract
unk560EA1AD=0
unk59AA11BF=0
unk5A387103=0 0
unk5AD5FBF9=1 0 0
unk5D99EE3E=0 0
unk5D99EE3F=1 360
unk5E9A0EA9=0 10 0
unk6163DEA1=0.1
unk685B71F4=1
unk71025D38=0 1 0
unk7460D7C9=1 0
unk78F7363A=1 1
unk7E278B52=0 0
unk7E278B53=1 10
unk7E6694C1=0
unk802937F6=0
unk81E16CD7=0 1
unk81E16CD8=0.8 2
unk81E16CD9=1 4
unk83C64B85=1
unk846893B7=40
unk8740B110=2
unk889B72C6=0 0 0
unk95E32227=3 0 0
unk9AD63D59=0
unk9D697588=color-addflame.tga
unk9E2B8451=0 30 0
unk9EF358EB=0 0
unk9EF358EC=0.4 2
unk9EF358ED=0.6000000000000001 2
unk9EF358EE=1 1
unkA1E1635E=0
unkA69EEF3F=40
unkAAB4A6CA=0 30 0
unkAAEE300C=0 1
unkAAEE300D=1 2
unkAFC0A95A=0 0 1
unkB2967280=1
unkB381534C=0 1 0
unkB55ED767=0 0 0
unkB5DBD966=1
unkBA367BCF=0 50 0
unkBBD9FC16=3
unkBF5A979D=0 0
unkBF5A979E=1 360
unkC15D4EFF=1000
unkC37A6754=0
unkC6C2DFA1=HeatDrag
unkC87586EF=1
unkC89135DA=260
unkD7519362=1 0
unkD9ED212F=0.5
unkDA5F84E3=1
unkE604F37A=-1
unkED8C74B8=2
unkF015E5A7=color-bellcurve32.tga
unkF622A903=0 0
unkF6D9A9DC=1
unkF94B5F5E=4
unkFA0E0070=0 1
unkFA0E0071=1 1.2000000000000002
unkFD962906=0 0 0
unkFE9995D0=0
unkFEF06F3E=4 3
unkFF84ACA7=0 100 0
