[Glow]
KeywordsRequired=MetalWingedJudicator
e-life=-1
e-linger=0
e-local-orient=1
e-rate=5
flag-disable-z=1
p-bindtoemitter=1 1
p-coloroffset=0 0
p-colorscale=1 0.5
p-colortype=1 3
p-life=0.5
p-linger=0
p-local-orient=1
p-postoffset=-5 -30 0
p-quadrot=1
p-rgba=color-bellramp.tga
p-scale=30 100 160
p-texture=glow-soft.tga
p-type=1
p-xrgba=0 0.5 1 0.6
rendermode=4

[MetalSparks]
KeywordsRequired=MetalWingedJudicator
e-life=-1
e-linger=0
e-local-orient=1
e-rate=10
p-bindtoemitter=1
p-drag=1 3 1
p-dragYP1=0 0.5
p-dragYP2=1 1
p-life=1
p-lifeP1=0 0.4
p-lifeP2=1 2
p-local-orient=1
p-offset=3 0 0
p-offsetXP1=0 -1
p-offsetXP2=1 1
p-orbitvel=0 0 0
p-orbitvelYP1=0 -1
p-orbitvelYP2=1 1
p-postoffset=-5 -5 0
p-randomstartframe=1
p-rgba=color-rampdown.tga
p-scale=12 20 10
p-scaleXP1=0 0.5
p-scaleXP2=1 1
p-scaleYP1=0 0.2
p-scaleYP2=1 1.2000000000000002
p-texdiv=1 1
p-texture=nidalee_glowspecks.tga
p-type=0
p-vecalign=1
p-vel=0 -200 0
p-velXP1=0 -1
p-velXP2=1 1
p-velYP1=0 0.5
p-velYP2=1 1
p-velZP1=0 -1
p-velZP2=1 1
p-xrgba1=0 0 0.7 1 1
p-xrgba2=0.25 0 0 0.5 1
p-xscale1=0 0.5 1 0
p-xscale2=0.5 1 1 0
p-xscale3=1 0 0 0
pass=1
rendermode=4

[System]
GroupPart1Type=Simple
GroupPart2=Glow
GroupPart2Importance=High
GroupPart3=MetalSparks
SimulateEveryFrame=1

[UNKNOWN_HASHES]
unk02D480FD=1
unk069AC895=1
unk069AC896=1
unk12A02E6A=1 0
unk1C66E1F3=0 0.5
unk1C66E1F4=1 1
unk1ECA7D49=distort-heat.tga
unk1F85E9D6=0 0
unk1F85E9D7=1 40
unk2003F957=0 0
unk2003F958=1 360
unk26B5FCC8=color-hold.tga
unk3AA67188=0.07000000029802322
unk560EA1AD=0
unk5A387103=0 0
unk5AD5FBF9=1 0 0
unk5D99EE3E=0 0
unk5D99EE3F=1 360
unk6163DEA1=0.1
unk71025D38=0 1 0
unk78F7363A=1 1
unk7E6694C1=0
unk802937F6=0
unk83C64B85=1
unk846893B7=40
unk889B72C6=0 0 0
unkA1E1635E=0
unkAAB4A6CA=0 -70 0
unkAAEE300C=0 1
unkAAEE300D=1 2
unkB2967280=1
unkBA367BCF=0 50 0
unkC15D4EFF=1000
unkC37A6754=0
unkC6C2DFA1=HeatDrag
unkC87586EF=1
unkD9ED212F=1.5
unkDA5F84E3=1
unkE604F37A=-1
unkF015E5A7=color-bellcurve32.tga
unkF622A903=1
unkF94B5F5E=4
unkFA0E0070=0 1
unkFA0E0071=1 1.2000000000000002
unkFD962906=40 -40 0
unkFF84ACA7=0 100 0
