[System]
GroupPart1=trail2
GroupPart1Importance=High
SimulateEveryFrame=1

[trail2]
e-life=0.5
e-linger=0
e-local-orient=1
e-rate=1
e-uvoffset=-0.2 0
p-backfaceon=1
p-bindtoemitter=0
p-colortype=1 3
p-life=0.21
p-linger=12
p-mesh=hecarim_qtrail.sco
p-meshtex=tryndamere_WeaponTrail_1.tga
p-offset=0 0 0
p-postoffset=20 240 0
p-quadrot=-50 -40 0
p-rgba=color-rampdown.tga
p-rotvel=0 0 0
p-scale=1.6 1.3 1.4000000000000001
p-type=3
p-uvscroll-rgb=3.3000000000000003 0
pass=-100
rendermode=0
single-particle=1

[UNKNOWN_HASHES]
unk07E8624C=0
unk08C9BA35=-100
unk12201972=0 0 0
unk15BFEB07=0 0 0
unk187D280F=color-white32.tga
unk18E43033=0.30000000000000004 1
unk24453F94=50 20 0
unk3A4A2BA9=1.2000000000000002 1 1.2000000000000002
unk3BBF6126=4
unk4B8DED3B=3
unk4EC4FCD8=TryndamereSultan
unk5E36FB13=1
unk676BDCF5=0
unk70BF7F99=tryndamere_base_WeaponTrail.tga
unk7FE42E84=1
unk8597BC5E=1 1 1
unk8C4E99E0=-0.1 0
unk97B10AEF=2.8000000000000003 0
unk9CB55B53=0 1 1 1
unk9CB55B54=1 0 0 0
unkA03FC5A7=1
unkAA853FEF=0 -20 35
unkAF82F54A=0.7000000000000001 0
unkBF9DE0A8=0.30000000000000004
unkCA60B27E=0 30 0
unkCBB5B2F3=4
unkCBE6847D=1
unkCF6C6CBD=0.15
unkD5C6A520=color-bluehit.tga
unkD8DCF94F=0
unkDA9F9C84=12
unkDB843F08=0.5
unkDE9364ED=0 0 1 0
unkDE9364EE=1 1 1 1
unkDEFC1ED7=120
unkDF7205BF=0 0 0
unkE0782631=1 0
unkE311D754=0 0 0
unkE5953135=color-hold.tga
unkE8FC945C=1 3
unkEECAAAEC=1
unkF49BAC44=6000 30 0
unkFC0802AE=hecarim_qtrail.sco
