[System]
GroupPart1=shuriken
GroupPart2=drshuriken
GroupPart3=shuriken_artic
GroupPart4=lightningglow
GroupPart4Type=Simple
MaterialOverride1Texture=Kennen_no_shuriken.tga
SimulateEveryFrame=1

[drshuriken]
KeywordsRequired=DrKennen
e-linger=0
e-local-orient=1
e-rate=1
p-bindtoemitter=1 1
p-life=2
p-linger=0
p-mesh=kennen_dr_weapon.sco
p-meshtex=kennen_dr_TX_CM_blue.dds
p-offset=0 0 0
p-postoffset=0 0 0
p-quadrot=0 90 90
p-rotvel=500 0 0
p-scale=1.3300000429153442 1.3300000429153442 1.3300000429153442
p-shadow=1
p-type=3
rendermode=1
single-particle=1

[lightningglow]
KeywordsIncluded=ArcticKennen DrKennen
e-life=1
e-linger=0
e-local-orient=0
e-rate=1
p-bindtoemitter=1 1
p-coloroffset=0 0
p-colorscale=1 1
p-colortype=1 3
p-frameRate=0
p-life=1
p-linger=0
p-numframes=4
p-rgba=color-order-crystal-shards.tga
p-scale=50 50 50
p-startframe=0
p-texdiv=2 2
p-texture=glows.tga
p-type=0
rendermode=0

[shuriken]
KeywordsExcluded=DrKennen ArcticKennen
e-linger=0
e-local-orient=1
e-rate=1
p-bindtoemitter=1 1
p-life=2
p-linger=0
p-mesh=shuriken.sco
p-meshtex=shuriken-blue.tga
p-offset=0 0 0
p-postoffset=0 0 0
p-quadrot=0 90 90
p-rotvel=500 0 0
p-scale=1.3300000429153442 1.3300000429153442 1.3300000429153442
p-shadow=1
p-type=3
rendermode=1
single-particle=1

[shuriken_artic]
KeywordsRequired=ArcticKennen
e-linger=0
e-local-orient=1
e-rate=1
p-bindtoemitter=1 1
p-life=2
p-linger=0
p-mesh=kennen_artic_shuriken.sco
p-meshtex=kennen_artic_electric_shuriken.tga
p-offset=0 0 0
p-postoffset=0 0 0
p-quadrot=90 90 0
p-rotvel=2000 0 0
p-scale=10 10 10
p-shadow=1
p-type=3
rendermode=1
single-particle=1

[UNKNOWN_HASHES]
unk0651CB89=0
unk0C0ED36D=0 1
unk0C0ED36E=1 1.2000000000000002
unk16A243FC=0 0
unk16A243FD=1 1
unk16C02E53=1
unk1720537D=0 0
unk1720537E=1 1
unk2DB83308=1 1
unk35295E0C=6 2
unk3DCCD892=0 0 1
unk401785D2=100
unk60BBB429=0 0
unk60BBB42A=0.25 0
unk60BBB42B=0.2500999867916107 90
unk60BBB42C=0.5 90
unk60BBB42D=0.5009999871253967 180
unk60BBB42E=0.75 180
unk60BBB42F=0.7501000165939331 270
unk60BBB430=1 270
unk61AE545D=shuriken-zap.tga
unk62069131=0 0 0
unk624620AC=1
unk639029FD=1 1
unk723C0B7F=1 0
unk73D439DA=0.7000000000000001
unk7B255118=1 1
unk7CF2A5CC=30 30 30
unk7FEC0C25=0.6000000000000001
unk861CEDE3=0 1 0
unk89FCFE52=color-eyefade.tga
unk93327809=10
unk98B1710F=0
unkA328149A=0
unkB1748A68=0 10
unkB1748A69=0.1 0
unkB1748A6A=1 0
unkBA7607EC=0
unkBC38AB21=0.7000000000000001
unkC4AAE5F1=0 0 0
unkCC615DF5=1
unkDD679E65=1 1
unkE4B683D7=1
unkEB67A86E=1
unkEF018B0E=0 0 1 0
unkEF018B0F=0.8 0 1 0
unkEF018B10=0.8100000023841858 0 2000 0
unkEF018B11=1 0 1000 0
unkEFF5BA58=1
unkF758F9A4=0 0 -500
unkFBAF4E30=1
