[GreenBubbles]
e-life=2
e-linger=0
e-local-orient=1
e-rate=5
e-rotation1=1
e-rotation1-axis=0 1 0
e-rotation1P1=0 0
e-rotation1P2=1 320
p-colorscale=1 1
p-colortype=1 3
p-frameRate=2
p-life=2
p-lifeP1=0 0.8
p-lifeP2=1 1
p-linger=2
p-numframes=4
p-offset=100 10 0
p-offset1=0 0.7000000000000001 1 0
p-offset2=1 1 1 0
p-offsetXP1=0 0.9
p-offsetXP2=1 1
p-quadrot=-90
p-rgba=color-voidoozebubbles-green.tga
p-scale=20
p-scaleP1=0 1
p-scaleP2=0.9 1.2000000000000002
p-scaleP3=1 2
p-simpleorient=2
p-startframe=0
p-texdiv=2 2
p-texture=voidooze_bubbles32.tga
p-type=1
p-xscale1=0 0
p-xscale2=0.5 0.8
p-xscale3=1 1
rendermode=1

[System]
GroupPart1Type=Simple
GroupPart2=GreenBubbles
GroupPart2Type=Simple
GroupPart3Type=Simple
GroupPart4Type=Simple
SimulateEveryFrame=1
SoundPersistent=Play_sfx_Singed_MegaAdhesive_OnBuffActivate

[UNKNOWN_HASHES]
unk027BBEF2=1 0
unk06272BAF=0 0
unk0856BCE7=1 3
unk0A055467=3
unk0ADB80F5=0 0.2
unk0ADB80F6=1 1.5
unk0BFC5257=1
unk1087C7B2=1 1
unk1801B82C=1 3
unk1E4B6CAD=1
unk21A6C5A9=1 0 0
unk21C86BB5=0 1
unk21C86BB6=1 0
unk267CF285=0 -500 0
unk2714941E=0
unk27ED6D09=0 0
unk27ED6D0A=1 2.5
unk28F12482=0
unk29AC328E=1 1
unk2A3F56CD=1 0 0
unk2A7B0EBA=0 0.8
unk2A7B0EBB=0.9 1.2000000000000002
unk2A7B0EBC=1 2
unk2ECC2277=0
unk3336E725=1
unk3338EECF=1000
unk362E2AC8=0
unk36C9AC3F=170
unk3971F4D6=0
unk3B25C56D=2
unk3E224672=0.4
unk3E771DBC=2
unk45884174=acidstrand.tga
unk478CFACE=0 0
unk478CFACF=0.5 0.8
unk478CFAD0=1 1
unk479784ED=2
unk47E1249B=2 2
unk4A3A18BD=0.5
unk4D757EC6=0 0
unk4D757EC7=1 360
unk513B8494=0 0
unk513B8495=0.05000000074505806 0.949999988079071
unk513B8496=1 1
unk52BFBF34=60
unk53507CBB=0 0
unk53507CBC=1 360
unk53AF5738=3.5
unk544B0AEA=color-acidjuice.tga
unk551330D7=0 0 0
unk55BA1CF8=1 1
unk5A3AB298=0 0
unk5A3AB299=1 360
unk5D8084A1=20
unk5DC04965=color-redmegaadhesivebubbles.tga
unk609E9031=1 1
unk6139FA2E=0 0.8
unk6139FA2F=1 1
unk644331CB=10
unk66F5C31C=100
unk6903D0C4=0 0.8
unk6903D0C5=1 1.3
unk6ED49A3D=1
unk6F271776=0 500 0
unk7319EBB9=0
unk7777DBF5=Drag
unk78C9DD36=0.05000000074505806
unk79F765C4=0 0.5
unk79F765C5=1 1
unk7B8C2689=0 3 0
unk7BA75BE1=1
unk7C9DB32C=0 -200
unk7C9DB32D=1 200
unk7E96416E=0
unk7EA44A1C=0
unk7F6146FD=1 0.5
unk7FD3BDFA=1
unk818259D6=1
unk87087C3E=0 3 0
unk8AA264C9=1
unk912D551B=4
unk91EE4812=0.4
unk98640282=0 0
unk98640283=1 60
unk98E21203=0 0
unk98E21204=1 360
unk9F734BBF=-90
unkA2C2DB83=0.8
unkA2E06D43=3
unkA3B539C5=spatter32.tga
unkA84B7421=0
unkA921D585=1
unkAB556E63=10
unkAC042950=0 0
unkAC042951=1 360
unkACAE88A4=0 0.1
unkACAE88A5=0.5 0.5
unkACAE88A6=1 2
unkAD3D7741=1
unkAD3D7742=1
unkADA609AD=0 0 1 0
unkADA609AE=0.1 1 1 0
unkADA609AF=1 0.8 1 0
unkAEDAADCE=1
unkB71566A7=5.5
unkB8EB9FFB=color-acidstrand32.tga
unkB942DD16=1 3
unkBA43C6F0=1
unkBD268F8F=Gravity
unkBF05B343=0
unkC22119B2=300
unkC309909F=0 0
unkC30990A0=0.800000011920929 -50
unkC30990A1=1 -100
unkC32D38F2=1
unkC354C78A=megaadhesive_bubbles32.tga
unkC3B9056B=1
unkC3FD4DE8=2
unkC8428932=1
unkC9C074B8=0 1
unkC9C074B9=1 5
unkCD035150=MegaAdhesivePool.tga
unkCD3E2B1F=color-acidpool.tga
unkCE9E244D=0 0 1
unkD6619CB4=0
unkD673A4D6=1
unkDED3D784=220 10 0
unkE49973A0=1 1
unkE5151F79=30
unkE5ABDDA1=0 -300 0
unkE7A35C81=0.30000000000000004
unkED5C6515=0
unkF015C955=1 1
unkF3A66671=3
unkF535A0FD=0
unkF73F891F=-100
unkF791431A=1 50 0
unkFA2D3BA2=2
unkFC6164B7=0 10 0
unkFD1E4AA7=90
