[LOC_Airborne]
e-life=4
e-linger=0
e-local-orient=0
e-rate=1
p-bindtoemitter=1 1
p-flexoffset=0.004000000189989805
p-frameRate=0
p-life=10
p-linger=0
p-numframes=1
p-offset=0 120 0
p-quadrot=0 0 0
p-rgba=color-hold.tga
p-scale=25
p-startframe=0
p-texdiv=1 1
p-texture=Icon_UI_CC_Airborne_01.tga
p-type=1
p-xscale1=0 0.5
p-xscale2=0.019999999552965164 1.600000023841858
p-xscale3=0.029999999329447746 0.8999999761581421
p-xscale4=0.05000000074505806 1.399999976158142
p-xscale5=0.05999999865889549 0.8999999761581421
p-xscale6=0.07999999821186066 1.2999999523162842
p-xscale7=0.09000000357627869 0.8999999761581421
p-xscale8=0.10999999940395355 1.2000000476837158
p-xscale9=0.11999999731779099 1
rendermode=1
single-particle=1

[System]
GroupPart1=LOC_Airborne
GroupPart1Type=Simple
SimulateEveryFrame=1

[UNKNOWN_HASHES]
unkC48B57E7=1 0.30000000000000004
