[LOC_Charm_Overhead]
e-life=-1
e-linger=-1
e-local-orient=0
e-rate=4
flag-disable-z=0
p-bindtoemitter=1 1
p-flexoffset=0.004000000189989805
p-frameRate=0
p-life=0.375
p-linger=0
p-numframes=1
p-offset=0 120 0
p-quadrot=0 0 0
p-rgba=alpha_20.tga
p-scale=20
p-startframe=0
p-texdiv=1 1
p-texture=Icon_UI_CC_Charm_01.tga
p-type=1
p-xscale1=0 0.4
p-xscale2=0.5 1.225
p-xscale3=1 0.4
rendermode=1

[System]
GroupPart1=LOC_Charm_Overhead
GroupPart1Type=Simple
SimulateEveryFrame=1

[UNKNOWN_HASHES]
unk09C6D083=color-hold.tga
unk0BE82A30=0 0.5
unk0BE82A31=0.019999999552965164 1.600000023841858
unk0BE82A32=0.029999999329447746 0.8999999761581421
unk0BE82A33=0.05000000074505806 1.399999976158142
unk0BE82A34=0.05999999865889549 0.8999999761581421
unk0BE82A35=0.07999999821186066 1.2999999523162842
unk0BE82A36=0.09000000357627869 0.8999999761581421
unk0BE82A37=0.10999999940395355 1.2000000476837158
unk0BE82A38=0.11999999731779099 1
unk12FC4A3A=1
unk18526200=1 0.30000000000000004
unk2D22F37D=1
unk2F427E61=0
unk5C8F2D27=1 1
unk63CE7B21=0 0 0
unk6697D19D=0
unk685A74D2=0
unk6FBF8C89=1
unk70CCAFA2=0 120 0
unk7E78443A=0
unk87AFF6EC=Icon_UI_CC_Charm_01.tga
unk956315D9=1
unkA01E15CB=1
unkC1CE5FDB=25
unkD9D9FCB9=1 1
unkDA6CBC1E=0
unkE1303AFB=0.004000000189989805
unkF39E0C0B=10
unkFFB5DE56=4
