[Skin04Stump]
KeywordsRequired=LuluSkin04
e-life=0.5
e-rate=1
p-backfaceon=1
p-bindtoemitter=0 0
p-colorscale=1
p-colortype=1
p-frameRate=0
p-life=1
p-linger=1
p-mesh=Lulu_Skin04_R_BumpGeo.sco
p-meshtex=Lulu_Skin04_R_BumpGeo_TX.tga
p-numframes=1
p-offset=0 0 0
p-postoffset=0 -280 0
p-scale=2 5 2
p-startframe=0
p-texdiv=1 1
p-type=3
p-vel=0 2200 0
p-worldaccel=0 -9350 0
rendermode=3

[System]
GroupPart1=stump
GroupPart1Importance=High
GroupPart1Type=Complex
GroupPart2=dirt_01
GroupPart2Importance=High
GroupPart2Type=Simple
GroupPart3=dirt_02
GroupPart3Importance=Medium
GroupPart3Type=Simple
GroupPart4=Skin04Stump
GroupPart4Importance=High
GroupPart4Type=Complex
PersistThruDeath=1
SimulateEveryFrame=1

[dirt_01]
e-life=0.1
e-rate=150
e-rotation1=1
e-rotation1P1=0 0
e-rotation1P2=1 360
field-drag-1=drag_05
p-life=1
p-offset=50 0 50
p-postoffset=0 0 0
p-rgba=color-smoke32_03.tga
p-rotvel=45
p-rotvelP1=0 -1
p-rotvelP2=1 1
p-scale=43
p-scaleP1=0 0.5
p-scaleP2=1 1.6
p-texture=sand_04.tga
p-vel=200 50 200
p-velXP1=0 1.5
p-velXP2=1 0.6700000166893005
p-xscale=1
p-xscale1=0 0 0 0
p-xscale2=0.2 1.3
p-xscale3=0.25 1.399999976158142
p-xscale4=1 1.7000000000000002
rendermode=1

[dirt_02]
e-life=0.1
e-rate=150
e-rotation1=1
e-rotation1P1=0 0
e-rotation1P2=1 360
field-drag-1=drag_05
p-life=1
p-offset=100 0 100
p-postoffset=0 0 0
p-rgba=color-smoke32_03.tga
p-rotvel=45
p-rotvelP1=0 -1
p-rotvelP2=1 1
p-scale=43
p-scaleP1=0 0.5
p-scaleP2=1 1.6
p-texture=sand_04.tga
p-vel=200 50 200
p-velXP1=0 1.5
p-velXP2=1 0.6700000166893005
p-xscale=1
p-xscale1=0 0 0 0
p-xscale2=0.2 1.3
p-xscale3=0.25 1.399999976158142
p-xscale4=1 1.7000000000000002
rendermode=1

[drag_05]
f-drag=3
f-dragP1=0 0.75
f-dragP2=1 1.5
f-pos=0 0 0
f-radius=1000

[stump]
KeywordsExcluded=LuluSkin04
e-life=0.5
e-rate=1
p-backfaceon=1
p-bindtoemitter=0 0
p-colorscale=1
p-colortype=1
p-frameRate=0
p-life=1
p-linger=1
p-mesh=stump_04.sco
p-meshtex=stump_18.tga
p-numframes=1
p-offset=0 0 0
p-postoffset=0 -280 0
p-scale=1.649999976158142 1.5 1.649999976158142
p-startframe=0
p-texdiv=1 1
p-type=3
p-vel=0 2200 0
p-worldaccel=0 -9350 0
rendermode=1

[UNKNOWN_HASHES]
unk01543367=1
unk02E77346=InfernalGuardian02.tga
unk0CD0BBFD=400
unk20B7F108=0 0 0
unk337CE013=1
unk5B2E7CC8=55 20 55
unk6A0DBA76=0 1
unk6A0DBA77=1 1.1
unk6F1FAFF1=1
unk85961EBC=0 -1
unk85961EBD=1 1
unk8CD82254=0 0
unk8CD82255=1 360
unk8DDC907B=45
unkA7D96A9F=7
unkB3C35B48=200 300 200
unkC43BC9DF=2 4
unkC5032B60=2
unkC768E935=60
unkC9098C31=1
unkCC22FAF1=0 1.5
unkCC22FAF2=1 0.6700000166893005
unkD5215E7C=0.05
unkDF3250A9=alpha_20.tga
unkE867CA60=300
unkE9E4A7A3=drag_05
unkE9F64129=0 0 0
