[System]
SimulateEveryFrame=1
group-scale-cap=-1

[UNKNOWN_HASHES]
unk00552B60=100
unk0098B77E=0 1 0
unk018E2912=3 5 0
unk02259F35=1
unk04001268=95
unk045145D4=0 0.9
unk045145D5=1 1
unk04BEADFB=0 0 0
unk054E9319=0.30000000000000004
unk07475BE5=0
unk07E320AC=0 0.5
unk07E320AD=1 2
unk09748996=0.2
unk0995E63E=0.2
unk0DC13D7B=0.30000000000000004
unk0E6C87C9=0 0.7
unk0E6C87CA=0.30000001192092896 4.349999904632568
unk0E6C87CB=1 0.7
unk13BA56F4=1 1 1
unk146E832A=1 1 1 1
unk158C5BE1=-1
unk15ADB889=-1
unk17461A60=0 1 0
unk1B775791=alpha_20.tga
unk1E18C4E3=0 0 1
unk1F9D4E0E=color-smoke32_07.tga
unk1FBEAAB6=color-smoke32_07.tga
unk216331E8=0 1
unk216331E9=0.5 0.5
unk216331EA=1 0
unk231C54E0=0.5
unk23EA01F3=alpha_20.tga
unk24ACD148=5
unk24F50CC0=0 0 0 0
unk24F50CC1=0.2 1.3
unk24F50CC2=0.25 1.399999976158142
unk24F50CC3=1 1.7000000000000002
unk280A85B4=1 1
unk28D2C7C5=8
unk28F4246D=4
unk2A2FA697=0 0
unk2A2FA698=1 1
unk2B8E8FB0=3 5 0
unk2D1F7BAA=5
unk3012DCFE=0
unk31CF663D=0 0 0 0
unk31CF663E=0.5 1.5 1.5 1.5
unk31CF663F=1 0 0 0
unk33611BEF=0 0
unk33611BF0=1 1
unk343C3CC5=90
unk39929E93=1
unk3A161CA9=0
unk442A4D9D=90 90 0
unk46894BC9=0 0.5
unk46894BCA=1 -0.5
unk49D925EC=0
unk4DB2C4E5=0 0 0 0
unk4DB2C4E6=0.5 1.5 1.5 1.5
unk4DB2C4E7=1 0 0 0
unk4FF77B2B=1
unk4FF77B2C=1
unk54570008=1
unk5D2FC393=200
unk5D741A5E=lulu_flower_09.tga
unk5E3CA363=90
unk5ED4CED9=1
unk61E78A6B=7
unk63103A53=0.1
unk635FC250=0
unk65226585=0
unk68811A45=0 0 1
unk6B86B16C=0 0
unk6B86B16D=1 360
unk6BAF2856=0
unk6C04C0ED=0 0
unk6C04C0EE=1 360
unk6CEE595E=1 1
unk6D94A055=1 1 1
unk6E49B4A3=0 0 0
unk6E7EFF21=0 0.7
unk6E7EFF22=0.30000001192092896 4.349999904632568
unk6E7EFF23=1 0.7
unk6F280C9E=0.1
unk7300B6BC=0 0
unk7300B6BD=1 20
unk73CCCE4C=1 1 1
unk7938FECB=alpha_12.tga
unk794982D9=1
unk7A3F1352=0 -10 0
unk7A898701=1 1
unk7CD3FE77=0.0035000001080334187
unk7CDB5DB1=1
unk81701397=0
unk82259721=0 0.5
unk82259722=1 -0.5
unk824F37B7=0.8 0
unk826E7882=5
unk83F44BBC=0 0.8
unk83F44BBD=1 2
unk85960A14=1
unk85B766BC=1
unk860573CF=0.0035000001080334187
unk88FA0246=1 0
unk89B5B72E=360
unk89E2BDF9=0
unk8A0D0599=0.8 0
unk8A5C4787=0 0 0 0 1
unk8A5C4788=1 1 1 1 1
unk8B968B49=1
unk8B968B4A=1
unk8F2D685C=1 1
unk91273294=0
unk95D88682=0
unk960AF38E=0
unk9BD31F60=1
unk9D011D5A=0 0
unk9D011D5B=1 20
unk9D2AFEA4=Flare-Rainbow_rainbow_02.tga
unk9F224510=65
unkA042B408=100
unkA0BCD97C=lulu_flower_08.tga
unkA34D9C4D=7
unkA59915D6=360
unkA6F6A0D4=0 0
unkA6F6A0D5=1 180
unkA7B3DFB1=1
unkACD9D73B=1
unkAD9732F9=flare-Rainbow_yellow_09.tga
unkADF4B25A=0 0.8
unkADF4B25B=1 2
unkAF6F67D6=0
unkAF90B5D2=1 1 1 1
unkB00A2436=1
unkB763928A=0 0
unkB763928B=1 360
unkB7E1A20B=0 0
unkB7E1A20C=1 360
unkBDFC1BF0=0 -10 0
unkC37239A8=0
unkC49A618E=0 0.5
unkC49A618F=1 2
unkC534DCDD=0
unkC97A91A1=Flare-Rainbow_rainbow_02.tga
unkCDA717AD=1 1 1
unkD1B4464F=1
unkD3F3C21A=0 0
unkD3F3C21B=1 360
unkDF31BAD1=0
unkE1AC4DA2=0 0 0 0
unkE1AC4DA3=0.2 1.3
unkE1AC4DA4=0.25 1.399999976158142
unkE1AC4DA5=1 1.7000000000000002
unkE295B0F2=0 0
unkE295B0F3=1 180
unkEA6EBEDF=0 0 0 0 1
unkEA6EBEE0=1 1 1 1 1
unkF11CFC13=0
unkF18D4C2A=0 0 0
unkF91BEE42=0.5
