[UNKNOWN_HASHES]
unk045145D4=0 3.5
unk045145D5=1 5
unk05797D60=1 1
unk0D26B512=0
unk13C69A1A=1
unk216331E8=0 0
unk216331E9=0.5 0.5
unk216331EA=1 1
unk285D8907=1 0
unk2D2D82DD=1 1
unk37A815E5=bigglow.tga
unk528181D3=0
unk5D2FC393=24
unk63103A53=0.2
unk65946052=0 3.5
unk65946053=1 5
unk681E5252=0.2
unk6CEE595E=1 1
unk6DBB92E4=0.05000000074505806
unk6F280C9E=0.1
unk727A568B=1
unk735748DB=0 0
unk735748DC=1 360
unk7436249D=0.1
unk7938FECB=color-rampdown.tga
unk794982D9=1
unk7E4716CA=color-rampdown.tga
unk826E7882=50
unk82A64C66=0 1.5
unk82A64C67=0.5 0.75
unk82A64C68=1 0
unk845BBDC4=1 0
unk84D3BD11=6
unk877C9081=50
unk88FA0246=1 0
unk8A18702C=0 130 0
unk956F9861=0.05000000074505806
unk9D2AFEA4=bigglow.tga
unk9ECE5D15=0 3.5
unk9ECE5D16=1 5
unkA4EB20DF=1 1
unkB1CC75A9=0 130 0
unkB3A6AB54=30
unkB7089E5D=1 1
unkB7A1F089=1
unkBBE04929=0 1.5
unkBBE0492A=0.5 0.75
unkBBE0492B=1 0
unkCF557D98=0 0
unkCF557D99=1 360
unkD3F3C21A=0 0
unkD3F3C21B=1 360
unkD5306EE2=0.05000000074505806
unkD6600155=0.18000000715255737
unkDA8C9D57=1
unkDF31BAD1=0
unkE277D3A0=0.1
unkE43FD2D0=0
unkE6A5F908=1
unkEC88C5CD=color-rampdown.tga
unkF03C46A0=1 1
unkF11CFC13=0
unkF18D4C2A=0 130 0
unkF5BE3F84=60
unkFB1E8115=0
unkFE6E1922=bigglow.tga
