[UNKNOWN_HASHES]
unk05A174B5=1
unk0AEC7403=-30
unk0F19AEB8=10
unk1058A76E=1 0.2
unk1312EE22=1
unk131F6D6B=1
unk164BE511=2 2
unk18C035EE=1
unk1C8A359F=1
unk1DC9DBDC=1 4
unk1E756341=0
unk1F373FB6=2
unk24D80839=3
unk254AD445=1
unk25759239=0.1
unk269B27CC=color-runeprison.tga
unk26E79E11=0 8.200000000000001 0
unk294831E3=color-bellcurve.tga
unk2A7BFA1E=1 1
unk2C2EA8C9=0
unk2E3F651C=2 2
unk2EE8FA66=Wish_tar__shafts__p-rgba.tga
unk2F5BC672=color-runeprison.tga
unk2FD0A183=1
unk3158DAD2=3.5
unk327DAB9A=4
unk381E741D=100
unk38663437=1
unk38914029=1
unk393FDA8D=0 0 0 0
unk393FDA8E=0.0037037041038274765 0 0 0
unk393FDA8F=0.24799999594688416 2.6245310306549072 0 0
unk393FDA90=0.5109999775886536 5.449999809265137 0 0
unk393FDA91=1 0 0 0
unk3CA05DF2=2
unk3CB421C1=1
unk3E11FD5E=3
unk3F70E3C7=0 0
unk414BAD67=2 2
unk419D7E81=0 -1
unk419D7E82=1 1
unk45F1E53A=50
unk46BFA43D=RunePrison.tga
unk50102494=RunePrison.tga
unk52CCBF31=2
unk53644E99=1 1 1
unk555983AC=0 0.8
unk555983AD=1 1.2000000000000002
unk5665B79B=0
unk56C4A063=1
unk57F859C4=1 0.6000000000000001
unk5995B1C4=30
unk5BE0D0F8=1 1
unk5F3E6663=RunePrison.tga
unk60959D8C=runeprison-light.tga
unk62DC72AE=3
unk634FE2D0=1
unk68F78204=1 1
unk6B57CEA4=1 1 1
unk6CED64DB=Wish_tar__shafts__p-rgba.tga
unk6FF43C79=1 0.2
unk711A5A6A=0.1
unk723D4296=1
unk7622DE92=100
unk7733AD2E=1 0
unk7751E4B4=2
unk7E42A86B=1 3
unk8B26064C=0 -1
unk8B26064D=1 1
unk8C93E3D2=1
unk8F40EDE9=7
unk8FF4EB28=2 2
unk91262B7E=0
unk9186061E=30
unk94B4B9AA=1
unk94E1B66C=1
unk95548278=1
unk9AF79E4F=2
unk9BFACB53=0.1
unk9DADF0DF=1 0.2
unk9E09A014=0.1
unk9E96E0DB=1
unkA4CC5D2A=0
unkA742172B=0
unkAB184CF9=1 1
unkAD085ECF=1 1
unkAD3E97FA=3 0 0
unkAD5871BE=RunePrison.tga
unkB0044417=1
unkB507A749=RunePrison.tga
unkB8076876=1 1
unkBBC5CA61=1
unkBCA4E183=10
unkBCBFDD35=0
unkBDB885F6=0 -30
unkBDB885F7=1 30
unkC22D6D02=0 0
unkC22D6D03=1 360
unkC5321805=3 8 0
unkC7CB3036=1 3
unkC7E53F82=2 2
unkC85C8604=1
unkC8BE82FD=0
unkCA7FA3AD=2.8000000000000003
unkCA812632=1.2000000000000002
unkCFCC2580=0
unkD1818313=0.1
unkD1B4C5A2=0 0
unkD1B4C5A3=1 360
unkD26D7831=color-runeprison.tga
unkD2E620E1=1
unkD4415411=1 4
unkD44857D8=0 0 0 0
unkD44857D9=0.0037037041038274765 0 0 0
unkD44857DA=0.24799999594688416 2.6245310306549072 0 0
unkD44857DB=0.5109999775886536 5.449999809265137 0 0
unkD44857DC=1 0 0 0
unkD5AD4BE6=1
unkD6E7BC08=100
unkD83E6050=0 8.200000000000001 0
unkDBA2F1E8=1
unkDFECABAD=0 0 0
unkE2EAA376=1
unkE39A7DA9=0.1
unkE3EC35AB=1
unkE405567B=400
unkE49DBCE9=3
unkE5783685=1 0.2
unkE9AD70F5=2
unkEE097357=0 0
unkEE097358=1 360
unkF765E5AC=3.5
unkF7E02BB8=0 0 0
unkFB96605E=0.1
