[System]
GroupPart3=spectralbeam
SimulateEveryFrame=1
group-vis=5000

[spectralbeam]
e-life=-1
e-linger=0
e-local-orient=1
e-rate=10
e-tilesize=0 2000 0
e-uvoffset=1 0
e-uvoffsetXP1=0 0
e-uvoffsetXP2=1 1
flag-disable-z=1
p-bindtoemitter=1
p-colorscale=1 1
p-colortype=1 0
p-life=0.8
p-linger=0
p-offset=0 0 0
p-rgba=color-holyfervor.tga
p-scale=30 1 1
p-scaleXP1=0 1
p-scaleXP2=1 3
p-texture=spectralbeam.tga
p-type=6
p-uvscroll-rgb=-0.30000001192092896 0
rendermode=0

[UNKNOWN_HASHES]
unk0BB7DDAC=0
unk0D7A80E1=0
unk0E41C92D=0 1
unk0E41C92E=1 1.1
unk11CD8B58=1
unk12E5E149=1
unk15ECBBB1=0 0 0
unk18FBEB4F=0
unk2594EF9A=1
unk2C2100DC=200 0 0
unk302F9B48=6
unk3140276D=holobeam.tga
unk31ACC1E5=5
unk31C55EFC=0.15000000596046448 0
unk31EE70DC=0
unk33B11411=0
unk36A1EE9D=nexus_ray.tga
unk3BBDB412=color-rainbowbell.tga
unk3C234EE1=0 0 0
unk44D39E3C=0 0
unk44D39E3D=1 1
unk44F32DC9=8
unk4B831AED=1 0
unk65C31FBD=1 0
unk6BB222AE=2
unk77F5568F=1 0
unk7EFA08C8=2 1
unk8B1B058A=0
unk91111755=1 0.1
unk99D2CDA8=0 4000 0
unkA1B67018=6
unkA55B0A5A=0
unkA6798C28=1
unkB40E1ACA=1
unkB412D278=0 4000 0
unkB41483F0=1
unkC025ED15=5
unkC647070C=0 0
unkC647070D=1 1
unkCA36DF42=color-bellramp.tga
unkD36C58F9=8
unkE9FBB425=1 0.4
unkED8E93CC=0.15000000596046448 0
unkF11F600C=300 0 0
unkF28685BF=1 0
unkF401C45D=0 1
unkF401C45E=1 1.1
unkF84B4F20=1
