[System]
GroupPart1Importance=Low
GroupPart1Type=Simple
GroupPart2=crescent
GroupPart3=crescentwhite
SimulateEveryFrame=1

[crescent]
e-life=0.4
e-linger=0
e-local-orient=1
e-rate=30
e-rotation1-axis=1 0 0
e-uvoffset=1 1
e-uvoffsetXP1=0 0
e-uvoffsetXP2=1 1
e-uvoffsetYP1=0 0
e-uvoffsetYP2=1 1
p-bindtoemitter=1
p-bindtoemitter1=0 0.5
p-bindtoemitter2=1 0
p-colorscale=1 0.5
p-colortype=1 0
p-drag=0 2 0
p-frameRate=0
p-life=0.5
p-mesh=VoidCrescent.sco
p-meshtex=disintegratefire.tga
p-numframes=1
p-offset=0 0 0
p-postoffset=0 0 0
p-quadrot=0 0 180
p-rgba=color-spectralbell.tga
p-scale=3 3 3
p-texdiv=0.30000000000000004 0.30000000000000004
p-type=3
p-uvmode=1
p-vel=0 400 0
p-vel1=0 0 0 0
p-vel2=1 0 1 0
p-xscale1=0 0.1 6 1
p-xscale2=0.7000000000000001 1 1 1
p-xscale3=1 2 1 1
rendermode=0

[crescentwhite]
e-life=0.4
e-linger=0
e-local-orient=1
e-rate=20
e-rotation1-axis=1 0 0
p-bindtoemitter=1
p-bindtoemitter1=0 0.8
p-bindtoemitter2=1 0
p-coloroffset=0.6000000000000001 0
p-colorscale=0.5 1
p-colortype=1 0
p-drag=0 2 0
p-frameRate=0
p-life=0.6000000000000001
p-mesh=VoidCrescent.sco
p-meshtex=ring04.tga
p-numframes=1
p-offset=0 0 0
p-postoffset=0 0 0
p-quadrot=0 0 180
p-rgba=color-rampdown.tga
p-scale=3 3 3
p-texdiv=1 1
p-type=3
p-vel=0 400 0
p-vel1=0 0 0 0
p-vel2=1 0 1 0
p-xscale1=0 0.5 6 0.1
p-xscale2=0.5 1.5 1 0.25
p-xscale3=1 0 1 0.5
rendermode=0

[UNKNOWN_HASHES]
unk0D275BC3=50
unk27CF7486=0
unk292DD1FE=1 1
unk299217BB=0
unk3204528B=0 0 0
unk34CD3265=1 0
unk5E14D374=0.7000000000000001
unk6201BAB0=1
unk6A2CA5BF=1
unk6E60D434=0
unk743D97EC=color-bellramp.tga
unk7D7311A3=1
unk8EA31345=0 -300 0
unkB74A0E43=rainbowglow.tga
unkBC7272B2=300
unkC5FA33CA=1
unkDA3653F2=7
unkDCBF133F=100
unkE60630FF=1 0
