[System]
GroupPart1=missile1
GroupPart3=magicdust
GroupPart3Type=Simple
GroupPart4Type=Simple
SimulateEveryFrame=1

[magicdust]
e-life=0.6000000000000001
e-linger=0.5
e-local-orient=1
e-rate=200
p-bindtoemitter=0 0
p-coloroffset=0.5 0
p-colorscale=0.5 0.05000000074505806
p-colortype=1 3
p-life=1
p-lifeP1=0 1
p-lifeP2=0.8 2
p-lifeP3=1 4
p-linger=4
p-offset=1 1 1
p-offsetXP1=0 -1
p-offsetXP2=1 1
p-offsetYP1=0 0
p-offsetYP2=1 50
p-offsetZP1=0 -1
p-offsetZP2=1 1
p-rgba=color-beacontrail.tga
p-scale=3
p-scaleP1=0 0.5
p-scaleP2=1 1
p-texdiv=1 1
p-texture=ball01.tga
p-type=0
p-vel=0 0 -1
p-velZP1=0 10
p-velZP2=0.8 20
p-velZP3=1 50
p-xscale1=0 2
p-xscale2=0.2 1
p-xscale3=0.8 1
p-xscale4=1 0 0 0

[UNKNOWN_HASHES]
unk053DC01C=0 0.5
unk053DC01D=1 3
unk09A5E400=1 0
unk107A25A1=0.30000000000000004 1
unk128FBE67=1
unk1787590C=2
unk1AB35097=1
unk21DF1348=4
unk224D2193=-160
unk267CF285=0 -400 0
unk2714941E=0
unk27BB0BD9=0
unk301B4990=0
unk462E9D5E=SorakaBasicAttack04.tga
unk48639D60=0.1 0.1 0.1
unk52CE6EAB=0
unk549111E0=0.5
unk55A3942D=0 0 0
unk5A30FAA3=0
unk5BF39DD8=1
unk5F3C9555=50
unk62ACEBF9=2000
unk71B5D208=1 0
unk74E8D811=1
unk7516A66F=1
unk7A0E4114=2
unk7A84D89B=4
unk7F85939B=1
unk8100AA5C=3
unk82D180EF=1
unk82E87A1C=0.7000000000000001 1
unk8990BB99=0.5 1
unk8AA71BD1=0
unk8B119C89=color-sorakabasicattack.tga
unk8C97EEA1=0.8 0.6000000000000001
unk8FB16063=40
unk94471640=20
unk97D99F4D=50
unk982B3798=0
unk9D7FE283=0
unk9E91D019=0.5
unkA3670F66=SorakaBasicAttack04.tga
unkAAA9A264=3
unkABD2A740=3
unkB3D30899=0.5 0.1
unkB4BA9491=color-sorakabasicattack.tga
unkBCAF91DC=0 0
unkBCAF91DD=1 360
unkBDF00E48=40
unkC5BBF5E0=0 400 0
unkC61099C7=2 3
unkCA66D0A2=0 0.5
unkCA66D0A3=1 3
unkCD7325BF=2 3
unkCDF7CAD9=0 -1
unkCDF7CADA=1 1
unkCE75DA5A=0 -1
unkCE75DA5B=1 1
unkCEF3E9DB=0 -1
unkCEF3E9DC=1 1
unkCFF31768=5 50 5
unkD55A56D1=0 -1
unkD55A56D2=1 1
unkD65675D3=0 -1
unkD65675D4=1 1
unkEAE16EF7=1
unkF10A588F=1
unkF8F4E624=0.5 1
