[Drag]
f-drag=4
f-pos=0 0 0
f-radius=1000

[FlameAccel]
f-accel=0 0 0
f-localspace=0

[FlameDrag]
f-drag=0
f-pos=0 1 0
f-radius=1000

[System]
GroupPart1=flame
GroupPart1Type=Simple
GroupPart2=star
GroupPart2Type=Simple
GroupPart3Type=Simple
GroupPart4Type=Simple
GroupPart5Type=Simple

[flame]
e-life=0.1
e-rate=250
e-rotation1=5
e-rotation1-axis=0 0 1
e-rotation2=1
e-rotation2P1=0 0
e-rotation2P2=1 360
field-accel-1=FlameAccel
field-drag-1=FlameDrag
p-colortype=1 3
p-life=0.5
p-lifeP1=0 1
p-lifeP2=1 1.2000000000000002
p-linger=0
p-offset=0 20 10
p-postoffset=0 0 0
p-postoffsetXP1=0 1
p-postoffsetXP2=1 1.3
p-quadrot=1
p-quadrotP1=0 0
p-quadrotP2=1 360
p-rgba=color-plasma.tga
p-scale=22
p-scaleP1=0 1
p-scaleP2=1 1.2000000000000002
p-texture=SivirSparks.tga
p-vel=20 25 0
p-velYP1=0 0.5
p-velYP2=1 2
p-xscale=1.2000000000000002
p-xscale1=0 1
p-xscale2=0.30000000000000004 2
p-xscale3=0.7000000000000001 3
p-xscale4=1 3.1

[star]
e-life=1
e-local-orient=0
e-rate=40
e-rotation1=1
e-rotation1-axis=0 1 0
e-rotation1P1=0 0
e-rotation1P2=1 360
field-drag-1=Drag
flag-disable-z=1
p-bindtoemitter=1 1
p-coloroffset=0 0
p-colorscale=1 0.5
p-colortype=1 0
p-life=1
p-offset=20 200 0
p-offsetXP1=0 0
p-offsetXP2=0.5 0.2
p-offsetXP3=0.9 1
p-offsetXP4=1 2
p-offsetYP1=0 1
p-offsetYP2=1 1.5
p-quadrot=0
p-rgba=color-lensbell.tga
p-scale=30
p-simpleorient=3
p-startframe=3
p-texdiv=2 2
p-texture=summoner_banish.tga
p-type=1
p-vel=0 -500 0
p-velYP1=0 0.8
p-velYP2=1 2
p-xscale1=0 1
p-xscale2=0.2 1
p-xscale3=1 0
single-particle=1

[UNKNOWN_HASHES]
unk009F6CE5=255 255 255 255
unk027403EC=1
unk0746F2BE=1 0
unk091A4B57=0 0
unk0967DDC3=0.2
unk09712FEE=90
unk157FB00E=1
unk187E20C3=0 0.7789999842643738
unk187E20C4=1 1.1863700151443481
unk19670738=0.5
unk19DFA0B0=255 255 255 255
unk1D7EDBF9=1
unk1E312278=0 0.7789999842643738
unk1E312279=1 1.2234439849853516
unk1F90A23B=globalhit_yellow.tga
unk257ED983=1
unk27AEDE60=0 0.30000000000000004
unk27AEDE61=0.1 1
unk27AEDE62=0.5 1
unk27AEDE63=1 1
unk28C61BF2=1
unk2B25EF72=0 1 0
unk2BC466F3=1
unk2C4855FE=0 0.7789999842643738
unk2C4855FF=1 1.0010000467300415
unk2DBC584E=0
unk2F8FCBB0=globalhit_yellow.tga
unk35A4ABE7=4
unk38C54567=1
unk3AE55274=0 60 165 183 255
unk3AE55275=0.92 0 0 0 255
unk492ADD6E=0 60 165 183 255
unk492ADD6F=0.92 0 0 0 255
unk4AFE3166=2 3
unk5240B292=0 0
unk5240B293=1 360
unk525401F2=1
unk574FB459=1
unk69F712A9=130
unk6CA6A0D6=2
unk706471B4=45
unk725586E6=1 1
unk76177369=-45
unk7759255A=0 40 0
unk7A65836B=255 255 255 255
unk7F952F51=1
unk80728FAD=1
unk842EA6EF=45
unk859EB054=0 40 0
unk88169AEE=1
unk94333C89=2 3
unk9445ED7F=GlobalTargetHit01.tga
unk99F8EF34=GlobalTargetHit01.tga
unk9B3FB40A=4
unkA376AB1C=GlobalTargetHit01.tga
unkA57D1169=0 255 255 255 255
unkA57D116A=0.92 0 0 0 255
unkA81022BA=GlobalTargetHit01.tga
unkBBA452EC=3
unkD14BA611=1
unkDB2E33DB=1.5
unkE0667271=2 3
unkE1F0E44F=0 40 0
unkE315C5BD=0.2
unkE6182C0B=150
unkE7460626=1
unkEEABFD6B=2 3
unkEF2D9808=1
unkF030FC23=120
unkF156F853=globalhit_yellow.tga
unkF93E8A35=globalhit_yellow.tga
unkFA8C720A=4
unkFFE88209=1
