[System]
GroupPart1=outer_ring1
GroupPart1Type=Simple
GroupPart2=rainbow-up
GroupPart3=rainbow-down
GroupPart4=outer_ring_proc
GroupPart4Type=Simple
SoundOnCreate=Play_sfx_Lux_LuxPrismaticWaveShieldSelf_buffactivate
group-scale-cap=-1

[outer_ring1]
e-life=2
e-rate=4
flag-disable-z=1
p-bindtoemitter=1 1
p-colorscale=1 0
p-colortype=1 0
p-flexoffset=0.004999999888241291
p-flexscale=0.004999999888241291
p-frameRate=0
p-life=1
p-offset=0 -20 0
p-quadrot=1
p-quadrotP1=0 0
p-quadrotP2=1 360
p-rgba=color-bellramp.tga
p-scale=125
p-texdiv=1 1
p-texture=light-shield.tga
p-xscale1=0 1
p-xscale2=1 1.1

[outer_ring_proc]
e-life=1
e-rate=1
flag-disable-z=1
p-bindtoemitter=1 1
p-colorscale=1 0
p-colortype=1 0
p-flexoffset=0.004999999888241291
p-flexscale=0.004999999888241291
p-frameRate=0
p-life=0.30000000000000004
p-linger=1
p-offset=0 -20 0
p-quadrot=1
p-quadrotP1=0 0
p-quadrotP2=1 360
p-rgba=color-rampdown.tga
p-scale=125
p-texdiv=1 1
p-texture=light-shield.tga
single-particle=1

[rainbow-down]
e-life=1
e-rate=1
e-uvoffset=0 0.30000000000000004
p-backfaceon=1
p-bindtoemitter=1
p-colorscale=1 0
p-colortype=1 0
p-flexoffset=0.004999999888241291
p-flexscale=0.004999999888241291
p-life=1
p-linger=1
p-mesh=fireball.sco
p-meshtex=ring04.tga
p-offset=0 -20 0
p-quadrot=90 0 0
p-rgba=color-bellramp.tga
p-scale=9.5 9.5 9.5
p-texdiv=1 4
p-type=3
p-uvscroll-rgb=0 -0.4000000059604645

[rainbow-up]
e-life=1
e-rate=1
p-backfaceon=1
p-bindtoemitter=1
p-colorscale=1 0
p-colortype=1 0
p-flexoffset=0.004999999888241291
p-flexscale=0.004999999888241291
p-life=1
p-linger=1
p-mesh=fireball.sco
p-meshtex=ring04.tga
p-offset=0 -20 0
p-quadrot=90 0 0
p-rgba=color-bellramp.tga
p-scale=9.5 9.5 9.5
p-texdiv=1 4
p-type=3
p-uvscroll-rgb=0 0.4

[UNKNOWN_HASHES]
unk03F4BF27=0
unk065D73FA=1 1
unk06B7ED50=1
unk0F886293=1
unk211B82DD=3
unk230DEE74=180
unk240E7738=1
unk2B2A6815=0.004999999888241291
unk37AD31F7=2
unk3DC1C377=fire_ball.tga
unk3ED652CE=1
unk46EF6A3F=Aura_Self.tga
unk5327598A=0
unk54E9FCBF=0
unk5D5C378F=0 -40 0
unk5DC3FE87=10 10 10
unk5DFCE0EE=0.004999999888241291
unk6497FA78=1
unk68788126=0
unk70AFCCC3=1
unk70EABBF6=0 -40 0
unk778783CD=90 0 0
unk7AC0BEF0=color-rampdown32.tga
unk7DBD0CAE=100
unk80DDD912=distort-bulge.tga
unk83F638A7=1
unk871473D3=1
unk8D8C5061=0 0
unkA4FA025F=1
unkA51EDC91=0 0.30000000000000004
unkB111D4AA=1
unkB401B5F1=0
unkBAB68FD1=0.004999999888241291
unkC458408E=1
unkC73A9922=255 255 255 150
unkD1959850=fireball.sco
unkD8C5077A=0 0
unkDB0A9203=0 1
unkE0B97AF6=0
