[UNKNOWN_HASHES]
unk0B303AA5=0 1
unk0B303AA6=0.8 2
unk0B303AA7=1 4
unk10AE908E=0 0
unk1B6680F5=1 3
unk252D347E=0 -1
unk252D347F=1 1
unk25AB43FF=0 -1
unk25AB4400=1 1
unk26295380=0 -1
unk26295381=1 1
unk267CF285=0 -400 0
unk2714941E=0
unk3E8BEC03=0 0.5
unk3E8BEC04=1 1
unk54B45142=3 3 3
unk55A3942D=0 0 0
unk5B9DD817=0 0 0 0
unk5B9DD818=0.2 1 1 1
unk5B9DD819=0.8 1 1 1
unk5B9DD81A=1 0 0 0
unk6190D13A=0
unk62ACEBF9=2000
unk66A250E4=1
unk72BA232F=-1
unk7A84D89B=4
unk7CCB155C=color-beacontrail.tga
unk7E9539F6=0
unk8057DD2B=0
unk88CA17FB=5 15 5
unk9D7FE283=0
unkA252B013=0.20000000298023224 -10
unkC5BBF5E0=0 400 0
unkD765A4D3=ball01.tga
unkEFAF39D5=0 -1 0
unkF1D76512=1 1
unkF450866F=1 0.05000000074505806
unkFA3CA5A5=0 10
unkFA3CA5A6=0.8 20
unkFA3CA5A7=1 50
unkFB9F6BE1=1
