[DirtBits]
e-life=1
e-linger=0
e-local-orient=0
e-rate=40
e-rotation1=1
e-rotation1-axis=0 0 1
e-rotation1P1=0 10
e-rotation1P2=1 40
e-rotation2=1
e-rotation2-axis=0 1 0
e-rotation2P1=0 0
e-rotation2P2=1 360
field-accel-1=bitsgravity
p-bindtoemitter=0 0
p-colorscale=1 1
p-colortype=1 0
p-frameRate=0
p-life=1.5
p-lifeP1=0 0.5
p-lifeP2=0.9 0.6000000000000001
p-lifeP3=1 1
p-numframes=4
p-offset=-50 0 0
p-offsetXP1=0 0
p-offsetXP2=1 1
p-randomstartframe=1
p-rgba=color-hold.tga
p-rotvel=1
p-rotvelP1=0 -2000
p-rotvelP2=1 2000
p-scale=2
p-scaleP1=0 0.1
p-scaleP2=0.9 1
p-scaleP3=0.9900000095367432 2
p-scaleP4=1 3
p-scalebias=1 1.2000000000000002
p-startframe=0
p-texdiv=2 2
p-texture=dirtbits.tga
p-type=0
p-vel=0 300 0
p-velYP1=0 0.2
p-velYP2=1 1.5
p-xscale=1
p-xscale1=0 1
p-xscale2=0.7000000000000001 1
p-xscale3=1 0
rendermode=1
single-particle=1

[Dustring]
e-life=0.1
e-local-orient=0
e-rate=50
e-rotation1=1
e-rotation1-axis=0 0 1
e-rotation1P1=0 0
e-rotation1P2=1 3
e-rotation2=1
e-rotation2-axis=0 1 0
e-rotation2P1=0 0
e-rotation2P2=1 360
field-drag-1=SmokeDrag
p-bindtoemitter=0 0
p-colorscale=1 1
p-colortype=1 3
p-frameRate=0
p-life=1
p-lifeP1=0 1
p-lifeP2=0.9 1
p-lifeP3=1 2
p-numframes=4
p-offset=100 40 0
p-offsetXP1=0 0
p-offsetXP2=1 1
p-quadrot=1
p-quadrotP1=0 0
p-quadrotP2=1 360
p-randomstartframe=1
p-rgba=color-dust32.tga
p-rotvel=1
p-rotvelP1=0 -90
p-rotvelP2=1 90
p-scale=40
p-scaleP1=0 1
p-scaleP2=1 2
p-startframe=0
p-texdiv=2 2
p-texture=smokepuffs.tga
p-type=0
p-vel=150 0 0
p-velXP1=0 0.1
p-velXP2=1 2
p-xscale=1
p-xscale1=0 0
p-xscale2=0.1 2
p-xscale3=1 3
rendermode=1

[SmokeDrag]
f-drag=3
f-pos=0 0 0
f-radius=1000

[System]
GroupPart1=DirtBits
GroupPart1Type=Simple
GroupPart4=Dustring
GroupPart4Type=Simple
GroupPart5=DirtBits
GroupPart5Type=Simple
PersistThruDeath=1
SimulateEveryFrame=1

[bitsgravity]
f-accel=0 -1000 0
f-localspace=0

[UNKNOWN_HASHES]
unk151763DD=0 0 0
unk182B7720=0
unk1D2311C5=2
unk2222CB7E=1
unk267CF285=0 -1000 0
unk2714941E=0
unk2E3E42CA=0.30000000000000004
unk3338EECF=1000
unk3A561515=1
unk44670742=color-sunfiresparks.tga
unk47CC83A2=1
unk4D9C80F9=3
unk50BF76E1=0 5 0
unk551330D7=0 0 0
unk65FAD8DC=30
unk67B4F4EB=1
unk6BADFF6D=Slam.tga
unk78853F55=1 0.2
unkA16F6C79=0
unkA6A36428=0 0
unkA8F3E049=1000
unkA8F72E8F=1 0
unkAA5FC348=1
unkB9CCC3F8=1 1
unkC4232D8A=0
unkCF6C941F=0
unkD325998B=0 0.5
unkD325998C=1 1
unkDF774CDA=1
unkEFE632B1=0 0.2
unkEFE632B2=0.30000000000000004 6
unkEFE632B3=1 8
unkF3A66671=0.30000000000000004
unkF3F0EE63=0 0
unkF3F0EE64=1 360
