[Ice]
e-disabled=1
e-life=3
e-rate=40
e-rotation1=1
e-rotation1-axis=0 1 0
e-rotation1P1=0 0
e-rotation1P2=1 360
p-backfaceon=1
p-drag=3 3 3
p-life=0.75
p-lifeP1=0 0.35
p-lifeP2=1 1
p-linger=1
p-mesh=Malphite_Skin06_Z_Shards_01.sco
p-meshtex=Malphite_Skin06_Z_Shards_01.dds
p-numframes=4
p-offset=1 1 1
p-offsetXP1=0 -20
p-offsetXP2=1 20
p-offsetYP1=0 75
p-offsetYP2=1 100
p-offsetZP1=0 -20
p-offsetZP2=1 20
p-quadrot=1 1 1
p-randomstartframe=1
p-rotvel=600 300 250
p-rotvelXP1=0 -1
p-rotvelXP2=1 1
p-rotvelYP1=0 -1
p-rotvelYP2=1 1
p-rotvelZP1=0 -1
p-rotvelZP2=1 1
p-scale=1.2000000000000002 1.2000000000000002 1.2000000000000002
p-scaleXP1=0 1
p-scaleXP2=0.9 2
p-scaleXP3=1 2.5
p-scaleYP1=0 1
p-scaleYP2=0.9 2
p-scaleYP3=1 3
p-startframe=1
p-texdiv=2 2
p-type=3
p-vel=5 5 5
p-velXP1=0 -250
p-velXP2=0.1 -150
p-velXP3=0.9 150
p-velXP4=1 250
p-velYP1=0 0
p-velYP2=0.1 0
p-velYP3=0.9 150
p-velYP4=1 250
p-velZP1=0 -250
p-velZP2=0.1 -150
p-velZP3=0.9 150
p-velZP4=1 250
p-worldaccel=0 -1200 0
p-xscale=1 1 1
p-xscale1=0 1 1 1
p-xscale2=0.5 1 1 1
p-xscale3=1 0.2 0.2 0.2
rendermode=1

[Smoke]
e-life=3
e-rate=50
e-rgba=186 140 83 255
e-rotation1=1
e-rotation1-axis=0 1 0
e-rotation1P1=0 0
e-rotation1P2=1 360
p-bindtoemitter=0.1 0
p-flexoffset=0.004999999888241291
p-flexscale=0.004999999888241291
p-life=0.6000000000000001
p-lifeP1=0 0.6
p-lifeP2=1 1
p-linger=1
p-numframes=4
p-offset=100 100 0
p-offsetXP1=0 0.25
p-offsetXP2=1 1
p-offsetYP1=0 0.5
p-quadrot=360 0 0
p-quadrotXP1=0 0
p-quadrotXP2=1 1
p-randomstartframe=1
p-rotvel=80 0 0
p-rotvelXP1=0 -1
p-rotvelXP2=0.2 0.7000000000000001
p-rotvelXP3=0.800000011920929 -0.699999988079071
p-rotvelXP4=1 1
p-scale=100 0 0
p-scaleXP1=0 1
p-scaleXP2=1 1.5
p-texdiv=2 2
p-texture=Malphite_Skin06_Z_Smoke_01.dds
p-vel=100 30 0
p-velXP1=0 0.5
p-velXP2=1 1
p-worldaccel=0 70 0
p-xrgba=1 1 1 1
p-xrgba1=0 1 1 1 0
p-xrgba2=0.2 1 1 1 1
p-xrgba3=1 0.796078 0.494118 0.227451 0
p-xscale=1 1 1
p-xscale1=0 0.5 0 0
p-xscale2=1 1 0 0
rendermode=1
uniformscale=1

[System]
GroupPart1=dust
GroupPart1Type=Simple
GroupPart2=Smoke
GroupPart3=Ice
SimulateEveryFrame=1

[dust]
KeywordsExcluded=ReefMalphite GlacialMalphite
e-disabled=1
e-life=3
e-rate=100
field-drag-1=DustDrag
p-colortype=1 3
p-life=1
p-lifeP1=0 0.25
p-lifeP2=1 1.5
p-offset=0 0 1
p-offset1=0 0 0 -100
p-offset2=1 0 0 100
p-postoffset=0 50 0
p-quadrot=1
p-quadrotXP1=0 0
p-quadrotXP2=1 360
p-rgba=color-disintegrate.tga
p-rotvel=1
p-rotvelXP1=0 -60
p-rotvelXP2=1 60
p-scale=20
p-scaleXP1=0 0.8
p-scaleXP2=1 1.8
p-texture=smoke07.dds
p-vel=10 0 0
p-velXP1=0 -40
p-velXP2=0.5 -20
p-velXP3=0.51 20
p-velXP4=1 40
p-xscale=1
p-xscale1=0 1
p-xscale2=0.30000000000000004 3
p-xscale3=1 3.5

