[System]
GroupPart2=gem_sparkle_rainbow
SimulateEveryFrame=1

[gem_sparkle_rainbow]
KeywordsRequired=GlacialMalphite
e-life=-1
e-local-orient=1
e-rate=1
e-uvoffset=0 0.5
p-backfaceon=1
p-bindtoemitter=1 1
p-life=-1
p-linger=0
p-local-orient=1
p-mesh=Malphite_Glacial_BackMesh.sco
p-meshtex=Malphite_Glacial_Mesh_Sparkle.tga
p-postoffset=130 -1 20
p-quadrot=0 0 90
p-rgba=coin01.tga
p-scale=2 1.649999976158142 1.0499999523162842
p-simpleorient=2
p-type=3
p-uvscroll-rgb=-0.30000001192092896 -0.30000001192092896
pass=100
rendermode=4
single-particle=1

[UNKNOWN_HASHES]
unk02F94BD9=Malphite_Glacial_Mesh_Sparkle.tga
unk092BBE20=10
unk0C4D4D04=0
unk0DC331E7=1
unk1117ECC2=1
unk154E8EAF=-0.30000001192092896 -0.30000001192092896
unk1681707D=-1
unk229942C8=-1
unk2CAA34F5=coin01.tga
unk35DFAEAC=1
unk385706E6=45
unk3CBF0C2F=0 0 90
unk431D066E=Malphite_Glacial_BackMesh.sco
unk5C3882B1=gemglow.tga
unk5F0BE29D=20 30 -23
unk681C6F11=1 1
unk6E949DF5=100
unk797D7B46=0
unk8362AC4D=GlacialMalphite
unk902BCC86=1
unk91069C35=0
unk92A2F0FB=3
unk945FC83D=4
unk97EC4FD3=1 0
unk9C439ED1=-1
unk9CD8A354=200 100 20
unkA1B3035C=0 -1
unkA1B3035D=1 1
unkA23112DD=0 -0.5
unkA23112DE=1 0.30000000000000004
unkA65490FE=color-hold.tga
unkAF8A0AB5=4
unkBC3617E9=1.2 1.25 0.95
unkBE61B563=0
unkBFEEC044=0
unkC35EC9E1=0 1
unkC35EC9E2=1 2
unkC7560288=1
unkC8192FB4=2 2
unkD4EF4935=1 1
unkDBD47ED3=1
unkE070B5F5=0 0
unkE070B5F6=0.5 1
unkE070B5F7=1 0
unkE0CC1978=2
unkECBB61DD=-30 0 -120
unkF8779244=1
