[Crack]
e-life=0.30000000000000004
e-rate=1
e-rgba=0 0 0 255
p-offset=0 1 -50
p-quadrot=90 0 0
p-scale=210 210 60
p-texture=Malphite_Z_Crack_01.dds
p-type=1
p-xrgba=1 1 1 1
p-xrgba1=0 1 1 1 0
p-xrgba2=0.1 1 1 1 1
p-xrgba3=0.95 1 1 1 1
p-xrgba4=1 1 1 1 0
p-xscale=1 1 1
p-xscale1=0 0.95 0.95 1
p-xscale2=0.029999999329447746 1 1 1
p-xscale3=1 1 1 1
rendermode=1
single-particle=1

[Ice]
e-life=3
e-rate=25
e-rotation1=1
e-rotation1-axis=0 1 0
e-rotation1P1=0 0
e-rotation1P2=1 360
p-backfaceon=1
p-drag=3 3 3
p-life=0.75
p-lifeP1=0 0.35
p-lifeP2=1 1
p-linger=1
p-mesh=Malphite_Skin06_Z_Shards_01.sco
p-meshtex=Malphite_Skin06_Z_Shards_02.dds
p-numframes=4
p-offset=1 1 1
p-offsetXP1=0 -20
p-offsetXP2=1 20
p-offsetYP1=0 75
p-offsetYP2=1 100
p-offsetZP1=0 -20
p-offsetZP2=1 20
p-quadrot=1 1 1
p-randomstartframe=1
p-rotvel=600 300 250
p-rotvelXP1=0 -1
p-rotvelXP2=1 1
p-rotvelYP1=0 -1
p-rotvelYP2=1 1
p-rotvelZP1=0 -1
p-rotvelZP2=1 1
p-scale=1.5 1.5 1.5
p-scaleXP1=0 1
p-scaleXP2=0.9 2
p-scaleXP3=1 2.5
p-scaleYP1=0 1
p-scaleYP2=0.9 2
p-scaleYP3=1 3
p-startframe=1
p-texdiv=2 2
p-type=3
p-vel=4 4 4
p-velXP1=0 -250
p-velXP2=0.1 -150
p-velXP3=0.9 150
p-velXP4=1 250
p-velYP1=0 0
p-velYP2=0.1 0
p-velYP3=0.9 150
p-velYP4=1 250
p-velZP1=0 -250
p-velZP2=0.1 -150
p-velZP3=0.9 150
p-velZP4=1 250
p-worldaccel=0 -1200 0
p-xscale=1 1 1
p-xscale1=0 1 1 1
p-xscale2=0.5 1 1 1
p-xscale3=1 0.2 0.2 0.2
rendermode=1

[Smoke_End]
e-disabled=1
e-life=15
e-local-orient=0
e-rate=100
e-rgba=255 255 255 177
e-rotation1=1
e-rotation1-axis=0 1 0
e-rotation1P1=0 0
e-rotation1P2=1 360
e-timeoffset=7
p-drag=6 8 6
p-life=0.5
p-lifeP1=0 1
p-lifeP2=1 2
p-numframes=4
p-offset=100 0 0
p-offsetXP1=0 -1
p-offsetXP2=1 1
p-offsetYP1=0 0
p-offsetYP2=1 1
p-postoffset=0 25 0
p-randomstartframe=1
p-scale=20 20 20
p-texdiv=2 2
p-texture=Malphite_Skin06_Z_Smoke_01.dds
p-vel=800 0 0
p-xrgba=1 1 1 1
p-xrgba1=0 0.75 0.75 0.75 0
p-xrgba2=0.1 0.670588 0.74902 0.74902 1
p-xrgba3=0.7 0.3 0.3 0.3 0.5
p-xrgba4=1 0.2 0.2 0.2 0
p-xscale=1 1 1
p-xscale1=0 1 0 1
p-xscale2=0.2 3 3 3
p-xscale3=1 6 6 6
pass=5
rendermode=1

[Smoke_Start]
e-life=3
e-rate=100
e-rgba=124 95 66 200
e-rotation1=1
e-rotation1-axis=0 1 0
e-rotation1P1=0 0
e-rotation1P2=1 360
p-drag=6 8 6
p-life=0.5
p-lifeP1=0 1
p-lifeP2=1 2
p-numframes=4
p-offset=30 0 0
p-offsetYP1=0 0
p-offsetYP2=1 1
p-postoffset=0 25 -30
p-randomstartframe=1
p-scale=20 20 20
p-texdiv=2 2
p-texture=Malphite_Skin06_Z_Smoke_01.dds
p-vel=500 0 0
p-xrgba=1 1 1 1
p-xrgba1=0 0.75 0.75 0.75 0
p-xrgba2=0.1 0.75 0.75 0.75 1
p-xrgba3=0.7 0.3 0.3 0.3 0.5
p-xrgba4=1 0.2 0.2 0.2 0
p-xscale=1 1 1
p-xscale1=0 1 0 1
p-xscale2=0.2 3 3 3
p-xscale3=1 6 6 6
pass=5
rendermode=1

[System]
GroupPart1=Smoke_Start
GroupPart2=Smoke_End
GroupPart3=Ice
GroupPart4=Crack
SimulateEveryFrame=1
SimulateWhileOffScreen=1
SoundPersistent=0

