[System]
GroupPart1=flash
GroupPart1Type=Simple
GroupPart2=lightning
GroupPart2Type=Simple
SimulateEveryFrame=1

[flash]
e-life=1
e-linger=0
e-rate=1
flag-disable-z=1
p-bindtoemitter=1 1
p-colorscale=1 1
p-colortype=1 0
p-life=0.30000000000000004
p-offset=0 0 0
p-quadrot=1
p-quadrotP1=0 0
p-quadrotP2=1 360
p-rgba=color-hit-physical.tga
p-scale=150
p-texdiv=1 1
p-texture=hiteffect.tga
p-type=0
p-xscale1=0 1
p-xscale2=1 0
rendermode=0
single-particle=1

[lightning]
e-life=0.6000000000000001
e-local-orient=0
e-rate=100
e-rotation1=1
e-rotation1-axis=0 1 0
e-rotation1P1=0 0
e-rotation1P2=1 360
p-bindtoemitter=1
p-colorscale=1 1
p-colortype=1 3
p-flexoffset=0.1
p-flexscale=0.004999999888241291
p-frameRate=9
p-life=0.1
p-lifeP1=0 1
p-lifeP2=1 4
p-numframes=4
p-offset=1.5 0 0
p-offsetYP1=0 0
p-offsetYP2=1 1
p-quadrot=1
p-quadrotP1=0 0
p-quadrotP2=1 360
p-randomstartframe=1
p-rgba=color-lightning.tga
p-scale=100
p-scale1=0 1
p-scale2=1 0.5
p-scaleP1=0 0.5
p-scaleP2=1 1
p-simpleorient=2
p-startframe=0
p-texdiv=3 3
p-texture=multilightning2.tga
p-type=1
rendermode=0

[UNKNOWN_HASHES]
unk045852D2=1
unk06B25F78=2 2 2
unk06B3E6E1=0 0.8
unk06B3E6E2=1 4
unk19B02BD2=30
unk1CCAE09E=0 1 0
unk25B42FE0=0
unk27285EA8=1
unk2A737AD6=1 1 1
unk4655D606=10 40 10
unk46622E82=4 2
unk4ABFE099=300 0 0
unk4B1BBB98=180
unk517AD2AB=50 150 0
unk56AFC5A5=0 0
unk56AFC5A6=1 360
unk56C446C8=1 1 1 1
unk69090797=manaleach_hit.tga
unk6E70A971=0 0
unk6E70A972=1 360
unk6EFD3763=manaleach_hit.tga
unk70F8A3CF=4
unk71B35C65=0 -200 0
unk767F5B20=0.5
unk773865B0=1
unk7AD7BAA2=0 2
unk7AD7BAA3=0.7000000000000001 1
unk7AD7BAA4=1 0.2
unk7BDB8967=-1
unk80AC4544=400 0 400
unk82972D6B=1
unk833DCB85=1 0
unk844DC437=0 30 0
unk8836D254=1
unk8E9AEEB3=0 0.5
unk8E9AEEB4=1 3
unk944EA49F=0.5
unk95DD994F=20
unk98BFF1E3=255 255 255 255
unk9E5F96CC=color-manaleach.tga
unkA1156B69=0 1 1 1 1
unkA1156B6A=0.7 1 1 1 0.5
unkA1156B6B=0.8 0 0 1 0.5
unkA1156B6C=1 0 0 1 0
unkA1F75BE4=1
unkA39A5915=1
unkA7951083=50
unkA923309E=0 0
unkA9B33115=0
unkADEE4DF5=0 -1
unkADEE4DF6=1 1
unkAEEA6CF7=0 -1
unkAEEA6CF8=1 1
unkAF2672AA=1
unkB41E0D4F=3
unkC6032B6A=0 1 0
unkC9F14B1E=1 1
unkCC97F314=0
unkCCDBDFDF=1 0.8
unkD1558D4F=0 0
unkD1558D50=1 1
unkD3200366=0
unkD4722749=0
unkD4E2A69B=0
unkD93C772B=0.5 1.5
unkED413ADB=0 1 1 1
unkED413ADC=1 2 0.5 1
unkED5B114E=4 2
unkF2A0DB9E=0
unkF2E26376=1
unkF5424260=0 0.6
unkF5424261=1 1
unkF5C60D03=5
unkFC696874=1
