[System]
GroupPart1Type=Simple
GroupPart2Type=Simple
GroupPart3=hot1
GroupPart3Type=Simple
GroupPart4=hot2
GroupPart4Type=Simple
GroupPart5=lightning
GroupPart6Type=Simple
SimulateEveryFrame=1

[hot1]
e-linger=0
e-local-orient=1
e-rate=1
e-timeoffset=0
p-bindtoemitter=1 1
p-coloroffset=0 0
p-colorscale=1 0.4
p-colortype=1 0
p-frameRate=0
p-life=5
p-linger=0
p-numframes=1
p-quadrot=1
p-quadrotP1=0 0
p-quadrotP2=1 360
p-rgba=color-ryzebasicattack.tga
p-rotvel=-60
p-scale=80
p-scalebias=1 1
p-startframe=1
p-texdiv=2 3
p-texture=RyzeBasicAttack.tga
p-type=0
rendermode=0
single-particle=1

[hot2]
e-linger=0
e-local-orient=1
e-rate=1
e-timeoffset=0
p-bindtoemitter=1 1
p-coloroffset=0 0
p-colorscale=1 0.4
p-colortype=1 0
p-frameRate=0
p-life=5
p-linger=0
p-numframes=1
p-quadrot=1
p-quadrotP1=0 0
p-quadrotP2=1 360
p-rgba=color-ryzebasicattack.tga
p-rotvel=60
p-scale=80
p-scalebias=1 1
p-startframe=1
p-texdiv=2 3
p-texture=RyzeBasicAttack.tga
p-type=0
p-vel=0 0 0.009999999776482582
rendermode=0
single-particle=1

[lightning]
e-linger=0
e-rate=180
e-rgba=255 255 255 255
p-accel=0 0 0
p-bindtoemitter=0.5
p-frameRate=0
p-life=0.05000000074505806
p-linger=0
p-numframes=4
p-postoffset=0 0 0
p-quadrot=1 1 1
p-quadrotXP1=0 0
p-quadrotXP2=1 360
p-quadrotYP1=0 0
p-quadrotYP2=1 360
p-quadrotZP1=0 0
p-quadrotZP2=1 360
p-randomstartframe=1
p-scale=40 30 0
p-scaleYP1=0 0.2
p-scaleYP2=1 1
p-startframe=1
p-texdiv=2 2
p-texture=lightning02.tga
p-type=2
p-vel=0 0 0
p-xrgba1=0 1 1 1 1
p-xrgba2=0.3 1 1 1 1
p-xrgba3=1 0 0 1 0
rendermode=0

[UNKNOWN_HASHES]
unk04CBD901=0 0
unk0A9A88E3=40
unk0BBD6E02=1 1
unk17BF747C=1
unk1E36BD2F=0
unk2C6EC33A=60
unk39CB5269=1 0
unk3BA0F047=RyzeBasicAttack.tga
unk3E350F43=0
unk3FF7B278=0
unk409411FB=1 0.6000000000000001
unk449156B4=1
unk4526EE70=5
unk55938582=0 0
unk5B4FB2E8=color-ryzebasicattack.tga
unk6040B7F9=0
unk62CDFC9E=2 3
unk64852C9F=1
unk697E3F1F=0
unk6D433568=1 0
unk73AF56C6=1
unk7B1800FB=-60
unk84C5123D=0 0
unk84C5123E=1 360
unk8FC9FE0F=1 1
unk93B89AF8=0
unkA2153CB1=5
unkAE2D0EFC=0.5
unkB126A6FB=1
unkB1773A5F=2 3
unkB2F6EF58=1
unkB4E316B6=100
unkB83CF53C=0 0
unkB83CF53D=1 360
unkB83E0129=color-ryzebasicattack.tga
unkBC85F201=1 1
unkC1486EEE=0
unkC1737AE0=1
unkC341E10E=1 1
unkCE13EEBC=1 0.6000000000000001
unkD4AAE071=0
unkD50822C6=RyzeBasicAttack.tga
unkE1C67330=0
unkE1C958B5=100
unkE60AE307=1
unkE66ED257=1
unkEF8BD182=0
unkF14E74B7=0
unkF559DAB3=1
unkF6FE1BE0=0
