[System]
GroupPart5=rune_ground_indicator_02
GroupPart5Importance=High
GroupPart5Type=Simple
SimulateEveryFrame=1

[rune_ground_indicator_02]
e-life=0.2
e-linger=0
e-local-orient=1
e-rate=10
e-timeoffset=0.1
p-bindtoemitter=1 1
p-life=0.5
p-linger=0
p-rgba=AlphaStrike_prison__ball__p-rgba.tga
p-scale=560 560 0
p-simpleorient=2
p-texture=arcane_ground_indicator_02.tga
p-type=0
p-xscale1=0 1
p-xscale2=0.5 0.5
p-xscale3=1 0

[UNKNOWN_HASHES]
unk00F1B039=0 0.9
unk0193A571=0
unk019E9C35=1 1
unk01BC7A37=2
unk048BBD08=7
unk050AE079=7
unk0672E37E=1 0
unk098EEE9E=1 2
unk09C24C4E=0
unk0A0D431A=1
unk0B84EF83=0
unk0BF2C231=1
unk0CEEEFCC=0
unk0EB19301=0
unk1723CDD1=0 10 0
unk198797C1=0 1.149999976158142
unk198797C2=1 0.65
unk19BDD6C6=0 1
unk19BDD6C7=0.5 0.75
unk19BDD6C8=1 0.5
unk1B04CD4B=1
unk1B9CAEF5=1
unk1F5D8011=1
unk1FFC67F0=2
unk23941824=1 0
unk27B48140=1000
unk29D5287B=arcane_ground_indicator_02.tga
unk2BFB11BA=0.5
unk2CE8490E=0
unk2EB696FC=displace_05.tga
unk2EE5C626=1 1
unk31C5736D=alpha_19.tga
unk36A1531B=0.15000000596046448
unk36D5B29C=0
unk3812E405=0.5
unk389855D1=0
unk3AFAED24=3
unk3C627771=120 0 0
unk3CEE6610=1
unk410A90A1=0 10 0
unk4223D632=alpha_03.tga
unk42B92566=0.15
unk433EFBDC=sharp_flash_02.tga
unk445E9915=1 0.1
unk4B2E43F7=7
unk4B594FE9=2
unk4C21F1A9=100
unk4CCA1793=color-rampdown.tga
unk50D61836=1 1
unk516CA352=0 0
unk516CA353=1 360
unk51EBF879=100
unk5254B537=1 1
unk54E617D9=50
unk55FF914A=25
unk564890AD=0
unk57CFF34A=0
unk580B33E2=0
unk586B8A0F=0
unk5A2E2D44=0
unk5ACF79BB=0
unk5B08DDFB=0
unk5B982D8D=0
unk5D5AD0C2=0
unk5F625737=0 0.9
unk65CD0B92=0 10 0
unk67EB0C7A=0
unk6E8DD7F8=0 0
unk6E8DD7F9=1 8
unk6EA046AF=1
unk6F206BD3=1
unk706CA645=1 0.1
unk71A427B7=45
unk73B8A454=40 0 0
unk74180678=2
unk75069F39=0
unk797B83ED=110 110 0
unk7F9E806D=1
unk80206542=0 1.149999976158142
unk80206543=1 0.65
unk81F90F3C=0.5
unk86ACDCCB=240
unk886A3C8A=0.6
unk88E95FFB=0.5
unk8E10E187=0.1
unk8EB7BB00=1 0.4
unk908D4F1C=80 80 0
unk932B8265=90 90 0
unk94820ED5=1
unk95013246=0.5
unk954F647D=displace_05.tga
unk9585A382=blast_nova_22.tga
unk97BE2F73=0
unk9821D3B4=AlphaStrike_prison__ball__p-rgba.tga
unk9E930102=alpha_03.tga
unk9F122473=alpha_03.tga
unkA1574D6B=10
unkA18C3138=1 1
unkA29F28A0=1 2
unkA661C5EC=110 110 0
unkA7C87AB9=2
unkA7E955AD=displace_02.tga
unkA81C9238=7
unkA8479E2A=2
unkA89F9F87=0
unkAA6242BC=0
unkAA65430C=0 0.9
unkAA65430D=1 1
unkAF49F251=1
unkB02A03B8=0 0.9
unkB04A98BD=1 1
unkB2C2D399=0
unkB2D47D8C=0 0 0
unkB2EECA40=0 0.9
unkB2EECA41=1 1.4000000000000001
unkB33DAA48=50
unkB384B8F2=0 100 0
unkB4498EB5=0
unkB973F0E0=1
unkBD498470=1
unkBE45B20B=0
unkBE6B8B85=2
unkC0085540=0
unkC33C5AFA=arcane_ground_indicator_03.tga
unkC7772F20=0 1
unkC7772F21=0.5 0.5
unkC7772F22=1 0
unkC86DC509=50
unkC87A9010=0 10 0
unkC8FD8BE1=0 0 0
unkC98ABBC9=1 1
unkCA92D9CF=1
unkCB84C4E8=0 0.9
unkCC13D37A=100
unkCD404CDB=0
unkCD6528EA=420 420 0
unkCF0CC379=0.5
unkD1395A68=1 1
unkD34807EB=110 110 0
unkD6170B9F=1 2
unkD7C41D78=100
unkDB2495C4=0.5
unkDD9DDFCA=50
unkDEE75D7D=0.5
unkE2ECC984=1 0.1
unkE53587F1=alpha_03.tga
unkE582913F=60
unkEAFF2FC8=0.1
unkECFD674A=0
unkEE6B01A8=2
unkF06B64CF=1 2
unkF0C3AD39=1 1
unkF51021F5=AlphaStrike_prison__ball__p-rgba.tga
unkFA4B6AE9=370 370 0
unkFBE831FE=displace_05.tga
unkFCC4DF92=1
unkFDEC8306=1 0.1
unkFE1A8FBA=0
unkFE459BAC=10
