[Drag]
f-drag=2
f-pos=0 0 0
f-radius=2000

[System]
GroupPart1=core
GroupPart1Type=Simple
GroupPart2=hoop
GroupPart2Type=Simple
GroupPart3Type=Simple
GroupPart4Type=Simple
SimulateEveryFrame=1
group-vis=500

[core]
e-life=1
e-linger=0
e-local-orient=1
e-rate=1
p-bindtoemitter=1 1
p-coloroffset=0 0
p-colorscale=0.7000000000000001 1
p-colortype=0 1
p-frameRate=0
p-life=0.27000001072883606
p-linger=0
p-numframes=1
p-offset=0 50 0
p-rgba=color-hotsparks.tga
p-scale=100
p-startframe=0
p-texdiv=2 2
p-texture=glows.tga
p-type=0
rendermode=0
single-particle=1

[hoop]
e-life=0.27000001072883606
e-linger=0
e-local-orient=1
e-rate=2000
e-rotation1=1
e-rotation1P1=0 0
e-rotation1P2=1 360
field-drag-1=Drag
p-bindtoemitter=0.5 0
p-coloroffset=0 0.5
p-colorscale=1 0.5
p-colortype=1 3
p-frameRate=0
p-life=1
p-lifeP1=0 0.1
p-lifeP2=0.9 0.30000000000000004
p-lifeP3=1 1
p-linger=-1
p-numframes=4
p-offset=110 130 0
p-rgba=color-summonerdot.tga
p-scale=10
p-scale1=0 0
p-scale2=0.1 1
p-scale3=1 1
p-scaleP1=0 0.5
p-scaleP2=1 1.5
p-startframe=1
p-texdiv=2 2
p-texture=glows.tga
p-type=0
p-vel=100 -100 0
p-velYP1=0 1
p-velYP2=1 2
p-xscale1=0 1
p-xscale2=1 0
rendermode=0

[UNKNOWN_HASHES]
unk02E77346=multilightning4.tga
unk0CA43179=0 0.5
unk0CBBB99F=5
unk1847CBE7=3 3
unk1A13E52D=30 30 30
unk22E47E17=color-ryzebasicattack.tga
unk27A5BEE9=1
unk2A48E40B=1
unk2C19F7CE=1
unk2F6C3C2E=0
unk3074BC0B=1
unk31A0A17A=0 0.2
unk31A0A17B=1 2
unk364E49E0=1 3
unk381C2682=0 1.5 2 1
unk381C2683=1 0.5 2 1
unk3A8FF531=0
unk3C529866=0
unk3EA803F5=1
unk3F8245E8=1 3
unk4014FD69=0 1
unk4014FD6A=1 1
unk452B0CAF=1
unk50F99EC3=0
unk52BC41F8=0.5
unk5C45F844=1 0.5
unk5CC3AF70=0
unk65F7AB78=0
unk6F1FAFF1=0
unk7D15AF5F=0
unk85302568=0
unk871FA68A=0 1
unk871FA68B=1 0.2
unk88DD3A1D=0
unk89319C93=0 0
unk8F01B63C=1
unk938C1E2A=0 -60
unk938C1E2B=0.5 -60
unk938C1E2C=0.5099999904632568 60
unk938C1E2D=1 60
unk9C18FE3C=1 1
unk9DB01747=90
unkA3803287=1
unkA6C84400=-1
unkABE48281=0.1 0
unkAC1F0C93=1 1
unkADD2204D=2 3
unkAE7A21FA=1 0
unkAF3A7ED0=90 0 0
unkAF79E6CF=9
unkB1733C8D=1
unkB3C35B48=0 0 0
unkB3E3F33E=multilightning4.tga
unkB8ADE2D7=9
unkBC081239=0.30000000000000004
unkC43BC9DF=3 3
unkC5032B60=0
unkC72A26AA=1 0.4
unkC768E935=200 200 200
unkC81FE484=2
unkC9098C31=0.1
unkD1F1AA4C=0 0
unkD1F1AA4D=1 360
unkD230D6B1=color-summonerdot.tga
unkD4074E03=1
unkD4EF878A=0
unkD5215E7C=10
unkD554B858=RyzeBasicAttack.tga
unkDB665068=300
unkDD949F72=0 0.5
unkDD949F73=1 5
unkDF05F77B=0 0 0
unkDF3250A9=color-lightning.tga
unkE4F2F545=1
unkE621ECCC=0 1
unkE621ECCD=1 2
unkE867CA60=100
unkED05D926=1
unkEE9AD340=0 10 0
unkF01453CE=1
unkF75E7403=0 1 0
unkF973E1CE=0 0
unkF973E1CF=1 360
unkFB21572E=1
