[System]
GroupPart1=outer_ring1
GroupPart1Type=Simple
GroupPart2=fireball_out
GroupPart2Type=Complex
GroupPart3=fireball_in
GroupPart3Type=Complex

[fireball_in]
e-life=1
e-rate=1
e-rgba=255 255 255 100
p-backfaceon=1
p-bindtoemitter=1
p-life=100
p-linger=0
p-mesh=fireball.sco
p-meshtex=fire_ball.tga
p-offset=0 50 0
p-quadrot=90 0 0
p-scale=8 8 8
p-type=3
p-uvscroll-rgb=0 0.6000000000000001

[fireball_out]
e-life=1
e-rate=1
e-rgba=255 255 255 150
p-bindtoemitter=1
p-life=100
p-linger=0
p-mesh=fireball.sco
p-meshtex=fire_ball.tga
p-offset=0 50 0
p-quadrot=90 0 0
p-scale=9 9 9
p-type=3
p-uvscroll-rgb=0 0.30000000000000004

[outer_ring1]
e-life=-1
e-rate=8
p-bindtoemitter=1 1
p-frameRate=0
p-life=0.5
p-postoffset=0 50 0
p-quadrot=1
p-quadrotP1=0 0
p-quadrotP2=1 360
p-rgba=color-bellcurve.tga
p-scale=90
p-texdiv=1 1
p-texture=corona.tga
p-xscale=1
p-xscale1=0 0.9
p-xscale2=1 1.0499999523162842

[UNKNOWN_HASHES]
unk1D9689D3=360
unk2D3C10D9=1 1
unk35C18B0F=1
unk4178059E=GhastlyShield01.tga
unk463F2C40=1 3
unk53D7DB08=1
unk6CB491D0=0
unk872999A0=0.5
unk9138EC14=0 0
unk9138EC15=1 1
unk932FC368=0.5
unk9D89E3D9=0 0.4
unkA26237D9=1
unkAE7A0A24=-1
unkAF8CA0B0=0 50 0
unkB85320CE=0 1
unkB85320CF=1 1
unkB88AFC51=color-ghastlyShield.tga
unkC1C07608=10
unkC249E823=1
unkC5B038E2=0 1
unkC5B038E3=1 1
unkEFE3278D=122
unkF8A92187=4 1
