[System]
GroupPart1=star
GroupPart1Type=Simple
GroupPart2=dot
GroupPart2Type=Simple
GroupPart3=star2
GroupPart3Type=Simple

[dot]
e-life=3
e-rate=60
e-rotation1=0
e-rotation1P1=0 0
e-rotation1P2=1 360
e-rotation2=1
e-rotation2-axis=1 0 0
e-rotation2P1=0 0
e-rotation2P2=1 360
field-drag-1=drag
p-bindtoemitter=1 1
p-coloroffset=0 0.8
p-flexoffset=0.1
p-flexscale=0.1
p-frameRate=0
p-life=0.7000000000000001
p-lifeP1=0 0.8527038097381592
p-lifeP2=1 1.1490000486373901
p-linger=0
p-offset=1 0 0
p-offsetXP1=0 -1
p-offsetXP2=1 1
p-offsetZP1=0 -1
p-offsetZP2=1 1
p-quadrot=1
p-quadrotP1=0 0
p-quadrotP2=1 360
p-rotvel=360
p-rotvelP1=0 -1
p-rotvelP2=1 1
p-scale=20
p-startframe=2
p-texdiv=2 2
p-texture=MindDreamer01.tga
p-vel=5 0 0
p-xscale=1
p-xscale1=0 1.2979999780654907
p-xscale2=1 0

[drag]
f-drag=3
f-pos=0 0 0
f-radius=10000

[star]
e-life=3
e-rate=150
e-rotation1=1
e-rotation1P1=0 0
e-rotation1P2=1 360
e-rotation2=1
e-rotation2-axis=1 0 0
e-rotation2P1=0 0
e-rotation2P2=1 360
field-drag-1=drag
p-bindtoemitter=1 1
p-coloroffset=0 0.8
p-flexoffset=0.1
p-flexscale=0.1
p-frameRate=0
p-life=0.7000000000000001
p-lifeP1=0 0.8527038097381592
p-lifeP2=1 1.1490000486373901
p-linger=0
p-offset=10 0 1
p-offsetXP1=0 -1
p-offsetXP2=1 1
p-offsetZP1=0 -1
p-offsetZP2=1 1
p-quadrot=1
p-quadrotP1=0 0
p-quadrotP2=1 360
p-rgba=color-minddream.tga
p-rotvel=45
p-rotvelP1=0 -1
p-rotvelP2=1 1
p-scale=10
p-startframe=1
p-texdiv=2 2
p-texture=MindDreamer01.tga
p-vel=100 0 0
p-xscale=1
p-xscale1=0 1.2979999780654907
p-xscale2=1 0.7044073939323425

[star2]
e-life=3
e-rate=50
e-rotation1=1
e-rotation1P1=0 0
e-rotation1P2=1 360
e-rotation2=1
e-rotation2-axis=1 0 0
e-rotation2P1=0 0
e-rotation2P2=1 360
field-drag-1=drag
p-bindtoemitter=1 1
p-coloroffset=0 0.8
p-flexoffset=0.1
p-flexscale=0.1
p-frameRate=0
p-life=0.7000000000000001
p-lifeP1=0 0.8527038097381592
p-lifeP2=1 1.1490000486373901
p-linger=0
p-offset=10 0 1
p-offsetXP1=0 -1
p-offsetXP2=1 1
p-offsetZP1=0 -1
p-offsetZP2=1 1
p-quadrot=1
p-quadrotP1=0 0
p-quadrotP2=1 360
p-rgba=color-minddream.tga
p-rotvel=45
p-rotvelP1=0 -1
p-rotvelP2=1 1
p-scale=10
p-startframe=3
p-texdiv=2 2
p-texture=MindDreamer01.tga
p-vel=100 0 0
p-xscale=1
p-xscale1=0 1.2979999780654907
p-xscale2=1 0.7044073939323425

[UNKNOWN_HASHES]
unk3AE55274=0 177 25 22 255
unk3AE55275=0.7573333 0 0 0 255
unk7D642E82=0 177 25 22 255
unk7D642E83=0.7573333 0 0 0 255
unkC98EBCAB=
unkC98EBCAC=
