[System]
GroupPart1=core
GroupPart1Type=Simple
GroupPart3=beams
GroupPart3Type=Simple
SimulateEveryFrame=1

[beams]
e-life=0.1
e-rate=50
p-bindtoemitter=1 1
p-coloroffset=0.5 0.9
p-colorscale=0.5 0.1
p-frameRate=0
p-life=0.30000000000000004
p-linger=0
p-quadrot=1
p-quadrotP1=0 0
p-quadrotP2=1 360
p-rgba=color-stardust.tga
p-scale=400
p-scalebias=0.5 1
p-startframe=5
p-texdiv=2 3
p-texture=RyzeBasicAttack.tga
p-xscale=1
p-xscale1=0 0.5
p-xscale2=1 2

[core]
e-life=1
e-rate=1
p-bindtoemitter=1 1
p-colorscale=1 0.4
p-frameRate=0
p-life=0.2
p-linger=0
p-postoffset=0 50 -30
p-rgba=color-ryzebasicattack.tga
p-scale=120
p-scalebias=1 0.6000000000000001
p-startframe=1
p-texdiv=2 3
p-texture=RyzeBasicAttack.tga
p-xscale=1
p-xscale1=0 3
p-xscale2=1 0
single-particle=1

[UNKNOWN_HASHES]
unk0A9A88E3=40
unk1847CBE7=2 2
unk1A13E52D=40 40 0
unk2A8255EF=1 1 1 1
unk3074BC0B=1
unk382992B7=2
unk4E95C9C9=0 3
unk4E95C9CA=1 0.30000000000000004
unk85302568=3
unk90027773=1 1 1
unkA6C84400=0
unkAF79E6CF=4
unkB3E3F33E=lightning02.tga
unkBC081239=0.1
unkC81FE484=0.6000000000000001
unkCC022602=0 0 0 1 1
unkCC022603=0.05 1 1 1 1
unkCC022604=0.7 0 0 1 1
unkCC022605=1 0 0 1 1
unkDB665068=180
unkDE9DEF06=0 0
unkDE9DEF07=1 360
unkDF1BFE87=0 0
unkDF1BFE88=1 360
unkDF9A0E08=0 0
unkDF9A0E09=1 360
unkE69FFC4D=0 0.5
unkE69FFC4E=1 3
unkE8C98E79=1
