[System]
GroupPart1=pop
GroupPart1Type=Simple
GroupPart2=ring
GroupPart2Type=Simple
group-vis=0

[pop]
e-active=1000000
e-life=0.1
e-linger=0
e-local-orient=1
e-period=1000000
e-rate=10
e-rgba=255 255 255 255
e-rotation1=0
e-timeoffset=0
p-accel=0 0 0
p-bindtoemitter=1 1
p-coloroffset=0 0
p-colorscale=1 1
p-colortype=1 0
p-drag=0 0 0
p-fixedorbit=0
p-frameRate=0
p-life=0.30000000000000004
p-linger=30
p-local-orient=0
p-mesh=arrow01.sco
p-meshtex=arrow.bmp
p-numframes=1
p-offset=0 70 -70
p-orbitvel=0 0 0
p-postoffset=0 35 0
p-quadrot=0
p-randomstartframe=0
p-rgba=color-MinotaurBasicAttack.tga
p-rotvel=1
p-scale=50
p-simpleorient=0
p-startframe=1
p-texdiv=2 1
p-texture=MinotaurBasicAttack02.tga
p-type=0
p-uvscroll-rgb=0 0
p-vecalign=0
p-vel=0 0 0
p-xrgba=255 255 255 255
p-xscale=1
p-xscale1=0 0
p-xscale2=0.42803698778152466 2
rendermode=1

[ring]
e-active=5
e-life=1
e-linger=0
e-local-orient=1
e-period=0.5
e-rate=1
e-rgba=255 255 255 255
e-rotation1=0
e-rotation11=0 0
e-rotation12=0.7505815029144287 5.005000114440918
e-timeoffset=0 0 0
p-accel=0 0 0
p-bindtoemitter=0
p-coloroffset=0 0
p-colorscale=1 1
p-colortype=1 0
p-drag=0 0 0
p-frameRate=0
p-life=0.4
p-linger=5
p-local-orient=0
p-mesh=arrow01.sco
p-numframes=1
p-offset=0 70 -50
p-orbitvel=0 0 0
p-quadrot=1
p-quadrotP1=0 0
p-quadrotP2=1.0010000467300415 360
p-rgba=color-MinotaurBasicAttack.tga
p-rotvel=0
p-rotvelXP1=0 0
p-rotvelXP2=0.699999988079071 45
p-rotvelYP1=0.0037074079737067223 -1
p-rotvelYP2=0.4934558868408203 -1
p-rotvelYP3=0.5056903958320618 1
p-rotvelYP4=0.872925877571106 1
p-rotvelZP1=0 -1
p-rotvelZP2=0.47306519746780396 -1
p-rotvelZP3=0.49345600605010986 1
p-rotvelZP4=0.9211676120758057 1
p-scale=25
p-simpleorient=2
p-startframe=0
p-texdiv=2 1
p-texture=MinotaurBasicAttack02.tga
p-type=0
p-uvscroll-rgb=0 0
p-vel=0 0 0
p-xrgba=255 255 255 255
p-xscale=1
p-xscale1=0 0
p-xscale2=0.3225443959236145 2.3727409839630127
p-xscale3=0.7630258798599243 3.5591111183166504
rendermode=1

[UNKNOWN_HASHES]
unk0647EFF7=1
unk0B3F8A9C=2
unk0C886E0B=1
unk133B2DF9=0 0 0
unk18CADD61=1
unk220D0EA3=0
unk22FB18D7=1
unk2A81A7C5=25
unk2E127478=1 0
unk3069E9D6=MinotaurBasicAttack02.tga
unk3AF01887=255 255 255 255
unk3FC1FFD3=0 0
unk5487DA08=0
unk551661D8=0 0 0
unk5BCC9011=0 0
unk64D81703=0 0 0
unk6FD99A4E=0 0
unk6FD99A4F=0.7505815029144287 5.005000114440918
unk72A08433=2
unk74632768=5
unk76C1F191=10000
unk790C344C=0 360
unk790C344D=1.0010000467300415 0
unk7B12BF03=0 0 0
unk7CD56238=0 70 -50
unk802473AC=1 1
unk830829A1=0.4
unk85352CB8=0 0 0
unk8F1FFBEC=2
unk9930EE19=color-MinotaurBasicAttack.tga
unkA26667D0=1
unkA548C064=255 255 255 255
unkA73E1167=1
unkA90EA0D0=0
unkAF8375EB=0
unkAFA3BF92=arrow01.sco
unkB4A21D1A=0 0
unkB4A21D1B=0.3225443959236145 2.3727409839630127
unkB4A21D1C=0.7630258798599243 3.5591111183166504
unkB87C2111=0
unkD2C2ADB5=arrow.bmp
unkDC2FC454=0 0 0
unkE5E2AF4F=2 1
unkE8668930=0 0 0
unkF16D4A8E=0 0
unkF16D4A8F=0.699999988079071 45
unkF1C973AC=0
unkF1EB5A0F=0.0037074079737067223 -1
unkF1EB5A10=0.4934558868408203 -1
unkF1EB5A11=0.5056903958320618 1
unkF1EB5A12=0.872925877571106 1
unkF26609D5=0 0 0
unkF2696990=0 -1
unkF2696991=0.47306519746780396 -1
unkF2696992=0.49345600605010986 1
unkF2696993=0.9211676120758057 1
unkFF29AA1F=0
unkFF642416=10000
