[System]
GroupPart1=bullet
GroupPart1Importance=High
GroupPart1Type=Simple
GroupPart2=spark_trail
GroupPart2Importance=High
GroupPart2Type=Simple
SimulateEveryFrame=1

[bullet]
e-rate=1
p-bindtoemitter=1 1
p-life=1
p-linger=0
p-mesh=sphere.sco
p-postoffset=0 0 0
p-rgba=color-white32.tga
p-rotvel=2940 1940 900
p-scale=1.8
p-texture=missFortune_musket_ball.tga
p-type=3
rendermode=3
single-particle=1

[spark_trail]
e-life=1
e-rate=100
e-rotation1=1
e-rotation1-axis=0 0 1
e-rotation1P1=0 0
e-rotation1P2=1 360
e-rotation2=1
e-rotation2P1=0 0
e-rotation2P2=1 360
p-bindtoemitter=0.7000000000000001 0
p-coloroffset=0 0.5
p-colorscale=1 0.5
p-colortype=1 3
p-life=0.2
p-lifeP1=0 0.8
p-lifeP2=1 2
p-offset=5 5 5
p-offsetXP1=0 0
p-offsetXP2=1 1
p-offsetYP1=0 0
p-offsetYP2=1 1
p-offsetZP1=0 0
p-offsetZP2=1 1
p-postoffset=0 0 0
p-quadrot=1
p-quadrotP1=0 0
p-quadrotP2=1 360
p-rgba=color-firemissile.tga
p-scale=8
p-scaleP1=0 0.30000000000000004
p-scaleP2=1 1
p-startframe=4
p-texdiv=2 3
p-texture=disintegrate02.tga
p-vel=0 0 0
p-velYP1=0 0
p-velYP2=1 1
p-xscale=1
p-xscale1=0 1
p-xscale2=0.5 1
p-xscale3=1 0

[UNKNOWN_HASHES]
unk014ACACC=4
unk06ED5D14=4
unk0DF4AE86=1
unk14CB39FB=-1
unk1D3D74CB=5 50 5
unk23715576=0.6000000000000001 0
unk23BFC333=0 0.6000000000000001
unk23BFC334=1 1.4000000000000001
unk267CF285=0 -400 0
unk2714941E=0
unk294EC9F0=1
unk2AACD674=1
unk2DA56C46=0 0 1
unk2FBC9FBE=0 0
unk40D1AF47=0 1
unk40D1AF48=1 1.5
unk459001FC=1
unk4D3045BB=fireball_hit.tga
unk55A3942D=0 0 0
unk5BB8C674=color-sparks.tga
unk5ECE0A2A=2 3
unk62AB1387=0.5 1
unk62ACEBF9=2000
unk64EE402B=400
unk658CC072=40
unk67334ABD=0 0
unk67334ABE=1 1
unk7826DFBD=0 0.2
unk7826DFBE=0.8 0.4
unk7826DFBF=1 1
unk7A84D89B=4
unk7C19C808=1
unk7C19C809=1
unk80165FC9=0 0
unk80165FCA=1 360
unk80946F4A=0 0
unk80946F4B=1 360
unk864AC1E2=2 2
unk8B9540AB=2
unk8DC1C025=1 3
unk978873AE=0 0
unk978873AF=1 1
unk9806832F=0 -1
unk98068330=1 1
unk988492B0=0 0
unk988492B1=1 1
unk98B80038=1
unk9BE673B2=1
unk9D7FE283=0
unk9FA39775=0 0.8
unk9FA39776=1 1.4000000000000001
unkA4CB15B4=1.5
unkA4D8ECD6=Rise
unkB076BCEE=SparksDrag
unkB4568CEB=0 0.1
unkB4568CEC=1 1
unkBAC8E6F6=0.5 0
unkBAF3DA2C=color-smokedark.tga
unkBC997C03=smokepuffs.tga
unkC3632B6A=1
unkC42953E3=120
unkC5BBF5E0=0 400 0
unkD16878FF=0 0
unkD1687900=0.2 0
unkD1687901=0.8 1
unkD1687902=1 0
unkD318EDB1=0 0
unkD318EDB2=1 360
unkD8BB7FF9=0 0
unkD8BB7FFA=1 360
unkE0CBC2BD=0 100 0
unkE24AE62A=20
unkE3BDC2CE=1
unkED4E8243=-1
unkF5C0BD13=15 0 0
