[System]
GroupPart1=wrist_sparks
GroupPart1Importance=High
GroupPart1Type=Simple
GroupPart2=heart_trail
GroupPart2Importance=High
GroupPart2Type=Simple

[heart_trail]
e-rate=35
e-rotation1=1
e-rotation1-axis=0 0 1
e-rotation1P1=0 0
e-rotation1P2=1 360
e-rotation2=1
e-rotation2P1=0 0
e-rotation2P2=1 360
p-bindtoemitter=0.8 0
p-life=0.3499999940395355
p-lifeP1=0 0.8
p-lifeP2=1 1.5
p-linger=0.5
p-offset=6 15 0
p-scale=1
p-scaleP1=0 5
p-scaleP2=1 20
p-texture=heart_01.tga
p-type=0
p-vel=0 1 0
p-velYP1=0 0
p-velYP2=1 20
p-xscale=1 1 1
p-xscale1=0 0
p-xscale2=0.7000000000000001 0.7000000000000001
p-xscale3=1 0.2
rendermode=1

[wrist_sparks]
e-rate=45
e-rotation1=1
e-rotation1-axis=0 0 1
e-rotation1P1=0 0
e-rotation1P2=1 360
e-rotation2=1
e-rotation2P1=0 0
e-rotation2P2=1 360
p-bindtoemitter=0.8 0
p-life=0.6000000000000001
p-lifeP1=0 0.8
p-lifeP2=1 2
p-linger=0.5
p-offset=10 20 0
p-quadrot=1
p-quadrotP1=0 0
p-quadrotP2=1 180
p-rgba=color-rampdown.tga
p-scale=1
p-scaleP1=0 18
p-scaleP2=1 65
p-texture=flare-Rainbow_red_02.tga
p-type=0
p-vel=0 1 0
p-velYP1=0 0
p-velYP2=1 20
p-xscale=1 1 1
p-xscale1=0 0
p-xscale2=0.7000000000000001 0.8
p-xscale3=1 0.2

[UNKNOWN_HASHES]
unk06A1FCF5=10 20 0
unk1BA74589=0 5
unk1BA7458A=1 20
unk245C11A6=1
unk245C11A7=1
unk38B9319D=0 0
unk38B9319E=0.7000000000000001 0.7000000000000001
unk38B9319F=1 0.2
unk3DEF92DE=0.7000000000000001
unk5D4DD10D=22
unk6791BA67=0 0
unk6791BA68=1 360
unk680FC9E8=0 0
unk680FC9E9=1 360
unk78148A9F=0 0
unk78148AA0=1 20
unk7B5B374F=0 0
unk7B5B3750=1 180
unk89081F9F=0 0.8
unk89081FA0=1 2
unk909F828E=1
unk92B18DC8=1
unk9CAD4114=0.8 0
unkACC7B394=1 1 1
unkAEFBE99E=1
unkB480FE59=leaf_05.tga
unkBA11135C=0
unkD00FD95B=0 1 0
unkEF026828=0 0 1
unkFE2FC225=0.5
