[System]
GroupPart1=bullet
GroupPart1Importance=High
GroupPart1Type=Simple
GroupPart2=trail
GroupPart2Importance=High
GroupPart2Type=Complex
GroupPart3=trail_02
GroupPart3Importance=High
GroupPart3Type=Complex
GroupPart4=followsparks
GroupPart4Importance=High
GroupPart4Type=Simple
SimulateEveryFrame=1

[bullet]
e-rate=1
p-bindtoemitter=1 1
p-life=1
p-linger=0
p-mesh=sphere.sco
p-postoffset=0 0 0
p-rgba=color-white32.tga
p-rotvel=2940 1940 900
p-scale=3
p-texture=missFortune_musket_ball_crit_heart.tga
p-type=3
rendermode=3
single-particle=1

[followsparks]
e-life=1
e-rate=100
e-rotation1=1
e-rotation1-axis=0 0 1
e-rotation1P1=0 0
e-rotation1P2=1 360
e-rotation2=1
e-rotation2P1=0 0
e-rotation2P2=1 360
p-bindtoemitter=0.7000000000000001 0
p-coloroffset=0 0.5
p-colorscale=1 0.5
p-colortype=1 3
p-life=0.15000000596046448
p-lifeP1=0 0.8
p-lifeP2=1 1.25
p-offset=5 5 5
p-offsetXP1=0 0
p-offsetXP2=1 1.5
p-offsetYP1=0 0
p-offsetYP2=1 1.5
p-offsetZP1=0 0
p-offsetZP2=1 1.5
p-postoffset=0 -35 0
p-quadrot=1
p-quadrotP1=0 0
p-quadrotP2=1 360
p-rgba=color-firemissile.tga
p-scale=9
p-scaleP1=0 0.30000000000000004
p-scaleP2=1 1
p-startframe=4
p-texdiv=2 3
p-texture=disintegrate02.tga
p-vel=0 0 0
p-velYP1=0 0
p-velYP2=1 1
p-xscale=1
p-xscale1=0 1
p-xscale2=0.5 1
p-xscale3=1 0

[trail]
e-local-orient=1
e-rate=100
e-rgba=255 255 255 255
p-bindtoemitter=0 0.4
p-frameRate=0
p-life=0.5
p-linger=-1
p-numframes=1
p-postoffset=0 15 0
p-quadrot=0 0 90
p-scale=60 12 12
p-startframe=1
p-texdiv=2 2
p-texture=AirSpiritStreak.tga
p-type=1
p-vel=0 0 0
p-xrgba1=0 1 0.15 0.15 0.4
p-xrgba2=0.1 1 0.15 0.15 0.1
p-xrgba3=0.3 1 0.15 0.15 0.05
p-xrgba4=1 1 0.15 0.15 0
p-xscale1=0 1 1 1
p-xscale2=1 0.1 0.1 0.1
rendermode=0

[trail_02]
e-local-orient=1
e-rate=100
e-rgba=255 255 255 255
p-bindtoemitter=0 0.4
p-frameRate=0
p-life=0.5
p-linger=-1
p-numframes=1
p-postoffset=0 15 0
p-quadrot=0 0 90
p-scale=60 8 8
p-startframe=1
p-texdiv=2 2
p-texture=AirSpiritStreak.tga
p-type=1
p-vel=0 0 0
p-xrgba1=0 1 0.15 0 0
p-xrgba2=0.3 1 0.15 0 0.05
p-xrgba3=0.5 1 0.15 0 0.05
p-xrgba4=1 1 0.15 0 0
p-xscale1=0 1 1 1
p-xscale2=1 0.1 0.1 0.1
rendermode=0

[UNKNOWN_HASHES]
unk06ED5D14=4
unk0DF4AE86=1
unk14CB39FB=-1
unk23BFC333=0 0.6000000000000001
unk23BFC334=1 1.4000000000000001
unk2AACD674=1
unk2FBC9FBE=0 0
unk36A2D26E=0 0
unk36A2D26F=1 1
unk3720E1EF=0 -1
unk3720E1F0=1 1
unk379EF170=0 0
unk379EF171=1 1
unk40D1AF47=0 1
unk40D1AF48=1 1.5
unk57F5133F=1 0.4
unk658CC072=30
unk864AC1E2=2 2
unk98B80038=1
unk9FA39775=0 0.8
unk9FA39776=1 1.4000000000000001
unkA4CB15B4=1
unkBAF3DA2C=color-smoke32.tga
unkBC997C03=smokepuffs.tga
unkC3632B6A=1
unkC42953E3=120
unkD8BB7FF9=0 0
unkD8BB7FFA=1 360
unkDC94060B=5 50 5
