[Flash]
e-life=0.05999999865889549
e-rate=100
p-bindtoemitter=1 1
p-colorscale=1 1
p-colortype=1 0
p-frameRate=0
p-life=0.1
p-numframes=1
p-postoffset=0 10 -10
p-quadrot=1
p-quadrotP1=0 0
p-quadrotP2=1 360
p-rgba=color-rampdown.tga
p-scale=5
p-scaleP1=0 1
p-scaleP2=1 3
p-startframe=0
p-texdiv=2 3
p-texture=TristanaShot.tga
p-type=0
rendermode=0

[Smoke]
e-life=0.2
e-linger=0
e-rate=140
field-drag-1=SmokeDrag
p-bindtoemitter=0.2 0
p-colortype=1 3
p-life=0.5
p-lifeP1=0 0.8
p-lifeP2=1 1.4000000000000001
p-linger=-1
p-offset=3 50 3
p-offsetXP1=0 0
p-offsetXP2=1 1
p-offsetYP1=0 -1
p-offsetYP2=1 1
p-offsetZP1=0 0
p-offsetZP2=1 1
p-quadrot=1
p-quadrotP1=0 0
p-quadrotP2=1 360
p-rgba=color-frostsmoke32.tga
p-scale=20
p-scaleP1=0 0.5
p-scaleP2=1 1.6
p-startframe=2
p-texdiv=2 4
p-texture=InfernalGuardian02.tga
p-vel=300 0 0
p-velYP1=0 0.3
p-velYP2=1 1.1
p-xscale=1
p-xscale1=0 0.7
p-xscale2=1 1.649999976158142
rendermode=1

[SmokeDrag]
f-drag=2
f-pos=0 0 0
f-radius=2000

[System]
GroupPart1=Flash
GroupPart1Importance=High
GroupPart1Type=Simple
GroupPart2=Smoke
GroupPart2Importance=High
GroupPart2Type=Simple

[UNKNOWN_HASHES]
unk0626AAAA=1
unk0AFB1F41=-40 20 40
unk0E0D83BC=30
unk2B77BE82=1
unk34AC894F=0 50 0
unk4E02A5FC=-1
unk4F593A4D=InfernalGuardian02.tga
unk4FC54931=-1
unk58378401=10 5 10
unk64F2F96F=1 3
unk6EB9ACF8=0 0
unk6EB9ACF9=1 1
unk6F37BC79=0 -1
unk6F37BC7A=1 1
unk6FB5CBFA=0 0
unk6FB5CBFB=1 1
unk79684F08=0.1 0
unkAF465999=2
unkAFECB943=0 0
unkAFECB944=1 360
unkB072DFEA=0.5
unkB67F817D=0 0.5
unkB67F817E=1 1.6
unkBC8AB235=0.5
unkC144D118=2 4
unkC69BA462=color-frostsmoke32.tga
unkC9AA11AB=0 0.3
unkC9AA11AC=1 1.1
unkCFD11E19=20
unkD3916D91=0 0.7
unkD3916D92=1 1.649999976158142
unkD427D5DC=SmokeDrag
unkDA9DA6AB=0 0.8
unkDA9DA6AC=1 1.4000000000000001
unkFE5D3AA0=1
