[System]
GroupPart1=poofs
GroupPart1Importance=High
GroupPart1Type=Simple
GroupPart2=magic
GroupPart2Importance=Medium
GroupPart2Type=Simple
SimulateEveryFrame=1

[magic]
e-life=0.5
e-linger=-1
e-local-orient=0
e-rate=100
e-rotation1=1
e-rotation1P1=0 0
e-rotation1P2=1 360
field-accel-1=up
field-drag-1=slow
field-orbit-1=orbit1
p-bindtoemitter=1 1
p-life=0.25
p-lifeP1=0 0.8
p-lifeP2=1 1.5
p-linger=0
p-offset=360 0 0
p-offsetXP1=0 0
p-offsetXP2=1 0.3499999940395355
p-offsetYP1=0 0
p-offsetYP2=1 1
p-postoffset=0 30 0
p-quadrot=0
p-quadrotP1=0 0
p-quadrotP2=1 360
p-rgba=alpha_12.tga
p-rotvel=1
p-rotvel1=0 0 0 0
p-rotvel2=1 0 0 180
p-scale=125
p-scaleP1=0 0.15
p-scaleP2=1 1.1
p-shadow=0
p-texture=Flare-Rainbow_white_05.tga
p-vel=0 0 700
p-velZP1=0 0.5
p-velZP2=1 1
p-xscale=1
p-xscale1=0 1
p-xscale2=0.4 1
p-xscale3=1 0
rendermode=0

[orbit1]
f-direction=0 1 0
f-localspace=0

[poofs]
e-life=0.5
e-linger=-1
e-local-orient=0
e-rate=340
e-rotation1=1
e-rotation1P1=0 0
e-rotation1P2=1 360
field-drag-1=slow
p-bindtoemitter=1 1
p-colorscale=1 1
p-colortype=1 3
p-life=0.25
p-lifeP1=0 0.8
p-lifeP2=1 1.5
p-linger=0
p-numframes=4
p-offset=360 25 0
p-offsetXP1=0 0
p-offsetXP2=1 0.3499999940395355
p-offsetYP1=0 0
p-offsetYP2=1 1
p-quadrot=1
p-quadrotP1=0 0
p-quadrotP2=1 360
p-randomstartframe=1
p-rgba=alpha_20.tga
p-rotvel=30
p-rotvelP1=0 0
p-rotvelP2=0.5 1
p-rotvelP3=0.5 -1
p-rotvelP4=1 0
p-scale=26
p-scaleP1=0 0.5
p-scaleP2=1 1.4000000000000001
p-shadow=0
p-startframe=0
p-texdiv=2 2
p-texture=monkey_king_poof_02.tga
p-vel=0 0 400
p-velZP1=0 0.5
p-velZP2=1 1
p-xscale1=0 1.5
p-xscale2=0.30000000000000004 2
p-xscale3=0.8 0.8
p-xscale4=1 0.6
rendermode=1

[slow]
f-drag=2
f-pos=0 0 0
f-radius=10000

[up]
f-accel=0 100 0
f-localspace=0

[UNKNOWN_HASHES]
unk0328ADC6=0 0 0
unk0477FD3C=0 1
unk0477FD3D=0.30000000000000004 2
unk0477FD3E=0.8 0.8
unk0477FD3F=1 0.6
unk10E5D5F7=2 2
unk11CB9ED4=0 0
unk11CB9ED5=0.5 1
unk11CB9ED6=0.5 -1
unk11CB9ED7=1 0
unk19C9260B=0 0.5
unk19C9260C=1 1
unk27AEFA55=0
unk2A3EAB8A=0 0.8
unk2A3EAB8B=1 1.25
unk34BF65FB=1
unk35B0FDC5=1
unk40C4CBD0=1 3
unk41B6639A=1 3
unk449E4D0A=1 1
unk47DF2542=3
unk4A8B7F59=0 0
unk4A8B7F5A=1 0.3499999940395355
unk4B098EDA=0 0
unk4B098EDB=1 1
unk4B7D1723=0 0
unk4B7D1724=1 0.3499999940395355
unk4BFB26A4=0 0
unk4BFB26A5=1 1
unk53FEB45E=0 1
unk53FEB45F=1 1.2000000000000002
unk54748706=0 0
unk54748707=1 360
unk566AA2C3=0
unk5BA67B91=-1
unk5C5E4E2D=1
unk5D691EC6=0
unk5FA69E1B=1
unk65DB5996=350 40 0
unk685E9A9F=0
unk6AFF3D30=0 150 100
unk6D887A2E=0
unk7110A072=0 1.25
unk7110A073=0.5 1.75
unk7110A074=1 2.5
unk715FF254=1 1
unk803FC9F8=poof.tga
unk8209A3FA=0 0 400
unk86B82069=1 1
unk8BBE8BA4=0 0
unk8BBE8BA5=1 360
unk8CB0236E=0 0
unk8CB0236F=1 360
unk9269F671=slow
unk9867D20D=0
unk98896D49=30
unk9A4A1F78=0
unk9DA3AADB=0
unk9E8F05BF=1
unk9EB1F8E7=26
unk9F664E10=0
unkA7D888E0=144 50 0
unkB505748A=0 0
unkB505748B=0.5 1
unkB505748C=0.5 -1
unkB505748D=1 0
unkBAE20089=4
unkC2AE2449=0.95
unkC8F6F163=15
unkCEC5F694=6.5
unkCEE8A6AD=2 2
unkCF02571D=20
unkD04387D1=1
unkD5076FFF=0.25
unkD7CBF6C1=0 0.5
unkD7CBF6C2=1 1
unkD8D6E8C1=alpha_20_05.tga
unkD9A207D8=0.1
unkDA869C93=30
unkE11F424A=0.3
unkE1DD5520=1000
unkE20C6278=60
unkE52977C1=10
unkE7661128=0 0.75
unkE7661129=1 1.4000000000000001
unkE8417C40=0 0.8
unkE8417C41=1 1.5
unkEB303477=alpha_20.tga
unkECD86D2E=monkey_king_poof_02.tga
unkF465AE2E=120
unkF5FEE520=0 0 0
unkFB35AE33=1 1
unkFB553009=1
unkFD66343C=0 0
unkFD66343D=1 360
