[Dark]
e-life=0.5
e-linger=-1
e-local-orient=0
e-rate=20
e-rotation1=1
e-rotation1P1=0 0
e-rotation1P2=1 360
field-drag-1=slow
p-bindtoemitter=1 1
p-life=0.25
p-lifeP1=0 0.8
p-lifeP2=1 1.5
p-linger=0.25
p-offset=360 25 0
p-offsetXP1=0 0
p-offsetXP2=1 0.3499999940395355
p-offsetYP1=0 0
p-offsetYP2=1 1
p-quadrot=1 0 0
p-quadrotXP1=0 0
p-quadrotXP2=1 360
p-rotvel=30 0 0
p-rotvelXP1=0 0
p-rotvelXP2=0.5 1
p-rotvelXP3=0.5099999904632568 -1
p-rotvelXP4=1 0
p-scale=250 250 500
p-scaleXP1=0 0.7
p-scaleXP2=1 1
p-texture=MonkeyKing_Skin04_Q_Buf_Sub.dds
p-vel=0 0 400
p-velZP1=0 0.5
p-velZP2=1 1
p-xrgba=0.4235289990901947 0.4235289990901947 0.4235289990901947 1
p-xrgba1=0 0 0 0 1
p-xrgba2=0.5 1 1 1 1
p-xrgba3=1 0 0 0 1
p-xscale=1 1 1
p-xscale1=0 0.7 0.7 0.7
p-xscale2=0.30000000000000004 1 1 1
p-xscale3=1 1.2000000000000002 1.2000000000000002 1.2000000000000002
pass=10
rendermode=2
uniformscale=1

[Flashes]
e-life=0.5
e-linger=-1
e-rate=30
e-rotation1=1
e-rotation1P1=0 0
e-rotation1P2=1 360
field-accel-1=up
p-bindtoemitter=1 1
p-life=0.25
p-lifeP1=0 0.8
p-lifeP2=1 1.5
p-linger=0
p-offset=360 0 0
p-offsetXP1=0 0
p-offsetXP2=1 0.3499999940395355
p-offsetYP1=0 0
p-offsetYP2=1 1
p-postoffset=0 30 0
p-quadrot=1 1 1
p-quadrotXP1=0 0
p-quadrotXP2=1 360
p-quadrotYP1=0 0
p-quadrotYP2=1 360
p-rotvel=300 300 0
p-rotvelXP1=0 -1
p-rotvelXP2=0.49900001287460327 -0.5
p-rotvelXP3=0.5109999775886536 0.5
p-rotvelXP4=1 1
p-rotvelYP1=0 -1
p-rotvelYP2=0.4999000132083893 -0.5
p-rotvelYP3=0.5109999775886536 0.5
p-rotvelYP4=1 1
p-scale=80 80 80
p-scaleXP1=0 0.25
p-scaleXP2=1 1
p-scaleYP1=0 0.25
p-scaleYP2=1 1
p-texture=MonkeyKing_Skin04_Q_Buf_Flash.dds
p-vel=0 0 700
p-velZP1=0 0.5
p-velZP2=1 1
p-xrgba=1 1 1 1
p-xrgba1=0 0 0 0 1
p-xrgba2=0.1 0.313725 1 0.588235 1
p-xrgba3=0.5 0.607843 1 0.764706 1
p-xrgba4=1 0 0 0 1
p-xscale=1 1 1
p-xscale1=0 1 1 1
p-xscale2=0.4 1 1 1
p-xscale3=1 0 0 0
pass=100
uniformscale=1

[Mist]
e-life=0.5
e-linger=-1
e-local-orient=0
e-rate=100
e-rotation1=1
e-rotation1P1=0 0
e-rotation1P2=1 360
field-drag-1=slow
p-bindtoemitter=1 1
p-colortype=1 3
p-life=0.25
p-lifeP1=0 0.8
p-lifeP2=1 1.5
p-linger=0
p-offset=360 25 0
p-offsetXP1=0 0
p-offsetXP2=1 0.3499999940395355
p-offsetYP1=0 0
p-offsetYP2=1 1
p-quadrot=1
p-quadrotP1=0 0
p-quadrotP2=1 360
p-randomstartframe=1
p-rgba=MonkeyKing_Skin04_Idle_Cloud_Mist_Ramp.dds
p-rotvel=80
p-rotvelP1=0 -1
p-rotvelP2=0.5 -0.5
p-rotvelP3=0.5099999904632568 0.5
p-rotvelP4=1 1
p-scale=100
p-scaleP1=0 0.5
p-scaleP2=1 1
p-texdiv=2 2
p-texture=MonkeyKing_Skin04_Idle_Cloud_Mist.dds
p-vel=0 0 400
p-velZP1=0 0.5
p-velZP2=1 1
p-xrgba=1 1 1 0.5000079870223999
p-xscale=1
p-xscale1=0 0.7
p-xscale2=0.30000000000000004 1
p-xscale3=1 1.2000000000000002
pass=10
rendermode=1

[Rays]
e-life=0.5
e-linger=-1
e-rate=60
e-rotation1=1
e-rotation1P1=0 0
e-rotation1P2=1 360
field-accel-1=up
p-bindtoemitter=1 1
p-life=0.25
p-lifeP1=0 0.8
p-lifeP2=1 1.5
p-linger=0
p-offset=360 0 0
p-offsetXP1=0 0
p-offsetXP2=1 0.3499999940395355
p-offsetYP1=0 0
p-offsetYP2=1 1
p-postoffset=0 30 0
p-quadrot=1 1 1
p-quadrotXP1=0 0
p-quadrotXP2=1 360
p-quadrotYP1=0 0
p-quadrotYP2=1 360
p-rotvel=300 300 0
p-rotvelXP1=0 -1
p-rotvelXP2=0.49900001287460327 -0.5
p-rotvelXP3=0.5109999775886536 0.5
p-rotvelXP4=1 1
p-rotvelYP1=0 -1
p-rotvelYP2=0.4999000132083893 -0.5
p-rotvelYP3=0.5109999775886536 0.5
p-rotvelYP4=1 1
p-scale=30 30 30
p-scaleXP1=0 0.25
p-scaleXP2=1 1
p-scaleYP1=0 0.25
p-scaleYP2=1 1
p-texture=MonkeyKing_skin04_Flare.dds
p-vel=0 0 700
p-velZP1=0 0.5
p-velZP2=1 1
p-xrgba=1 1 1 1
p-xrgba1=0 0 0 0 1
p-xrgba2=0.1 0.313725 1 0.588235 1
p-xrgba3=0.5 0.607843 1 0.764706 1
p-xrgba4=1 0 0 0 1
p-xscale=1 1 1
p-xscale1=0 1 1 1
p-xscale2=0.4 1 1 1
p-xscale3=1 0 0 0
pass=100
rendermode=4
uniformscale=1

[System]
GroupPart1=Mist
GroupPart1Importance=High
GroupPart1Type=Simple
GroupPart2=Dark
GroupPart2Importance=High
GroupPart3=Flashes
GroupPart4=Rays
SimulateEveryFrame=1

[up]
f-accel=0 100 0

