[FlareSpout]
e-life=0.15000000596046448
e-rate=100
e-rotation1=1
e-rotation1-axis=0 0 1
e-rotation1P1=0 0
e-rotation1P2=1 20
e-rotation2=1
e-rotation2P1=0 0
e-rotation2P2=1 360
field-accel-1=gravity_02
p-drag=1 1 1
p-flexoffset=0.004999999888241291
p-life=0.3499999940395355
p-lifeP1=0 0.5
p-lifeP2=1 1.5
p-offset=0 50 0
p-postoffset=0 50 0
p-scale=65
p-scaleP1=0 0.25
p-scaleP2=1 0.8500000238418579
p-texture=MonkeyKing_skin04_Flare.dds
p-vecalign=1
p-vel=200 1150 200
p-velYP1=0 0.75
p-velYP2=1 1.25
p-worldaccel=0 -1000 0
p-xscale=1
p-xscale1=0 1
p-xscale2=0.5 0.75
p-xscale3=1 0

[System]
GroupPart1=FlareSpout
GroupPart1Importance=High
GroupPart1Type=Simple
GroupPart2=pow
GroupPart2Type=Simple
GroupPart3=blade_01
GroupPart3Importance=High
GroupPart3Type=Simple
GroupPart4=magic_02
GroupPart4Importance=High
GroupPart4Type=Simple
GroupPart5=ping_01
GroupPart5Importance=High
GroupPart5Type=Simple
PersistThruDeath=1
SimulateEveryFrame=1

[blade_01]
e-life=0.2
e-rate=3
p-bindtoemitter=1 1
p-flexscale=0.5249999761581421
p-life=0.25
p-rotvel=-1020
p-scale=1.6
p-simpleorient=2
p-texture=MonkeyKing_Skin04_R_Cas_Twirlx4.dds
p-type=1
p-vel=0 870 0
p-xscale=1
p-xscale1=0 1
p-xscale2=0.4 0.7000000000000001
p-xscale3=1 0.5
rendermode=1

[gravity_02]
f-accel=0 -3250 0

[magic_02]
e-life=0.125
e-linger=1.5
e-rate=125
e-rotation1=1
e-rotation1P1=0 0
e-rotation1P2=1 360
field-accel-1=gravity
p-bindtoemitter=1 ,8
p-life=0.4
p-lifeP1=0 0.15
p-lifeP2=1 1
p-offset=20 20 20
p-offsetXP1=0 0
p-offsetXP2=1 1
p-offsetYP1=0 0
p-offsetYP2=1 3
p-postoffset=0 30 0
p-rgba=color-smoke32_07.tga
p-rotvel=1
p-rotvel1=0 0
p-rotvel2=1 0
p-scale=100
p-scaleP1=0 0.25
p-scaleP2=1 0.8500000238418579
p-texture=MonkeyKing_skin04_Flare.dds
p-vel=265 265 265
p-velYP1=0 1.55
p-velYP2=1 0.25
p-xscale=1
p-xscale1=0 1
p-xscale2=0.4 1
p-xscale3=1 0

[ping_01]
e-life=0.15000000596046448
e-rate=10
e-timeoffset=0.1
p-bindtoemitter=1 1
p-colorscale=1 0.4
p-life=0.30000000000000004
p-linger=0
p-postoffset=0 90 0
p-quadrot=45
p-quadrotP1=0 0
p-quadrotP2=1 8
p-rgba=alpha_12.tga
p-scale=200
p-simpleorient=2
p-texture=MonkeyKing_skin04_Q_Tar_Nova.dds
p-xscale=1
p-xscale1=0 0.35
p-xscale2=0.5 0.675000011920929
p-xscale3=1 1

[pow]
e-life=0.11999999731779099
e-local-orient=0
e-rate=4
p-bindtoemitter=1 1
p-flexscale=0.004999999888241291
p-life=0.15000000596046448
p-postoffset=0 20 0
p-quadrot=45
p-rgba=alpha_12.tga
p-scale=260
p-texture=MonkeyKing_skin04_Flare.dds
p-xscale=1
p-xscale1=0 1
p-xscale2=0.5 0.5
p-xscale3=1 0

