[Flares]
e-life=0.25
e-rate=50
e-rotation1=1
e-rotation1P1=0 0
e-rotation1P2=1 360
p-colorscale=1 0.4
p-life=0.5
p-offset=0 350 0
p-offsetXP1=0 0
p-offsetXP2=1 1
p-offsetYP1=0 0
p-offsetYP2=1 1
p-postoffset=0 -200 0
p-rgba=alpha_03.tga
p-rotvel=190
p-rotvelP1=0 -1
p-rotvelP2=1 1
p-scale=40
p-scaleP1=0 0.7
p-scaleP2=1 0.3499999940395355
p-texture=MonkeyKing_Skin04_W_Death_Team_ID_Red_Flare.dds
p-vel=0 0 50
p-xscale=1
p-xscale1=0 1.2
p-xscale2=0.4 0.8
p-xscale3=1 0

[Staff]
e-life=0.2750000059604645
e-rate=2.75
p-bindtoemitter=1 1
p-colortype=1 3
p-life=0.25
p-rgba=MonkeyKing_Skin04_W_Death_Team_ID_Staff_Ramp.dds
p-rotvel=-1020
p-scale=200
p-simpleorient=2
p-texture=MonkeyKing_Skin04_W_Death_Team_ID_Red_Staff.dds
p-type=1
rendermode=1

[System]
GroupPart1=Staff
GroupPart1Importance=High
GroupPart1Type=Simple
GroupPart2=Flares
GroupPart2Importance=High
GroupPart2Type=Simple

[UNKNOWN_HASHES]
unkCAF2912F=0 0 0 0 255
unkCAF29130=0.12 255 255 255 255
unkCAF29131=0.24 211 255 212 255
unkCAF29132=0.35 166 255 154 255
unkCAF29133=0.72 0 255 0 255
unkCAF29134=1 0 0 0 255
