[UNKNOWN_HASHES]
unk030F7E3A=-1
unk03F03B43=0 1 1 1 0
unk03F03B44=0.1 1 1 1 1
unk03F03B45=0.9 1 1 1 1
unk03F03B46=1 1 1 1 0
unk08F6B099=1
unk0957BF81=0
unk0A5EA5B6=1
unk0C0382B6=0
unk0C6E5AF8=1
unk0D207067=color-mana_energy_01.tga
unk0DA21F51=0 0 80
unk0FEF11B6=0.65
unk14383A2C=0 0
unk14383A2D=1 0.25
unk14B649AD=0 0
unk14B649AE=1 0.6
unk1534592E=0 0
unk1534592F=1 1
unk1570B2BA=1
unk158BEC11=0.75
unk1655EA1E=18
unk19D6A7C4=0 0 -500
unk1C06E401=1
unk1FB62FD1=1
unk21A3BE5C=-1
unk239341E0=magicball.sco
unk252845E7=mord_energy_ball_01.tga
unk25CC39BF=3 2
unk2617D62E=color-smoke32_07.tga
unk28665833=1
unk2BC5A0FA=1 1
unk2D692B5E=0.0035000001080334187
unk2E402181=flare-Rainbow_blue_green_01.tga
unk2EAF89D3=0 0.5
unk2EAF89D4=1 1
unk2F14F21C=mordekaiser_props_04.tga
unk2F4D4FE5=45
unk2FAED8FA=0
unk34C0B8F7=2 2 2
unk34EA2A40=20
unk34EAB1C8=0
unk362C9E9C=0 -480
unk362C9E9D=0.5 -480
unk362C9E9E=0.5 480
unk362C9E9F=1 480
unk3E327191=0 0
unk3E327192=1 0.5
unk3EB08112=0 0
unk3EB08113=1 0.8
unk3F1F8FCD=75 0 120
unk3F250F52=0 0.8
unk3F250F53=1 1
unk3F2E9093=0 0
unk3F2E9094=1 1
unk454243AA=1
unk463AB139=0 120 120
unk480B2483=0 250 600
unk49876FAC=65 65 65
unk5211605E=orbit1
unk5253DF0D=0 0 0
unk53A3F941=0 -1
unk53A3F942=1 1
unk542208C2=0 -1
unk542208C3=1 1
unk54660DE3=1
unk54AFCE1E=0
unk556B4677=0 0
unk556B4678=1 360
unk59F5E06E=1 1 1 1
unk5AE12398=0
unk5BD5BD81=0
unk5EEE063D=360 360 360
unk61E1DAA1=1 1
unk62E4A347=1
unk661C3543=orbit1
unk68DAB272=0 0 0
unk69429D93=0 1
unk69429D94=0.7000000000000001 0.5
unk69429D95=1 0
unk714B0368=0 250 700
unk72E25002=0 1
unk72E25003=0.5 1.5
unk72E25004=1 2
unk73192C6D=3
unk740EF7FA=5
unk7552FB66=metal_shards_05.tga
unk75604E43=1 1
unk7C99EA9D=1 1
unk7F657DDD=1 360
unk8026CA45=2.450000047683716
unk8297BB40=0
unk8FCB13AA=1 3
unk936D3629=1
unk956668B1=0 1.2000000000000002
unk956668B2=1 0.2
unkA0AA8DEB=mordakaiser_spike_ball_single_01.sco
unkAD975AF7=4
unkAE1D97BC=0 0
unkAE1D97BD=1 1
unkAE9BA73D=0 0
unkAE9BA73E=1 1
unkAF19B6BE=0 0
unkAF19B6BF=1 1
unkB00AD267=0
unkB03CB58F=0 0
unkB03CB590=1 360
unkB06493C6=0 0 0
unkB1102CF8=0 0.5
unkB1102CF9=1 1
unkB27854C5=0 0.75
unkB27854C6=0.5 1.5
unkB27854C7=1 0.15
unkB28A0EA3=0
unkB46484FA=0 1.1 1.1 1.1
unkB46484FB=0.5 0.7 0.7 0.7
unkB46484FC=1 0.35 0.35 0.35
unkB640793A=0
unkBCBEECA8=75 0 90
unkBF69C4F0=25
unkBF9FDC2C=0 0
unkC185B277=0 0.9
unkC185B278=1 1.4000000000000001
unkC4478A74=0 0
unkC4478A75=1 360
unkC5C4B643=0 0
unkC82D9076=0
unkD4FF429C=up
unkDC794296=0 0.8
unkDC794297=1 1.7000000000000002
unkDCF3B60C=0
unkDD3D283C=1 1
unkDEB65941=0
unkE545466C=1
unkE7289411=0 0 0
unkE90A1781=up
unkEC7B6E0C=0
unkEF6D005B=1
unkF0307878=3
unkF6F7ABEF=0.15000000596046448
unkF7FD51AF=0
unkF98B2EAA=0 0.5
unkF98B2EAB=0.2 1
unkF98B2EAC=1 0.2
unkF9AA9D38=0 1 1 1
unkF9AA9D39=1 0.1 0.1 0.1
unkFB5E8155=28
unkFE6C20CE=1
