[System]
GroupPart1=purple_top
GroupPart1Type=Simple
GroupPart2Type=Simple

[purple_top]
e-life=2.1
e-linger=0
e-local-orient=0
e-rate=10
e-rate1=0 1
e-rate2=0.9 2
e-rate3=1 3
p-bindtoemitter=1 1
p-coloroffset=0 0
p-colorscale=1 1
p-colortype=1 0
p-frameRate=0
p-life=1
p-linger=0
p-numframes=1
p-offset=0 50 0
p-quadrot=1
p-quadrotP1=0 0
p-quadrotP2=1 360
p-rgba=color-bellcurve.tga
p-rotvel=1
p-rotvelP1=0 -1000
p-rotvelP2=0.5 -1000
p-rotvelP3=0.5009999871253967 1000
p-rotvelP4=1 1000
p-scale=100
p-scale1=0 2
p-scale2=1 1
p-simpleorient=2
p-startframe=0
p-texdiv=1 1
p-texture=Morgana_Skin05_R_Tar_Timer_SpinStreak.tga
p-type=1
rendermode=0

[UNKNOWN_HASHES]
unk29856FCA=0 1
unk29856FCB=0.9 2
unk29856FCC=1 3
unk2C007B0A=0
unk2DC31E3F=0
unk3635590F=0 50 0
unk3DE5C5FA=0 0
unk4BC44EE1=1 0
unk68E36CC2=1
unk7239B471=0
unk7B49DBF8=1
unk8761AE43=2.1
unk9172A070=color-bellcurve.tga
unk96BE0EB5=0 0
unk96BE0EB6=1 360
unk9AA81A27=30
unk9F42A626=1 1
unk9F6ED8B8=0
unkA1FD2CF4=1
unkA9523383=1 1
unkAA06F27A=1 1
unkB5E54783=0 -1000
unkB5E54784=0.5 -1000
unkB5E54785=0.5009999871253967 1000
unkB5E54786=1 1000
unkC4EFEBD0=1
unkC5DEA8BF=spinstreak-aqua.tga
unkD23C60A7=0
unkD70D4083=0 0.8
unkD70D4084=1 1
unkE065344E=0
unkE55CCEF3=2
unkF5038B2E=100
unkF76B5C76=1
