[Cap]
e-life=5
e-rate=1
e-uvoffset=1 0
e-uvoffsetXP1=0 0
e-uvoffsetXP2=1 1
p-backfaceon=1
p-bindtoemitter=1 1
p-life=0.5
p-linger=0
p-local-orient=1
p-mesh=Morgana_Skin06_BA_Mis_Cap.scb
p-meshtex=Morgana_Skin06_BA_Mis_Cap.dds
p-meshtex-mult=Morgana_Skin06_BA_Mis_Cap_Mult.dds
p-numframes=8
p-numframes-mult=8
p-offset=0 -100 0
p-quadrot=0 1 0
p-quadrotYP1=0 0
p-quadrotYP2=1 360
p-randomstartframe=1
p-scale=0.7000000000000001 1 0.7000000000000001
p-scaleXP1=0 0.9
p-scaleXP2=1 1.1
p-scaleYP1=0 0.9
p-scaleYP2=1 1.1
p-scaleZP1=0 0.9
p-scaleZP2=1 1.1
p-type=3
p-uvscroll-rgb=0.5 -1
p-uvscroll-rgbXP1=0 -1
p-uvscroll-rgbXP2=1 1
rendermode=1
single-particle=1

[CapAdd]
e-life=5
e-rate=1
e-uvoffset=1 0
e-uvoffsetXP1=0 0
e-uvoffsetXP2=1 1
p-backfaceon=1
p-bindtoemitter=1 1
p-life=0.5
p-linger=0
p-local-orient=1
p-mesh=Morgana_Skin06_BA_Mis_Cap.scb
p-meshtex=Morgana_Skin06_BA_Mis_Cap.dds
p-meshtex-mult=Morgana_Skin06_BA_Mis_Cap_Mult.dds
p-numframes=8
p-numframes-mult=8
p-offset=0 -70 0
p-quadrot=0 1 0
p-quadrotYP1=0 0
p-quadrotYP2=1 360
p-randomstartframe=1
p-scale=0.7000000000000001 1 0.7000000000000001
p-scaleXP1=0 0.9
p-scaleXP2=1 1.1
p-scaleYP1=0 0.9
p-scaleYP2=1 1.1
p-scaleZP1=0 0.9
p-scaleZP2=1 1.1
p-type=3
p-uvscroll-rgb=0.5 -1
p-uvscroll-rgbXP1=0 -1
p-uvscroll-rgbXP2=1 1
rendermode=4
single-particle=1

[Gold]
e-life=1
e-rate=80
e-rotation1=1
e-rotation1-axis=0 0 1
e-rotation1P1=0 0
e-rotation1P2=1 360
e-rotation2=1
e-rotation2-axis=0 1 0
e-rotation2P1=0 0
e-rotation2P2=1 360
p-bindtoemitter=0.1 0
p-colortype=1 3
p-drag=2 2 2
p-life=0.5
p-lifeP1=0 0.4
p-lifeP2=0.7000000000000001 0.7000000000000001
p-lifeP3=1 1
p-numframes=4
p-offset=5 0 0
p-offsetXP1=0 0.8
p-offsetXP2=1 1
p-orbitvel=5 0 0
p-orbitvelXP1=0 1
p-orbitvelXP2=1 -1
p-quadrot=1 0 0
p-quadrotXP1=0 0
p-quadrotXP2=1 360
p-randomstartframe=1
p-rotvel=1 0 0
p-rotvelXP1=0 -300
p-rotvelXP2=1 300
p-scale=8 8 8
p-scaleXP1=0 0.25
p-scaleXP2=1 1.5
p-scaleYP1=0 0.25
p-scaleYP2=1 1.5
p-texdiv=2 2
p-texture=Morgana_Skin06_GoldSparkle.dds
p-vel=180 0 0
p-xscale=1 1 1
p-xscale1=0.007 0 0 0
p-xscale2=0.10999999940395355 1 1 1
p-xscale3=0.20499999821186066 0.5320000052452087 0.5320000052452087 0.5320000052452087
p-xscale4=0.35199999809265137 1.350000023841858 1.350000023841858 1.350000023841858
p-xscale5=0.5049999952316284 0.4129999876022339 0.4129999876022339 0.4129999876022339
p-xscale6=0.6779999732971191 1.5 1.5 1.5
p-xscale7=0.800000011920929 0.5519999861717224 0.5519999861717224 0.5519999861717224
p-xscale8=0.8920000195503235 1 1 1
p-xscale9=1 0 0 0
rendermode=1
uniformscale=1

[System]
GroupPart1=trail
GroupPart2=Gold
GroupPart3=Cap
GroupPart3Importance=High
GroupPart4=CapAdd
GroupPart4Importance=High
SimulateEveryFrame=1

[trail]
e-local-orient=0
e-rate=100
e-tilesize=100 0 0
e-trail-cutoff=1000
p-life=0.7000000000000001
p-linger=0.7000000000000001
p-local-orient=1
p-numframes-mult=16
p-randomstartframe=1
p-randomstartframe-mult=1
p-scale=60 60 60
p-texdiv=8 1
p-texdiv-mult=1 4
p-texture=Morgana_Skin06_BA_Mis_BlueTrail.dds
p-texture-mult=Morgana_Skin06_BA_Mis_BlueTrail_Mult.dds
p-trailmode=1
p-type=4
p-uvscroll-rgb=-1.5 0
p-uvscroll-rgb-mult=-0.5 1
p-uvscroll-rgb-multXP1=0 -1
p-uvscroll-rgb-multXP2=0.49000000953674316 -0.699999988079071
p-uvscroll-rgb-multXP3=0.5 0.7000000000000001
p-uvscroll-rgb-multXP4=1 1
p-uvscroll-rgb-multYP1=0 0.5
p-uvscroll-rgb-multYP2=1 1
p-xrgba=1 1 1 1
p-xrgba1=0 1 1 1 1
p-xrgba2=0.05 1 1 1 1
p-xrgba3=0.5 1 1 1 1
p-xrgba4=0.6 1 1 1 0
p-xrgba5=1 1 0 0 0
p-xscale=1 1 1
p-xscale1=0 1 1 1
p-xscale2=0.1 1 1 1
p-xscale3=0.6 0 0 0
pass=1
rendermode=1

[UNKNOWN_HASHES]
unk57F893C1=1
unkAC2DF104=1
