[Drag]
f-drag=3
f-radius=1000

[Flash]
e-life=1.2000000000000002
e-local-orient=0
e-rate=2
flag-disable-z=1
p-bindtoemitter=1 1
p-flexoffset=0.004999999888241291
p-flexscale=0.004999999888241291
p-life=0.2
p-offset=0 150 0
p-quadrot=1
p-quadrotP1=0 0
p-quadrotP2=1 360
p-rgba=color-rampdown.tga
p-scale=120
p-scaleP1=0 0.5
p-scaleP2=1 1.5
p-texture=Morgana_Skin06_Q_Tar_Hot.dds
p-xrgba=0 0.666667 1 1
p-xscale=1
p-xscale1=0 3
p-xscale2=1 1
single-particle=1

[Gold]
KeywordsExcluded=GhostBrideMorgana
e-life=1.2000000000000002
e-local-orient=0
e-rate=50
e-rotation1=1
e-rotation1-axis=0 0 1
e-rotation1P1=0 80
e-rotation1P2=1 90
e-rotation2=1
e-rotation2P1=0 0
e-rotation2P2=1 360
field-drag-1=Drag
field-noise-1=noise
p-bindtoemitter=1 0
p-colortype=1 3
p-flexoffset=0.004999999888241291
p-life=1
p-lifeP1=0 0.5
p-lifeP2=0.8 1
p-lifeP3=1 1.5
p-linger=2
p-numframes=4
p-offset=30 0 0
p-offsetXP1=0 0
p-offsetXP2=1 1
p-postoffset=0 150 0
p-quadrot=1
p-quadrotP1=0 0
p-quadrotP2=1 360
p-randomstartframe=1
p-rotvel=250
p-rotvelP1=0 -1
p-rotvelP2=1 1
p-scale=10
p-scaleP1=0 0.25
p-scaleP2=1 1.5
p-texdiv=2 2
p-texture=Morgana_Skin06_GoldSparkle.dds
p-vel=0 0 700
p-velZP1=0 0.5
p-velZP2=1 1
p-xscale=1
p-xscale1=0.007 0
p-xscale2=0.20000000298023224 0.4129999876022339
p-xscale3=0.4 1.5
p-xscale4=0.6000000238418579 0.5519999861717224
p-xscale5=0.8920000195503235 1
p-xscale6=1 0
rendermode=1
uniformscale=1

[GoldAdd]
KeywordsExcluded=GhostBrideMorgana
e-life=1.2000000000000002
e-local-orient=0
e-rate=50
e-rotation1=1
e-rotation1-axis=0 0 1
e-rotation1P1=0 80
e-rotation1P2=1 90
e-rotation2=1
e-rotation2P1=0 0
e-rotation2P2=1 360
field-drag-1=Drag
field-noise-1=noise
p-bindtoemitter=1 0
p-colortype=1 3
p-flexoffset=0.004999999888241291
p-life=1
p-lifeP1=0 0.5
p-lifeP2=0.8 1
p-lifeP3=1 1.5
p-linger=2
p-numframes=4
p-offset=30 0 0
p-offsetXP1=0 0
p-offsetXP2=1 1
p-postoffset=0 150 0
p-quadrot=1
p-quadrotP1=0 0
p-quadrotP2=1 360
p-randomstartframe=1
p-rotvel=250
p-rotvelP1=0 -1
p-rotvelP2=1 1
p-scale=10
p-scaleP1=0 0.25
p-scaleP2=1 1.5
p-texdiv=2 2
p-texture=Morgana_Skin06_GoldSparkle.dds
p-vel=0 0 700
p-velZP1=0 0.5
p-velZP2=1 1
p-xscale=1
p-xscale1=0.007 0
p-xscale2=0.20000000298023224 0.4129999876022339
p-xscale3=0.4 1.5
p-xscale4=0.6000000238418579 0.5519999861717224
p-xscale5=0.8920000195503235 1
p-xscale6=1 0
rendermode=4
uniformscale=1

[System]
GroupPart1=Flash
GroupPart1Type=Simple
GroupPart2=Gold
GroupPart2Importance=High
GroupPart2Type=Simple
GroupPart3=GoldAdd
GroupPart3Importance=High
GroupPart3Type=Simple
SimulateEveryFrame=1
SoundPersistent=Play_sfx_Morgana_SoulShackles_hit

[UNKNOWN_HASHES]
unk17F4B767=6
unk8AA264C9=1
unkEE8224C5=1000
