[System]
GroupPart1=wisps
GroupPart2=ember
SimulateEveryFrame=1

[ember]
e-life=-1
e-rate=7
e-rgba=255 255 255 255
p-bindtoemitter=1
p-life=2
p-lifeP1=0 0.8
p-lifeP2=1 1
p-offset=60 130 60
p-offsetXP1=0 -1
p-offsetXP2=1 1
p-offsetYP1=0 0.1
p-offsetYP2=1 1
p-offsetZP1=0 -1
p-offsetZP2=1 1
p-quadrot=1 0 0
p-quadrotXP1=0 1
p-quadrotXP2=1 360
p-scale=120 120 60
p-scaleXP1=0 0.6000000000000001
p-scaleXP2=1 1
p-scaleYP1=0 0.6000000000000001
p-scaleYP2=1 1
p-scaleZP1=0 0.6000000000000001
p-scaleZP2=1 1
p-texture=Morgana_Skin05_Idle1_Ember_Buf.tga
p-type=0
p-uvscroll-no-alpha=1
p-vel=0 50 0
p-velYP1=0 0.5
p-velYP2=1 1
p-xrgba1=0 1 1 1 0
p-xrgba2=0.3 1 1 1 0.3
p-xrgba3=0.6 1 1 1 1
p-xrgba4=1 1 1 1 0
p-xscale1=0 1 1 1
p-xscale2=0.6000000000000001 0.30000000000000004 0.30000000000000004 0.30000000000000004
p-xscale3=1 0 0 0
pass=1
rendermode=2
uniformscale=1

[wisps]
e-life=-1
e-local-orient=0
e-rate=25
e-rgba=255 255 255 255
e-uvoffset=1 1
e-uvoffsetXP1=0 -1
e-uvoffsetXP2=1 1
e-uvoffsetYP1=0 -1
e-uvoffsetYP2=1 1
p-life=1
p-lifeP1=0 0.5
p-lifeP2=1 1
p-local-orient=0
p-offset=0 120 0
p-offsetYP1=0 0.1
p-offsetYP2=1 1
p-quadrot=90 1 0
p-quadrotYP1=0 1
p-quadrotYP2=1 360
p-scale=80 80 80
p-texture=Morgana_Skin05_Idle1_Wisps_Buf.tga
p-texture-mult=Morgana_Skin05_Idle1_Wisps_Buf_Mult.tga
p-type=1
p-uvscroll-no-alpha=1
p-uvscroll-rgb=0 0.30000000000000004
p-uvscroll-rgb-mult=0 0.2
p-uvscroll-rgb-multXP1=0 -1
p-uvscroll-rgb-multXP2=1 1
p-uvscroll-rgb-multYP1=0 -1
p-uvscroll-rgb-multYP2=1 1
p-uvscroll-rgbXP1=0 -1
p-uvscroll-rgbXP2=1 1
p-uvscroll-rgbYP1=0 -1
p-uvscroll-rgbYP2=1 1
p-vel=0 0 0
p-velYP1=0 0.5
p-velYP2=1 1
p-xrgba1=0 1 1 1 0
p-xrgba2=0.2 1 1 1 0.5
p-xrgba3=1 0 0 1 0
p-xscale1=0 1 1 1
p-xscale2=1 1.3 1.3 1.3
pass=1
rendermode=4

[UNKNOWN_HASHES]
unk7CC609ED=0 1 1 1 0.5
unk7CC609EE=1 1 1 1 1
unkECA1A6CA=0 1 1 1 0.5
unkECA1A6CB=1 1 1 1 1
