[System]
GroupPart1=placeholder
GroupPart1Type=Simple
GroupPart2=flash
GroupPart2Importance=High
GroupPart2Type=Simple
PersistThruDeath=1
SimulateEveryFrame=1

[flash]
e-life=0.1
e-linger=0
e-local-orient=1
e-rate=8
e-rgba=255 255 255 255
p-bindtoemitter=0
p-colorscale=1 1
p-colortype=1 0
p-flexoffset=200
p-flexscale=0.525
p-life=0.11999999731779099
p-linger=0
p-postoffset=0 50 0
p-quadrot=1
p-quadrotP1=0 1
p-quadrotP2=1 360
p-scale=1.1
p-scaleP1=0 0.9
p-scaleP2=1 1.1
p-startframe=1
p-texture=sharp_flash_05.tga
p-type=0
p-xscale=1
p-xscale1=0 1
p-xscale2=0.1 2
p-xscale3=1 0.30000000000000004
rendermode=0

[placeholder]
e-life=0.1
e-linger=-1
e-rate=1
p-life=0.05
p-rgba=color-hold.tga
p-scale=0
p-texture=missing_instant.tga
p-type=0
single-particle=1

[UNKNOWN_HASHES]
unk082CACDB=0 0 0 0
unk082CACDC=1 0 0 180
unk156848C6=gravity
unk1589C4EF=0 1
unk1589C4F0=0.4 1
unk1589C4F1=1 0
unk24741BF8=1
unk26A8971E=1.5
unk30DD7523=20 20 20
unk3A403556=0 0
unk3A403557=1 1
unk3ABE44D7=0 0
unk3ABE44D8=1 3
unk638B88D6=1
unk642F2A1A=60
unk6D7015E0=0
unk806EFEAD=265 265 265
unk8231B966=1 ,8
unk915191AB=flare-Rainbow_white_05.tga
unkA25002CD=0 1.5499999523162842
unkA25002CE=1 0.25
unkA974AE63=0 30 0
unkB34397CD=0 0.15
unkB34397CE=1 1
unkCAABC20C=0.4
unkD6C39457=0.125
unkD7032BC2=1
unkE0D48684=alpha_12.tga
unkEA0A003B=125
unkF0A5BBB9=0 0
unkF0A5BBBA=1 360
unkF877D8DB=0 0.25
unkF877D8DC=1 0.85
