[UNKNOWN_HASHES]
unk027403EC=5
unk10F0543C=0 1 1 1 0
unk10F0543D=0.4999259 1 1 1 1.000963
unk10F0543E=1 1 1 1 0
unk15121C8A=0 0
unk15121C8B=1 360
unk15902C0B=0 0
unk15902C0C=1 360
unk160E3B8C=0 0
unk160E3B8D=1 360
unk18948873=100 100 100
unk26D6C0BD=0 0 200
unk2902F935=1 1 1 1
unk3D220E71=1
unk522BA340=0 0
unk522BA341=1 360
unk52A9B2C1=0 0
unk52A9B2C2=1 360
unk5327C242=0 0
unk5327C243=1 360
unk59CC3D73=1
unk5F37463B=1
unk65E40FBE=1
unk69F712A9=100 100 100
unk792A7BA2=20
unk7A65836B=1 1 1 1
unk7D2C7584=0
unk842EA6EF=1 0 1
unk8B48BD3C=0 -1
unk8B48BD3D=1 1
unk8BC6CCBD=0 -1
unk8BC6CCBE=1 1
unk8C44DC3E=0 -1
unk8C44DC3F=1 1
unkA2665786=0 1 1 1 0
unkA2665787=0.4999259 1 1 1 1.000963
unkA2665788=1 1 1 1 0
unkA81022BA=BlackCleaver01.tga
unkB25EACA7=1
unkB4D9D7B9=1 0 1
unkB84CC407=0 0 500
unkD5EDBDF1=1
unkD72291F0=1
unkD8BB5384=BlackCleaver01.tga
unkE315C5BD=1
unkEBB6723A=0
unkEF2D9808=1
unkF428AD0A=0 100 0
unkF9BD5172=0 -1
unkF9BD5173=1 1
unkFA3B60F3=0 -1
unkFA3B60F4=1 1
unkFAB97074=0 -1
unkFAB97075=1 1
