[System]
GroupPart1Importance=High
GroupPart2Importance=High
SimulateEveryFrame=1

[UNKNOWN_HASHES]
unk083A5156=40 1 1
unk0A9149C5=0
unk0F588C4E=6
unk183A0DB3=1 1
unk194911E3=0 400 1
unk1A4B2114=3 0
unk1FE569FE=1 1
unk31C4DAE7=NightmareBotSpiritViktorGemBeam_red.tga
unk340B5620=MakerViktor
unk3E895C6B=MakerViktor
unk40C086A4=0
unk4EB2EE10=0.5 1
unk508F89F8=1
unk5F3D3090=0
unk6DF4F8AE=0 400 1
unk6FC97A05=0.5
unk73780898=0 1
unk73780899=1 2
unk779D1B34=0
unk7BE14C50=0.009999999776482582
unk85F23E7D=color-rampdown.tga
unk8F27B834=4
unk93370BD0=0.5
unk9376BE03=1
unk9EE43817=0 1
unk9EE43818=1 2
unk9F4EDE1B=0.009999999776482582
unkA092B1AD=1
unkA3C21F5B=0.5 1
unkA4F7E297=0
unkA6BA85CC=0
unkA95FD048=color-rampdown.tga
unkAB40AEAD=0 0
unkACA33EE2=0
unkAE65E217=0
unkAF2CC09C=0 0 0
unkB277785B=1
unkB29549FF=4
unkB5ECB426=1
unkB63768A2=1
unkB6D81CE7=0 0 0
unkBE787061=10 1 1
unkBEEC598C=0 1
unkBEEC598D=1 2
unkC823EF63=0 1
unkC823EF64=1 2
unkCB48D022=0 0
unkCCAC4C7F=0
unkD763ED09=3 0
unkEBEAFA83=6
unkEBF18837=-2 0
unkEF66C402=-2 0
unkF24E2472=NightmareBotSpiritViktorGemBeam_red.tga
unkFDD95299=0
