[Sphere]
e-life=1
e-rate=1
p-fresnel=1
p-fresnel-color=-1 -1 -1 -1
p-life=0.30000000000000004
p-mesh=vertexFresnel_test.scb
p-meshtex=color-hold.tga
p-offset=0 100 0
p-scale=6 6 6
p-type=3
p-xrgba=1 1 1 1
p-xrgba1=0 1 1 1 0
p-xrgba2=0.1 1 1 1 1
p-xrgba3=1 1 1 1 0
p-xscale1=0 0.3 0.3 0.3
p-xscale2=0.30000000000000004 0.9 0.9 0.9
p-xscale3=1 1 1 1
rendermode=0
single-particle=1

[System]
GroupPart1=Sphere
SimulateEveryFrame=1

