[System]
GroupPart1=ring
GroupPart1Type=Simple
GroupPart2Type=Simple
GroupPart3=flare
GroupPart3Type=Complex
GroupPart4=distortionHit
GroupPart4Type=Simple
SimulateEveryFrame=1

[distortionHit]
e-life=0.15
e-local-orient=2
e-rate=200
flag-disable-z=1
p-bindtoemitter=1 1
p-coloroffset=0.30000000000000004 0
p-colorscale=0.7000000000000001 1
p-colortype=1 0
p-distortion-mode=2
p-distortion-power=1
p-life=0.1
p-normal-map=distortion_soundwaves_01.tga
p-offset=0 0 10
p-rgba=alpha_20.tga
p-scale=80 0 0
p-simpleorient=2
p-texture=Aura_Self_02.tga
p-type=1
p-xscale=1
p-xscale1=0 1
p-xscale2=1 0
pass=100
rendermode=1

[flare]
e-life=0.1
e-linger=0.1
e-local-orient=2
e-rate=20
p-bindtoemitter=1 1
p-colorscale=1 0.2
p-colortype=1 0
p-life=0.30000000000000004
p-offset=0 0 10
p-quadrot=0 0 180
p-quadrotP1=0 0
p-quadrotP2=1 360
p-rgba=color-rampdown.tga
p-scale=200 80 60
p-simpleorient=2
p-texture=Flare-Rainbow_red_04.tga
p-type=0
p-xscale=1 1 1
p-xscale1=0 2 0.1 2
p-xscale2=0.6 1 0.1 1
p-xscale3=1 0 0 0
pass=100
rendermode=0

[ring]
e-life=0.1
e-rate=1
p-bindtoemitter=1 1
p-frameRate=0
p-life=0.30000000000000004
p-numframes=1
p-offset=-20 0 0
p-randomstartframe=1
p-rgba=color-rampdown.tga
p-scale=120
p-startframe=0
p-texdiv=1 1
p-texture=ezreal_pulsefire_flare_RED_a01.tga
p-type=0
p-xscale1=0 0
p-xscale2=0.2 1
p-xscale3=1 4
pass=100
rendermode=0
single-particle=1

[UNKNOWN_HASHES]
unk02259F35=1
unk02272AF8=2
unk05AB4C53=0
unk0683053D=1 1
unk09748996=0.3199999928474426
unk10A54535=0
unk117C39EA=0 0 10
unk120542AC=0 1 0 0
unk120542AD=1 1 1 1
unk158C5BE1=4
unk19AC168F=0.4
unk1F9D4E0E=color-rampdown.tga
unk216331E8=0 1.5
unk216331E9=0.5 0
unk2468125C=0 0
unk2468125D=1 360
unk24E621DD=0 0
unk24E621DE=1 360
unk2564315E=0 0
unk2564315F=1 360
unk25C3E8DA=0.30000000000000004
unk26AF0E66=0 0 0
unk28D2C7C5=10
unk29C6F657=10 70 70
unk2A53CBA3=0
unk2A8BA40D=0 0.1
unk2A8BA40E=1 1.5
unk2B09B38E=0 0.2
unk2B09B38F=1 1.149999976158142
unk2B43EF2C=100
unk35299F79=0 0
unk35299F7A=1 360
unk368ED3BF=1 0.2
unk36B464C4=1 1
unk390A54BE=300
unk39C31C4F=0
unk3BECAD52=255 255 255 255
unk40F50262=2 3
unk43EE0691=-20 -20 0
unk4CCEBC68=1
unk4DB2C4E5=0 0
unk4DB2C4E6=0.2 1
unk4DB2C4E7=1 4
unk580B8F01=0 1 1 0
unk580B8F02=0.5 1.5 1.5 1.5
unk580B8F03=1 0 2 0
unk586183B2=1
unk59CA5FF2=220 220 220
unk5D2FC393=150
unk5F7900E3=5
unk63103A53=0.15000000596046448
unk635B7C94=1
unk67BD5D2C=10 150 0
unk686C72CB=100
unk69AD9634=0.2
unk69EB939D=1 1 1
unk6BAF2856=0
unk6CEE595E=1 0.2
unk6F280C9E=0.3199999928474426
unk71378EC7=0 1
unk71378EC8=1 3
unk75C5687F=0.15000000596046448
unk7938FECB=color-rampdown.tga
unk794982D9=1
unk7A898701=2 3
unk7FD65AAC=color-hotshotpurple.tga
unk826E7882=12
unk85960A14=0
unk8605AA7A=0.85
unk88FA0246=1 0
unk890BD463=10
unk8DCD0F68=ball03.tga
unk8F2D685C=1 1
unk921D7CC5=4
unk9340DA21=0.30000000000000004
unk940280E5=1
unk95CD970D=2
unk95D88682=0
unk960AF38E=100
unk9C2E6EF2=color-rampup.tga
unk9D2AFEA4=ryzebasicattack.tga
unk9D75B826=100 -30 -30
unk9F177ED0=2
unk9F224510=20
unkA4EB20DF=1 1
unkA563E8A9=20
unkA879AD07=100
unkAB5F4672=100
unkACFB53A8=1 1
unkAF6F67D6=0
unkAFF1DFF2=91 1 1
unkB08D569A=0
unkB312C145=0
unkBA3D5F58=0 1 0 1 0
unkBA3D5F59=0.5 1 0 1 1
unkBA3D5F5A=0.8 1 1 1 1
unkBC1C2548=0 0
unkBC1C2549=1 360
unkC1A4E53A=0
unkC39362DF=1 0
unkC91DDFB8=1
unkC97A91A1=Flare-Rainbow_red_04.tga
unkCAFA48BE=0
unkCDA717AD=-20 -20 0
unkCDB2D746=0.15000000596046448
unkD3D35BBD=ezreal_pulsefire_rays_01.tga
unkD3F3C21A=0 0
unkD3F3C21B=1 360
unkD7E7B54B=0 0 0
unkDF31BAD1=0
unkE2694878=1 1
unkE4C5EE05=0 1 0.5 0.5
unkE4C5EE06=0.7 0.2 1 1
unkE4C5EE07=1 1.25 1.25 1.25
unkE5CF16B2=0
unkEA2FDFA5=1 0
unkECFF5B83=ryzebasicattack.tga
unkF11CFC13=0
unkF33ED6F4=0
unkF3DB3F3E=1 1
