[System]
GroupPart1=blade1
GroupPart1Importance=High
GroupPart1Type=Simple
GroupPart2=blade2
GroupPart2Importance=High
GroupPart2Type=Simple
SimulateEveryFrame=1

[blade1]
e-life=-1
e-linger=0
e-local-orient=0
e-rate=1
p-bindtoemitter=1 1
p-coloroffset=0 0
p-colorscale=1 0.1
p-colortype=1 0
p-life=4
p-linger=0
p-offset=0 0 0
p-postoffset=-70 0 0
p-quadrot=-90
p-rgba=color-cardbits.tga
p-rotvel=10
p-scale=70
p-scalebias=1 3
p-simpleorient=2
p-texture=Nocturne_Cyber_R_targeting.tga
p-type=1
p-vel=6 0 -10
rendermode=0
single-particle=1

[blade2]
e-life=-1
e-linger=0
e-local-orient=0
e-rate=1
p-bindtoemitter=1 1
p-coloroffset=0 0
p-colorscale=1 0.1
p-colortype=1 0
p-life=4
p-linger=0
p-offset=0 0 0
p-postoffset=70 0 0
p-quadrot=-90
p-rgba=color-cardbits.tga
p-rotvel=-10
p-scale=70
p-scalebias=-1 3
p-simpleorient=2
p-texture=Nocturne_Cyber_R_targeting.tga
p-type=1
p-vel=-6 0 -10
rendermode=0
single-particle=1

[UNKNOWN_HASHES]
unk01718C25=0
unk03342F5A=0
unk055D06BD=-60
unk0BA66A2A=0 0 0
unk10B703F1=7
unk13931332=1
unk22BA7FC1=50
unk2947B534=160 160 0
unk348F75B9=0
unk37280206=1 2
unk38B30C53=1
unk3D01B089=0 0 0
unk3EEC60E0=100
unk4A00499E=1 0.1
unk4DDA6309=0 1
unk4DDA630A=1 0.7000000000000001
unk5DCCDE64=arrow_indicator_03.tga
unk5F2D0FC1=100
unk5FDE8A93=0.2
unk62452533=1
unk65FEC0C8=0 1
unk65FEC0C9=1 0.7000000000000001
unk6A01609F=1 1
unk6BF65CDE=-1
unk6BFA4000=100
unk6FAFC43C=60
unk76074F0B=AlphaStrike_prison__ball__p-rgba.tga
unk783CD072=10
unk79785F42=50
unk7F3CC8C2=5
unk82119080=1 1
unk83EE7662=50
unk8454A2BD=1
unk86E25FBF=1 1
unk94958373=10
unk979B0EA1=1
unk9BABC3C9=0 0 0
unk9CB4B4C8=0
unkA0AD55BE=1
unkA1AC4F6D=0
unkB3F3C1A2=1
unkBAE57932=1
unkBFB64871=1
unkC9A22FC5=gear_05.tga
unkCA3CB83A=0
unkCE9F3C6A=0 0 0
unkD61CC273=90 90 0
unkDC000B11=7
unkDC0125C9=0
unkDCB5F6C7=0 0 0
unkDED8369F=0 0.9
unkE0F8C06E=0
unkE1C68D84=gear_05.tga
unkE4358353=105 105 0
unkECB3ECE9=0
unkF1AB878E=0
unkF45E50F0=7
