[System]
GroupPart4=frost_spirit1
GroupPart5=frost_spirit2
GroupPart6=frost-spirit3
GroupPart7=snowflakes
GroupPart7Type=Simple
SimulateEveryFrame=1

[frost_spirit1]
e-life=1
e-linger=0
e-rate=1e
e-uvoffset=0.6000000000000001 0
p-bindtoemitter=0
p-coloroffset=0 0
p-colorscale=1 0.4
p-colortype=1 0
p-life=2
p-mesh=shockwave.sco
p-meshtex=nitemarespiritfrost.tga
p-offset=0 10 0e
p-rgba=color-distortbell32.tga
p-rotvel=0 -200 0
p-scale=25 25 25
p-shadow=0
p-texdiv=1 1
p-type=3
p-uvscroll-rgb=-1.2000000476837158 -0.30000001192092896
p-xscale1=0 1 1 1
p-xscale2=1 0.5 0.5 0.5
rendermode=1
single-particle=1

[frost_spirit2]
e-life=1
e-linger=0
e-rate=1
e-uvoffset=0 0
p-bindtoemitter=0
p-coloroffset=0 0
p-colorscale=1 0.4
p-colortype=1 0
p-life=2
p-mesh=shockwave.sco
p-meshtex=nitemarespiritfrost.tga
p-offset=0 30 0
p-rgba=color-distortbell32.tga
p-rotvel=0 -200 0
p-scale=18 18 18
p-shadow=0
p-texdiv=1 1
p-type=3
p-uvscroll-rgb=-1 -0.30000001192092896
p-xscale1=0 1 1 1
p-xscale2=1 0.5 0.5 0.5
rendermode=1
single-particle=1

[snowflakes]
e-life=-1
e-linger=0
e-local-orient=1
e-rate=25
p-bindtoemitter=0 0
p-frameRate=4
p-life=0.45
p-lifeP1=0 0.8
p-lifeP2=1 1.5
p-linger=0
p-offset=1 50 1
p-offsetXP1=0 -100
p-offsetXP2=1 100
p-offsetZP1=0 -100
p-offsetZP2=1 100
p-postoffset=0 -40 0
p-quadrot=1
p-quadrotP1=0 -360
p-quadrotP2=1 360
p-rgba=alpha_02_fade.tga
p-scale=1
p-scaleP1=0 10
p-scaleP2=1 30
p-shadow=0
p-texture=AbsoluteZero05.tga
p-vel=0 0 1
p-velZP1=0 -100
p-velZP2=0.5 -50
p-velZP3=0.5099999904632568 50
p-velZP4=1 100
p-xscale=1 1 1
p-xscale1=0 0
p-xscale2=0.7000000000000001 0.8
p-xscale3=1 0.2
rendermode=0

[UNKNOWN_HASHES]
unk0DA97AAA=1 1
unk2C401D5D=1 0
unk2C5D32FA=3
unk3E6A1676=0 0
unk49E9287F=0 1 1 1
unk49E92880=1 0.5 0.5 0.5
unk4A72C4F6=0
unk6809B91A=nitemarespiritfrost.tga
unk8346ADA8=1
unk8AEB12AE=-1.2999999523162842 -0.30000001192092896
unk952B76C0=0
unk9A674F8E=0
unkA113C09F=0.5 0
unkA49C2D93=0 50 0
unkB03BB27C=2
unkB6460407=1 0.4
unkBC5384C7=1
unkC66476F4=color-distortbell32.tga
unkCF99F0AB=1
unkD30B55AA=14 14 14
unkD74A4146=0 -200 0
unkDCD7486D=shockwave.sco
unkE0ABAB3C=1
