[System]
GroupPart1Importance=High
GroupPart1Type=Simple
GroupPart2=voidbase-vert
GroupPart2Type=Simple
GroupPart3=voidbase-horiz
GroupPart3Type=Simple
GroupPart4=voidbase-linebend
GroupPart4Type=Simple
SimulateEveryFrame=1

[voidbase-horiz]
KeywordsRequired=VoidNocturne
e-life=-1
e-local-orient=0
e-rate=20
e-rotation1=90
p-bindtoemitter=0 0
p-colorscale=1 0.7000000000000001
p-colortype=1 0
p-frameRate=0
p-life=1
p-lifeP1=0 0.5
p-lifeP2=1 1
p-numframes=1
p-offset=1 0 1
p-offsetXP1=0 -100
p-offsetXP2=0.10000000149011612 -30
p-offsetXP3=0.30000001192092896 -10
p-offsetXP4=0.8 10
p-offsetXP5=0.8999999761581421 30
p-offsetXP6=1 100
p-offsetZP1=0 -100
p-offsetZP2=0.20000000298023224 -30
p-offsetZP3=0.4000000059604645 -10
p-offsetZP4=0.6000000000000001 10
p-offsetZP5=0.800000011920929 30
p-offsetZP6=1 100
p-postoffset=0 0 0
p-quadrot=90
p-rgba=color-beacontrail.tga
p-scale=20
p-scalebias=1 0.05000000074505806
p-simpleorient=2
p-startframe=0
p-texdiv=1 1
p-texture=color-bellcurve.tga
p-type=1
p-vel=0 0 100
p-velZP1=0 -1
p-velZP2=0.5 -0.5
p-velZP3=0.5099999904632568 0.5
p-velZP4=1 1
p-xscale1=0 0
p-xscale2=0.30000000000000004 1
p-xscale3=0.6000000000000001 1
p-xscale4=1 0
rendermode=0

[voidbase-linebend]
KeywordsRequired=VoidNocturne
e-life=-1
e-local-orient=0
e-rate=20
e-uvoffset=0 0
p-backfaceon=1
p-bindtoemitter=0 0
p-colorscale=1 0.7000000000000001
p-colortype=1 0
p-frameRate=0
p-life=1
p-lifeP1=0 0.5
p-lifeP2=1 1
p-mesh=raybend.sco
p-meshtex=voidline.tga
p-numframes=1
p-offset=1 1 1
p-offsetXP1=0 -100
p-offsetXP2=0.10000000149011612 -30
p-offsetXP3=0.30000001192092896 -10
p-offsetXP4=0.8 10
p-offsetXP5=0.8999999761581421 30
p-offsetXP6=1 100
p-offsetZP1=0 -100
p-offsetZP2=0.20000000298023224 -30
p-offsetZP3=0.4000000059604645 -10
p-offsetZP4=0.6000000000000001 10
p-offsetZP5=0.800000011920929 30
p-offsetZP6=1 100
p-postoffset=0 0 0
p-quadrot=90
p-quadrotP1=0 0
p-quadrotP2=0.25 0
p-quadrotP3=0.25999999046325684 1
p-quadrotP4=0.5 1
p-quadrotP5=0.5099999904632568 2
p-quadrotP6=0.75 2
p-quadrotP7=0.7599999904632568 3
p-quadrotP8=1 3
p-rgba=color-beacontrail.tga
p-scale=40
p-simpleorient=2
p-startframe=0
p-texdiv=1 1
p-texture=voidline.tga
p-type=3
p-uvscroll-rgb=0 0.8
rendermode=0

[voidbase-vert]
KeywordsRequired=VoidNocturne
e-life=-1
e-local-orient=0
e-rate=20
p-bindtoemitter=0 0
p-colorscale=1 0.7000000000000001
p-colortype=1 0
p-frameRate=0
p-life=1
p-lifeP1=0 0.5
p-lifeP2=1 1
p-numframes=1
p-offset=1 0 1
p-offsetXP1=0 -100
p-offsetXP2=0.10000000149011612 -30
p-offsetXP3=0.30000001192092896 -10
p-offsetXP4=0.8 10
p-offsetXP5=0.8999999761581421 30
p-offsetXP6=1 100
p-offsetZP1=0 -100
p-offsetZP2=0.20000000298023224 -30
p-offsetZP3=0.4000000059604645 -10
p-offsetZP4=0.6000000000000001 10
p-offsetZP5=0.800000011920929 30
p-offsetZP6=1 100
p-postoffset=0 0 0
p-rgba=color-beacontrail.tga
p-scale=20
p-scalebias=1 0.05000000074505806
p-simpleorient=2
p-startframe=0
p-texdiv=1 1
p-texture=color-bellcurve.tga
p-type=1
p-vel=0 0 100
p-velZP1=0 -1
p-velZP2=0.5 -0.5
p-velZP3=0.5099999904632568 0.5
p-velZP4=1 1
p-xscale1=0 0
p-xscale2=0.30000000000000004 1
p-xscale3=0.6000000000000001 1
p-xscale4=1 0
rendermode=0

[UNKNOWN_HASHES]
unk00894290=1 1
unk03CF51DA=color-rampdown.tga
unk0B319CB2=VoidNocturne
unk0D04CB91=20
unk2A0521F7=0 0
unk2E5C25ED=0.7000000000000001 1
unk2EC7AB0A=0 0 0
unk507A8787=0
unk52A926D5=clouddome.tga
unk57465311=0
unk69C80DE0=1
unk977BF579=0 0 0
unkA330BEE6=1
unkB2FB18B9=0 0 0
unkC359E022=0
unkCB3D3444=120
unkCFC891B8=1
unkD4C02C5D=2
unkE64D1D5A=-10
unkEDA68D62=0.05000000074505806
unkF0E4EF90=1 1
unkF9BE5FAD=-1
