[UNKNOWN_HASHES]
unk00EE8D29=0 1 1 1 0
unk00EE8D2A=0.2 1 1 0 0.4
unk00EE8D2B=0.5 1 1 1 0.3
unk00EE8D2C=0.75 1 1 0 0.3
unk00EE8D2D=0.88 1 1 0 0.4
unk00EE8D2E=1 1 1 1 0
unk010DB645=0 0.3 0.1 0.9 0
unk010DB646=0.2 0.6 0.5 0 0.4
unk010DB647=0.5 1 1 1 0.4
unk010DB648=0.6 0.9 1 0 0.4
unk010DB649=0.9 0.9 1 0 0
unk010DB64A=1 0.8 0.8 1 0
unk01F71B2D=1 0
unk032D3524=color-reckoning.tga
unk0679E2DC=1 0.6000000000000001
unk0C62AEDB=10
unk0D9620DA=2 3
unk11AE68EB=1
unk15584446=70 70 70
unk1D7CE4EE=1 1
unk22E54E7F=2 3
unk24B4E14F=0
unk25C6B508=1 1 1 1
unk262CE536=1
unk286C80BD=0
unk2E1DF7F0=5 90 0
unk2F641000=0
unk2FB115E1=1 1
unk3562F8CC=1
unk38BD5CE0=0.5
unk3A1E53FC=0.5
unk3A655DD6=0 0.5
unk3A655DD7=1 1.5
unk40148CE8=1
unk40A9D637=1
unk433C5F40=1
unk44D52F2B=1
unk46362647=0.30000000000000004
unk4988F0BD=0 0 200
unk4A1A31D6=0 0
unk4A1A31D7=1 0
unk4AAE8A62=1
unk4C1E7A37=1 0.6000000000000001
unk4CF0DB01=0 0
unk4CF0DB02=1 360
unk4D34330E=2 2
unk4D535C2A=2 2
unk51FF73BB=Reckoning02.tga
unk54B0A452=1
unk577749EA=0 2
unk577749EB=0.5 3.5
unk577749EC=1 4
unk57F5C6D3=1 1
unk5810E491=0
unk581B9B0F=1
unk597C922B=10
unk5AFDF3A3=255 255 255 255
unk5C5EEABF=255 255 255 255
unk5FFDB807=1
unk6351142A=60 60 60
unk6462F5F1=1
unk6558F2D1=RayCone1.sco
unk671DDB0B=Reckoning02.tga
unk6925F12A=0
unk6EBBF860=0
unk7278C727=1
unk73BF84EC=1 1 1 1
unk7419F2C6=1 1
unk7508A75B=1
unk777061CC=0
unk7B22B81C=1
unk8048396C=0
unk86A2237A=100
unk8A6BC5B2=1 1 1
unk8B18D5A8=0 0 0
unk8B8892AB=3
unk9A53F5BE=0
unk9EF43C95=30
unkA2C6308E=0 0 0
unkA89360D1=0.1
unkABF2D703=0 0
unkAE116102=1
unkAF5D9ADB=0
unkAFA32363=0
unkB165C698=30
unkB4608FBB=0
unkB4AB331C=0.5
unkB4DEDD5E=3
unkB63FD47A=1
unkB8155E33=0 0 0
unkB89B8376=1
unkBEBC2549=color-reckoning.tga
unkBFE76444=1
unkC158058F=0
unkC39119B6=Reckoning01.tga
unkC5A742A3=0
unkC77E3948=1 0
unkC79871A0=0
unkC7F19F00=30
unkC93C217E=0
unkD33F16A6=Reckoning02.tga
unkD5F70DC6=0
unkD637A6FF=0 0 0 0
unkD637A700=1 2 2 2
unkDBB4AB27=30
unkE2ACC16D=0
unkE67CCCBC=0
unkEB560E4F=0 2
unkEB560E50=1 0
unkEC86151B=1
unkED0470AC=1
unkED5E5589=0
unkEDF39ED8=0
unkF91C42F7=0.5
unkFD56DA0C=0 90 0
unkFE2E62A1=0
