[System]
GroupPart1=plasma
GroupPart2=flash
GroupPart2Type=Simple
GroupPart3=distort
GroupPart3Type=Simple
SimulateEveryFrame=1

[distort]
e-life=1
e-linger=0
e-local-orient=1
e-rate=1
flag-disable-z=1
p-bindtoemitter=1 1
p-coloroffset=0.4 0
p-colorscale=0.6000000000000001 1
p-colortype=1 0
p-distortion-mode=1
p-distortion-power=0.05000000074505806
p-frameRate=0
p-life=1
p-linger=0
p-normal-map=distort-pinch.tga
p-numframes=1
p-offset=0 0 0
p-rgba=color-bellcurve32.tga
p-scale=200
p-startframe=0
p-texture=Aura_Self.tga
p-type=0
rendermode=1
single-particle=1

[flash]
e-life=1
e-linger=0
e-local-orient=1
e-rate=3
p-flexoffset=0.004999999888241291
p-life=0.2
p-offset=0 50 0
p-quadrot=1
p-quadrotP1=0 0
p-quadrotP2=1 360
p-rgba=color-rampdown.tga
p-scale=130
p-scaleP1=0 0.8
p-scaleP2=1 1.2000000000000002
p-scalebias=0.5 1
p-startframe=0
p-texdiv=1 1
p-texture=voidslash.tga
p-xscale=1
p-xscale1=0 0.8
p-xscale2=0.2 2
p-xscale3=1 0
pass=1
single-particle=1

[plasma]
e-active=1
e-life=1.5
e-linger=0
e-period=2
e-rate=120
e-rate1=0 1
e-rate2=0.30000000000000004 0.5
e-rate3=1 0
p-backfaceon=0
p-coloroffset=0 0
p-colorscale=1 1
p-colortype=1 3
p-flexoffset=0.004999999888241291
p-flexscale=0.004999999888241291
p-frameRate=0
p-life=0.15000000596046448
p-life1=0 1
p-life2=0.5 1.5
p-life3=1 3
p-mesh=magicBall.sco
p-meshtex=zapball2.tga
p-numframes=1
p-offset=10 50 10
p-offsetXP1=0 -1
p-offsetXP2=1 1
p-offsetZP1=0 -1
p-offsetZP2=1 1
p-postoffset=0 0 0
p-quadrot=360 360 360
p-quadrotXP1=0 0
p-quadrotXP2=1 1
p-quadrotYP1=0 0
p-quadrotYP2=1 1
p-quadrotZP1=0 0
p-quadrotZP2=1 1
p-rgba=color-stardust.tga
p-rotvel=0 120 120
p-rotvel1=0 1 1 1
p-rotvel2=1 0.1 0.1 0.1
p-rotvelYP1=0 -1
p-rotvelYP2=1 1
p-rotvelZP1=0 -1
p-rotvelZP2=1 1
p-scale=8 8 8
p-scale1=0 0.2 0.2 0.2
p-scale2=0.30000000000000004 0.8 0.8 0.8
p-scale3=1 1 1 1
p-startframe=0
p-texdiv=1 1
p-type=3
p-xscale1=0 0.4 0.4 0.4
p-xscale2=0.2 1 1 1
p-xscale3=1 1.2000000000000002 1.2000000000000002 1.2000000000000002
rendermode=0

