[System]
GroupPart1=beam-green-refract
SimulateEveryFrame=1
group-vis=5000

[beam-green-refract]
e-life=-1
e-linger=-1
e-local-orient=1
e-rate=4
e-tilesize=0 2000 0
p-bindtoemitter=1
p-colorscale=1 0.7000000000000001
p-colortype=1 0
p-frameRate=0
p-life=0.5
p-linger=0
p-numframes=2
p-offset=0 0 0
p-rgba=color-rainbowbell.tga
p-scale=15 0 0
p-scaleXP1=0 1
p-scaleXP2=1 2
p-startframe=1
p-texdiv=2 1
p-texture=nexus_ray.tga
p-type=6
p-uvscroll-rgb=0.5 0
p-xscale1=0 1 0 0
p-xscale2=1 2 0 0
pass=-1
rendermode=0
teamcolor-correction=1

[UNKNOWN_HASHES]
unk1BC3B45F=drawabead05.tga
unk1D8198D6=6
unk2CEB7919=nexus_ray.tga
unk3046C6A9=1 0.7000000000000001
unk31C92770=2
unk34D6DDB1=0 1
unk34D6DDB2=1 2
unk375373EB=0 1
unk375373EC=1 2
unk3BF7F430=-1
unk3DBA9765=0
unk462CD235=0 0 0
unk5930F3CD=1
unk61FE876A=-1
unk63C12A9F=0
unk6961081E=0.5
unk6C33656F=0 0 0
unk7578DA69=-1
unk7F89CC96=color-rainbowbell.tga
unk85BA923B=1 0
unk88BF464D=4
unk8B808E1A=1
unk8CAAB0AE=1
unk8ED4CA7B=1 1
unk90DC66CE=4 1 1
unk9B14AAEA=1
unk9D803616=0
unkA1601858=0.8
unkA2F69474=1
unkAC2FF7CB=0
unkAD77EAA3=-1
unkAE67DFE3=1 1
unkAF3A1F4C=2 1
unkB123AC5D=0 1 0 0
unkB123AC5E=1 2 0 0
unkB788DCD0=color-holyfervor.tga
unkB89D8A81=1 0
unkB8DD6888=15 0 0
unkC0BE5687=10
unkC5264350=0
unkC624C08A=-0.30000001192092896 0
unkC73061FE=0 0
unkC73061FF=1 1
unkC7AE717F=0 -0.20000000298023224
unkC7AE7180=1 0.2
unkCBF01EDE=0
unkCE6CB518=0
unkD540B286=4 1
unkD7520D07=0
unkDAA7E6FC=0 2000 0
unkDC70A450=0.5 0
unkDD247D36=0 2000 0
unkDF12F011=0
unkE582889C=6
unkEBF39BD4=1
unkEE98D024=1
unkFEE62F2A=2
