[System]
GroupPart2=gem_refract
GroupPart4=gem
SimulateEveryFrame=1
group-vis=20000

[gem]
e-life=1
e-linger=0
e-rate=1
e-rgba=255 255 255 250
p-backfaceon=0
p-bindtoemitter=1 1
p-life=100000
p-linger=0
p-mesh=Nexus_Crystal.sco
p-meshtex=Dominion_Crystal_blue32.tga
p-offset=0 0 0
p-rotvel=0 1 0
p-scale=1 1 1
p-type=3
pass=2
rendermode=1
single-particle=1

[gem_refract]
e-life=-1
e-linger=0
e-rate=1
p-backfaceon=1
p-bindtoemitter=1 1
p-coloroffset=0 0
p-colorscale=0.5 1
p-colortype=0 0
p-distortion-mode=2
p-distortion-power=0.1
p-life=100000
p-linger=0
p-mesh=Nexus_Crystal.sco
p-meshtex=color-hold.tga
p-normal-map=Dominion_Crystal_distort.tga
p-offset=0 0 0
p-rgba=rampdown32.tga
p-rotvel=0 1 0
p-scale=0.9900000095367432 0.9900000095367432 0.9900000095367432
p-type=3
pass=1
rendermode=1
single-particle=1

[UNKNOWN_HASHES]
unk02F94BD9=Nexus_Gem_Sparkle.tga
unk0DC331E7=1
unk154E8EAF=1 0.5
unk1681707D=1000
unk229942C8=1
unk2EE2E2B7=0
unk35DFAEAC=1
unk38C20740=255 255 255 250
unk431D066E=Nexus_Gem_Sparkle.sco
unk64B344F7=100000
unk6E949DF5=100
unk70CB1742=-1
unk84118326=1
unk86F3DBBA=255 255 255 120
unk8B210FBE=1
unk9133073B=1 1
unk914EDAE8=Nexus_Crystal.sco
unk92A2F0FB=3
unk945FC83D=0
unkA4C75489=0
unkA689F7BE=0
unkAEFC328E=0 0 0
unkB71B8F6F=0
unkBC3617E9=12 8 12
unkBE2C1D0F=0
unkBFEEC044=0
unkC860FB14=0 0 0
unkCA06EFED=1
unkCEF361EF=0.9900000095367432 0.9900000095367432 0.9900000095367432
unkD4EF4935=1 1
unkE0D4C575=3
unkE1AA4641=0 1 0
unkF8779244=0
unkFAA5F2DF=Dominion_Crystal_blue_in32.tga
