[System]
GroupPart1=gem
SimulateEveryFrame=1

[gem]
e-local-orient=0
e-rate=1
p-backfaceon=1
p-bindtoemitter=1 1
p-colorscale=0.3499999940395355 0.699999988079071
p-colortype=0 0
p-life=1000000
p-linger=0
p-mesh=odin_prism.sco
p-meshtex=prism-green.tga
p-offset=0 0 0
p-postoffset=0 0 0
p-quadrot=0 0 0
p-rgba=color-hold.tga
p-rotvel=0 0 0
p-scale=0.30000000000000004 0.5 0.30000000000000004
p-type=3
pass=4
rendermode=1
single-particle=1

