[System]
GroupPart1Type=Simple
GroupPart2Type=Simple
GroupPart4Type=Simple
GroupPart5Type=Simple

[UNKNOWN_HASHES]
unk016802E0=0 360 0
unk01CC5DBF=0
unk0448AFEE=0 1
unk0448AFEF=1 -1
unk0538CC51=0 0.1 0.1 0.1
unk0538CC52=1 1.3 1.3 1.3
unk05960FE1=0
unk05C11BD3=0.5
unk06B3E6E1=0 1.2
unk06B3E6E2=1 0.8
unk071BEC97=0 -1
unk071BEC98=1 1
unk1021F14E=0.05000000074505806 0
unk137C712A=2
unk179C2053=2
unk1AFD251F=0
unk1BE1EF55=0 0.5 1 1 0
unk1BE1EF56=0.25 1 1 1 1
unk1BE1EF57=1 0.5 1 1 0
unk24F0B283=50 50 50
unk251B66C6=0
unk25B42FE0=0
unk2650B803=0 0
unk2650B804=1 360
unk27285EA8=1
unk29A535A2=color-ordershop.tga
unk2C56D081=0 0 0
unk2D837594=ShopFX2.tga
unk31C85BD6=60
unk321DE435=1 0
unk32DAAF59=4
unk3C2A9EAB=0 -1
unk3C2A9EAC=1 1
unk3E05699D=1
unk45278BCC=1
unk4655D606=200 200 200
unk480E76AB=1 0.2
unk51D6F482=50 50 50
unk5482951E=1
unk589349C5=0
unk598C3C9F=0 1
unk598C3CA0=1 1.2000000000000002
unk5A0A4C20=0 1
unk5A0A4C21=1 1.2000000000000002
unk5A885BA1=0 1
unk5A885BA2=1 1.2000000000000002
unk5B951AAD=60
unk5D1F1D42=1
unk60E99DCF=0.05000000074505806 0
unk6132166E=0.9 0.8
unk62845E22=0
unk69090797=ShopFX2.tga
unk6D6A6B96=104 0 0
unk70F8A3CF=1
unk7350E5FB=0 70 -100
unk74E2150C=2
unk767F5B20=2
unk774414F0=StunOrbit
unk77D19E25=1
unk7FBA88F4=20
unk8100990D=ShopFX2.tga
unk89748F63=6.079999923706055
unk8A1C4392=2
unk8C3594DA=0 0
unk8C3594DB=1 1
unk8CA81F98=color-ordershop.tga
unk8DFE8163=0 0 0
unk8F9DF1A8=1
unk91F45411=2 2
unk9440533B=2
unk95DD994F=4
unk9722ABCF=200 255 20 120
unk973F7D15=104 0 0
unk9A8D971A=12 12 12
unk9D16FBEA=0
unk9F9D53DB=color-ordershop.tga
unkA17DAAFD=Saucer7.sco
unkA39A5915=0
unkA7B7DDB5=1 0.4
unkA8D2CD92=0.5
unkAA3E586E=60
unkAB498124=1
unkADFCC1B9=1 0
unkB38D6AB5=0 -1
unkB38D6AB6=1 1
unkB619C258=2 2
unkB6FBD7EA=20
unkC6EAA813=ShopFX2.tga
unkC7A2428A=cylinder06.tga
unkC80BC171=StunOrbit
unkCB85465E=1
unkCCAD6977=0 0 0
unkCF7297EB=0 1.2
unkCF7297EC=1 0.8
unkD02C8025=2
unkD0A20AD9=0
unkD4722749=0
unkDB56F82F=1 0
unkDD574822=1 1 1
unkE09D91D2=2 2
unkE0DB47BC=1
unkE5D1093A=0 70 -100
unkE662DDA4=6.079999923706055
unkED413ADB=0 0.5 0.5 0.5
unkED413ADC=1 1 1 1
unkED5B114E=2 2
unkEEB1F32F=0.9 0.8
unkF0A57DCC=0
unkF103958A=3
unkF2A0DB9E=1
unkF72D1D2F=0 -1
unkF72D1D30=1 1
unkF7D9FE1B=2
unkF8F6818D=0 0
unkF8F6818E=1 360
unkFC8BA21C=color-ordershop.tga
unkFE7AE79E=1 0 0
unkFEA60136=1 0
unkFEA8427C=100 100 100
