[SteamAccel]
f-accel=0 10 0
f-localspace=0

[System]
GroupPart1=steam
GroupPart1Type=Simple

[steam]
e-rate=100
e-rotation1=1
e-rotation1-axis=0 1 0
e-rotation1P1=0 0
e-rotation1P2=0.25 2
e-rotation1P3=0.25099998712539673 90
e-rotation1P4=0.5 92
e-rotation1P5=0.5009999871253967 180
e-rotation1P6=0.75 182
e-rotation1P7=0.7509999871253967 270
e-rotation1P8=1 272
e-rotation2=45
e-rotation2-axis=0 1 0
field-accel-1=SteamAccel
p-colorscale=1 1
p-colortype=1 3
p-frameRate=0
p-life=3
p-lifeP1=0 0.5
p-lifeP2=0.8 1
p-lifeP3=1 2
p-numframes=1
p-postoffset=108 -100 0
p-quadrot=1 1 1
p-quadrotXP1=0 0
p-quadrotXP2=1 360
p-rgba=color-steam.tga
p-scale=5
p-scaleP1=0 1
p-scaleP2=0.8 2
p-scaleP3=1 4
p-startframe=0
p-texdiv=1 1
p-texture=lofog01.tga
p-type=0
p-vel=0 -80 0
p-velXP1=0 1
p-velXP2=1 2
p-xscale=1
p-xscale1=0 1
p-xscale2=0.6000000000000001 2
p-xscale3=1 3
rendermode=1
uniformscale=1

