[System]
GroupPart1=eye1
GroupPart2=glow
GroupPart2Importance=High
GroupPart2Type=Simple
GroupPart3=warning
GroupPart3Importance=High
GroupPart3Type=Simple
GroupPart4=flash
GroupPart4Importance=High
GroupPart4Type=Simple
GroupPart5=flash_02
GroupPart5Importance=High
GroupPart5Type=Simple
SimulateEveryFrame=1

[eye1]
e-life=10000
e-linger=0
e-local-orient=0
e-rate=1
p-bindtoemitter=1 1
p-coloroffset=0 0
p-colorscale=1 1
p-colortype=1 3
p-life=-1
p-linger=0
p-postoffset=0 200 0
p-quadrot=180 0 0
p-scale=23 23 0
p-texture=Evelynn_Eyes_Warning.tga
p-type=0
rendermode=1
single-particle=1

[glow]
e-life=-1
e-linger=0
e-local-orient=0
e-rate=3
p-bindtoemitter=1 1
p-life=0.4
p-linger=0
p-offset=1 1 1
p-postoffset=0 200 0
p-quadrot=360
p-quadrotP1=0 0
p-quadrotP2=1 1
p-rotvel=100
p-rotvelP1=0 0.5
p-rotvelP2=1 -0.5
p-scale=110
p-scale1=0 0.7
p-scale2=0.30000001192092896 1.850000023841858
p-scale3=1 0.7
p-texture=flare-Rainbow_yellow_01.tga
p-vel=0 0 0
p-xrgba=1 1 1 1
p-xrgba1=0 0 0 0 1
p-xrgba2=1 1 1 1 1
p-xscale=1 1 1
p-xscale1=0 0 0 0
p-xscale2=0.5 1 1 1
p-xscale3=1 0 0
rendermode=0

[warning]
e-life=-1
e-local-orient=0
e-rate=15
e-rotation1=1
e-rotation1P1=0 0
e-rotation1P2=1 360
p-bindtoemitter=1 1
p-life=0.15
p-lifeP1=0 0.8159999847412109
p-lifeP2=1 1.1122219562530518
p-offset=1 1 1
p-offsetXP1=0 0
p-offsetXP2=1 15
p-offsetYP1=0 0
p-offsetYP2=1 15
p-offsetZP1=0 0
p-offsetZP2=1 10
p-postoffset=0 195 0
p-rgba=color-smoke32_07.tga
p-rotvel=180
p-rotvelP1=0 -1
p-rotvelP2=1 1
p-scale=12
p-scaleP1=0 1.850000023841858
p-scaleP2=1 0.55
p-texture=Flare-Rainbow_yellow_01.tga
p-xscale=1
p-xscale1=0 0.75
p-xscale2=0.5 1.7
p-xscale3=1 0.15
rendermode=0

[UNKNOWN_HASHES]
unk02246124=1
unk02246125=1
unk062E2AE5=0 0
unk062E2AE6=1 360
unk06AC3A66=0 0
unk06AC3A67=1 360
unk11EBFE8D=1
unk121D5292=1 1
unk15E1C1F5=0
unk162147D5=1 1 1
unk25ABA3CE=0 0
unk25ABA3CF=1 180
unk3303B45A=90 90 90
unk35CD7A58=flare-Rainbow_yellow_01.tga
unk365AF407=0 18
unk365AF408=1 65
unk410AF1A1=0 0.6000000000000001
unk410AF1A2=1 1.5
unk4C01465E=0
unk536CE01B=0 0
unk536CE01C=0.7000000000000001 0.8
unk536CE01D=1 0.2
unk56F5D766=0 0
unk56F5D767=1 360
unk5773E6E7=0 0
unk5773E6E8=1 360
unk592386CD=0 0
unk592386CE=1 180
unk5CD8C5D9=90 90 90
unk6154CE93=1 1
unk64CA8596=1 1 1
unk65C6B331=0
unk67895666=0.5
unk6FFB9136=0 0 0
unk72F1779F=0.2
unk7D01B437=0 200 0
unk7F0949EA=6
unk82E9D947=1.4000000000000001
unk883D4E36=0
unk891A3C17=color-rampdown.tga
unk924FB5CE=10
unk9BD31F60=1
unk9CF3C188=0 18
unk9CF3C189=1 65
unkAB53310C=1
unkAFD01B46=1.4000000000000001
unkB46FF0F2=0
unkB6329427=0.5
unkBA05AD9C=0 0
unkBA05AD9D=0.7000000000000001 0.8
unkBA05AD9E=1 0.2
unkBEA4CEF7=0 0 0
unkCEAC7E25=1
unkCEAC7E26=1
unkCF34ACD7=flare-Rainbow_yellow_01.tga
unkCFDFC5E0=0.15000000596046448
unkDBF7982B=-1
unkE1BD3A69=0 0 1
unkE6088A58=color-rampdown.tga
unkE714B62A=0 0 1
unkEF12F81D=0
unkEF3E040F=10
unkEF81D776=0 200 0
unkF261B3E0=0 0.6000000000000001
unkF261B3E1=1 1.5
