[System]
GroupPart1=bloodslash
GroupPart2=bloodstrands
SimulateEveryFrame=1

[bloodslash]
ExcludeAttachmentType=turret nexus inhibitor
e-life=0.1
e-rate=1600
e-rotation1=1
e-rotation1-axis=0 0 1
e-rotation1P1=0 0
e-rotation1P2=1 40
e-rotation2=1
e-rotation2P1=0 0
e-rotation2P2=1 360
p-bindtoemitter=0 0
p-colorscale=1 1
p-colortype=1 3
p-drag=1 1 1
p-flexoffset=0.004999999888241291
p-frameRate=16
p-life=0.5
p-lifeP1=0 0.5
p-lifeP2=1 2
p-numframes=16
p-offset=0 50 0
p-rgba=color-blackfluid32.tga
p-scale=15 15 15
p-scale1=0 1 6 1
p-scale2=0.5 1 1 1
p-scale3=1 1 1 1
p-scaleXP1=0 0.4
p-scaleXP2=1 1.2000000000000002
p-startframe=0
p-texdiv=4 4
p-texture=blurdrops_black.tga
p-vecalign=1
p-vel=0 700 0
p-velYP1=0 0.25
p-velYP2=1 1
p-worldaccel=0 -1000 0
rendermode=1

[bloodstrands]
ExcludeAttachmentType=turret nexus inhibitor
e-alpharef=25
e-life=1
e-rate=4
e-rateP1=0 1
e-rateP2=1 2
e-rotation1=1
e-rotation1-axis=0 0 1
e-rotation1P1=0 0
e-rotation1P2=1 20
e-rotation2=1
e-rotation2P1=0 0
e-rotation2P2=1 360
p-bindtoemitter=0 0
p-colorscale=1 1
p-colortype=1 3
p-drag=2 2 2
p-flexoffset=0.004999999888241291
p-life=0.5
p-lifeP1=0 0.8
p-lifeP2=1 1.2000000000000002
p-offset=0 50 0
p-quadrot=1 0 0
p-quadrotXP1=0 0
p-quadrotXP2=1 360
p-randomstartframe=1
p-rgba=color-blackfluid32.tga
p-rotvel=1 0 0
p-rotvelXP1=0 -20
p-rotvelXP2=1 20
p-scale=20 20 20
p-scaleXP1=0 1
p-scaleXP2=1 1.2000000000000002
p-scaleYP1=0 1
p-scaleYP2=1 1.2000000000000002
p-texdiv=2 2
p-texture=webfluid32.tga
p-vel=0 300 0
p-velYP1=0 1
p-velYP2=1 1.2000000000000002
p-worldaccel=0 -300 0
p-xscale1=0 1 1 0
p-xscale2=0.4 2 2 0
p-xscale3=1 4 4 0
rendermode=3
single-particle=1

[UNKNOWN_HASHES]
unk0B383EC0=0 0
unk0B383EC1=1 10
unk0BB64E41=0 0
unk0BB64E42=1 135
unk13CF06D0=1 1
unk1A4967A1=15 15 15
unk267CF285=0 -500 0
unk26977BB2=blurdrops_black.tga
unk2714941E=0
unk2A087543=16
unk302F4FB4=0 600 0
unk3CB933F4=0
unk3ED9995C=0 50 0
unk3FDDC285=1
unk4268B07F=0 -1000 0
unk5C06B2C5=0.5
unk681E8510=0.1
unk722F773D=color-blackfluid32.tga
unk7B64F0F4=1600
unk985D768F=0 0 1
unk9F712AB5=0.004999999888241291
unkA4D7727F=1
unkA4D77280=1
unkA7E6E673=4 4
unkA8C48158=0 0.4
unkA8C48159=1 1.2000000000000002
unkB04C2706=0 0.25
unkB04C2707=1 1.6
unkB0DCD854=1 3
unkB4939D0B=turret nexus inhibitor
unkBDC3EBBA=1
unkC13FBC06=0 0.5
unkC13FBC07=1 2
unkD7523DE4=16
unkD863009A=4
unkDFB180D0=0 1 6 1
unkDFB180D1=0.5 1 1 1
unkDFB180D2=1 1 1 1
unkEC39B71D=1 1 1
unkF92528ED=0 0
