[BurstLine]
e-local-orient=1
e-rate=2
p-bindtoemitter=0
p-colortype=1
p-drag=4 4 4
p-life=0.25
p-lifeP1=0 0.5
p-lifeP2=1 1
p-offset=0 30 0
p-offsetXP1=0.007000000216066837 -1
p-offsetXP2=1 1
p-offsetYP1=0 1
p-offsetYP2=1 1
p-offsetZP1=0 -1
p-offsetZP2=1 1
p-quadrot=0 0 90
p-scale=130 50 0
p-texture=Pantheon_Skin06_Z_Streak.tga
p-type=1
p-vel=0 1600 0
p-velYP1=0 0.5
p-velYP2=1 1
p-xrgba1=0 1 1 1 1
p-xrgba2=0.3 1 0.7 0 1
p-xrgba3=1 1 0 0 1
p-xscale=1 1 1
p-xscale1=0 1 1 2
p-xscale2=1 1 0 3
rendermode=4
single-particle=1

[DarkBackground]
e-life=0.1
e-rate=1
p-life=0.3
p-offset=0 120 0
p-quadrot=0 0 0
p-scale=70 350 0
p-texture=ball32_02.tga
p-type=1
p-xrgba1=0 1 0 0 0
p-xrgba2=0.1 0.5 0.01 0 1
p-xrgba3=1 0.4 0 0 0
p-xscale1=0 0.1 0.8 1
p-xscale2=1 1 1 1
rendermode=1

[Ripplex]
e-life=0.1
e-linger=0
e-local-orient=1
e-rate=140
e-uvoffset=0.3 1
p-backfaceon=1
p-bindtoemitter=0
p-colortype=1 3
p-drag=3 3 1
p-life=0.16
p-lifeP1=0 1
p-lifeP2=1 0.7
p-local-orient=0
p-mesh=Pantheon_Skin06_Z_SwirlRing.sco
p-meshtex=Pantheon_Skin06_Z_SwirlRing_tx.tga
p-offset=0 150 0
p-offset1=0 1 0 1
p-offset2=1 1 -1 1
p-offsetYP1=0 1
p-offsetYP2=1 1
p-postoffset=0 250 0
p-quadrot=90 35 1
p-quadrotXP1=0 0.9
p-quadrotXP2=1 1.1
p-quadrotZP1=0 0
p-quadrotZP2=1 360
p-scale=10 10 15
p-scale1=0 0.1 0.1 1
p-scale2=0.5 0.3 0.3 1
p-scale3=1 1 1 1
p-scaleXP1=0 1
p-scaleXP2=1 1.1
p-type=3
p-uvscroll-rgb=0 -1.5
p-uvscroll-rgbYP1=0 1
p-uvscroll-rgbYP2=1 1.5
p-vel=0 -300 0
p-xrgba1=0 1 0.8 0 1
p-xrgba2=0.5 1 0.4 0 0.5
p-xrgba3=1 0.4 0 0 0
p-xscale1=0 0.1 0.1 1
p-xscale2=0.3 0.8 0.8 1
p-xscale3=0.7 1 1 1
p-xscale4=1 1.1 1.2000000000000002 1.2000000000000002
pass=0
rendermode=1
single-particle=0
uniformscale=0

[Sparks]
e-life=0.15
e-linger=0
e-local-orient=1
e-rate=40
p-bindtoemitter=0 0
p-drag=3 3 3
p-life=0.23
p-lifeP1=0 0.4
p-lifeP2=1 3
p-offset=0 240 0
p-offsetXP1=0 -1
p-offsetXP2=1 1
p-orbitvel=0 5 0
p-orbitvelYP1=0 -1
p-orbitvelYP2=1 1
p-randomstartframe=1
p-scale=7 20 10
p-scaleXP1=0 0.5
p-scaleXP2=1 1
p-scaleYP1=0 0.2
p-scaleYP2=1 1.2000000000000002
p-texdiv=2 2
p-texture=sparks.tga
p-type=0
p-vec-velocity-minscale=0
p-vec-velocity-scale=0.007
p-vecalign=1
p-vel=40 -900 0
p-velXP1=0 -1
p-velXP2=1 1
p-velYP1=0 0.5
p-velYP2=1 1.4000000000000001
p-velZP1=0 -1
p-velZP2=1 1
p-xrgba1=0 1 1 1 1
p-xrgba2=0.7 1 0 0 1
p-xscale1=0 1.5 1.5 1.5
p-xscale2=1 0 0 0
pass=1
rendermode=0

[System]
GroupPart1=BurstLine
GroupPart2=Ripplex
GroupPart3=Sparks
GroupPart4=WindTunnel
GroupPart5=DarkBackground
SimulateEveryFrame=1

[WindTunnel]
e-life=0.1
e-linger=0
e-local-orient=1
e-rate=40
e-uvoffset=-0.1 0
p-backfaceon=1
p-bindtoemitter=0
p-colortype=1 3
p-drag=5 5 5
p-life=0.4
p-lifeP1=0 1
p-lifeP2=1 1.4000000000000001
p-linger=2
p-mesh=Pantheon_Skin06_Z_Helix.sco
p-meshtex=Pantheon_Skin06_Z_Helix.tga
p-numframes=4
p-offset=0 200 0
p-offset1=0 1 1 1
p-offset2=0 1 0.5 1
p-postoffset=0 0 0
p-quadrot=90 1 0
p-quadrotYP1=0 1
p-quadrotYP2=1 360
p-randomstartframe=1
p-rotvel=0 600 0
p-rotvelZP1=0 1
p-rotvelZP2=1 1.5
p-scale=5 5 9
p-scale1=0 1 1 1
p-scale2=0 1.5 1.5 1
p-texdiv=2 2
p-type=3
p-vel=0 100 0
p-velYP1=0 1
p-velYP2=1 1
p-xrgba1=0 1 0 0 0
p-xrgba2=0.15 0.8 0.5 0 1
p-xrgba3=0.5 0.7 0.3 0 1
p-xrgba4=0.8 1 0 0 0.2
p-xrgba5=1 1 0 0 0
p-xscale1=0 0 0 1
p-xscale2=0.3 0.5 0.5 0.4
p-xscale3=1 1.4 1.4 0.05
pass=1
rendermode=4
single-particle=0

[UNKNOWN_HASHES]
unkC48F389E=1000
unkD789A22A=1
