[DarkBackground]
e-life=1
e-rate=2
flag-disable-z=1
p-life=0.25
p-offset=0 40 0
p-quadrot=1 0 0
p-quadrotXP1=0 0
p-quadrotXP2=1 360
p-scale=100 100 0
p-texdiv=1 1
p-texture=Ball32_02.tga
p-xrgba1=0 0.2 0 0 0.2
p-xrgba2=0.4 0.25 0 0 0.5
p-xrgba3=1 0.1 0 0 0
p-xscale=1 1 1
pass=10
rendermode=1
single-particle=1

[System]
GroupPart2=star
GroupPart3=DarkBackground
GroupPart4=Sparks
SimulateEveryFrame=1

[star]
e-life=1
e-rate=2
flag-disable-z=1
p-life=0.30000000000000004
p-lifeP1=0 0.7
p-lifeP2=1 1
p-offset=0 40 0
p-quadrot=1 0 0
p-quadrotXP1=0 0
p-quadrotXP2=1 360
p-scale=20 25 0
p-scaleYP1=0 2
p-scaleYP2=1 0.5
p-startframe=1
p-texdiv=1 1
p-texture=Pantheon_Skin06_Z_PierceSpark.tga
p-xrgba1=0 1 1 0.2 1
p-xrgba2=0.5 1 0.3 0 1
p-xrgba3=1 1 0 0 0
p-xscale=1 1 1
p-xscale1=0 4 4 1
p-xscale2=0.5 0.7 1 1
p-xscale3=0.8 0.3 0.8 1
p-xscale4=1 0.2 0.78 1
pass=11
single-particle=1

[UNKNOWN_HASHES]
unk27AEDE60=0 0 0 0
unk27AEDE61=0.3 0.7 0.7 0.7
unk27AEDE62=0.7 1 1 1
unk27AEDE63=1 1.1 1.1 1.1
unk2B25EF72=0 40 0
unk386115F6=1
unk47ED96A4=0 1 1 1 1
unk47ED96A5=0.4 1 1 1 1
unk47ED96A6=1 1 0.3 0 0
unk7F952F51=1 0 0
unk94333C89=1 1
unkA376AB1C=Pantheon_Skin06_Z_PierceRing.tga
unkD14BA611=1 1 1
unkDB2E33DB=0.15000000596046448
unkE6182C0B=60 60 0
unkE7460626=1
unkF4AD7DA8=0 0
unkF4AD7DA9=1 360
unkFA8C720A=2
unkFFE88209=1
