[Dark]
e-life=1.9000000000000001
e-rate=1
flag-disable-z=1
p-bindtoemitter=1 1
p-linger=0
p-quadrot=-90 0 90
p-scale=120 120 100
p-startframe=1
p-texture=ball32_02.dds
p-xrgba=1 1 1 1
p-xrgba1=0 0.4 0.2 0 0
p-xrgba2=0.1 0.3 0.2 0 0.4
p-xrgba3=0.5 0.3 0.1 0 0.4
p-xrgba4=1 0.4 0 0 0.4
pass=-1000
rendermode=4
single-particle=1

[FireWave]
e-life=1.7000000000000002
e-local-orient=0
e-rate=50
e-rotation1=1
e-rotation1-axis=0 1 0
e-timeoffset=0.5
p-bindtoemitter=1 1
p-colortype=1 3
p-drag=4 4 4
p-life=0.4
p-lifeP1=0 0.5
p-lifeP2=0.9 1
p-lifeP3=1 1.5
p-linger=0
p-numframes=16
p-offset=40 30 40
p-offset1=0 0.5 1 0
p-offset2=0.3 0.8 1 0
p-offset3=1 1 1 0
p-offsetXP1=0 -1
p-offsetXP2=1 1
p-offsetYP1=0 -1
p-offsetYP2=1 1
p-offsetZP1=0 -1
p-offsetZP2=1 1
p-postoffset=0 -40 0
p-randomstartframe=1
p-scale=40 40 30
p-scaleXP1=0 0.5
p-scaleXP2=0.8 1
p-scaleXP3=1 3
p-scaleYP1=0 0.5
p-scaleYP2=1 2
p-texdiv=4 4
p-texture=Pantheon_Skin06_Z_Firealpha.dds
p-vel=0 400 0
p-velXP1=0 -1
p-velXP2=1 1
p-velYP1=0 0.5
p-velYP2=1 1
p-velZP1=0 1
p-velZP2=1 1
p-worldaccel=0 500 0
p-xrgba=1 1 1 1
p-xrgba1=0 0 0 0 0
p-xrgba2=0.04 0 0 0 0
p-xrgba3=0.3 1 0.3 0 0.5
p-xrgba4=1 1 0 0 0
p-xscale=1 1 1
p-xscale1=0 0.4 0.4 1
p-xscale2=1 2 2 1
pass=-1
rendermode=4

[FleckNoise]
f-period=0.05000000074505806
f-radius=1000
f-veldelta=20

[Flecks]
ChildParticleName=Pantheon_Skin06_Z_SparkGlow.troy
e-disabled=1
e-life=2
e-linger=2
e-local-orient=0
e-rate=20
e-rateP1=0 0.5
e-rateP2=1 1
e-rotation1=1
e-rotation1-axis=0 1 0
e-rotation1P1=0 0
e-rotation1P2=1 360
field-noise-1=FleckNoise
p-colorscale=0.5 1
p-drag=3 0 3
p-life=1
p-lifeP1=0 0.6
p-lifeP2=0.9 1
p-lifeP3=1 1.5
p-offset=0 5 0
p-offsetXP1=0 0
p-offsetXP2=1 1
p-offsetZP1=0 -1
p-offsetZP2=1 1
p-orbitvel=0 0.2 0
p-orbitvelYP1=0 -1
p-orbitvelYP2=1 1
p-randomstartframe=1
p-rgba=Pantheon_Skin06_Z_FireFlicker.dds
p-rotvel=700 700 700
p-rotvelXP1=0 -1
p-rotvelXP2=1 1
p-rotvelYP1=0 -1
p-rotvelYP2=1 1
p-rotvelZP1=0 -1
p-rotvelZP2=1 1
p-scale=3 3 10
p-scaleXP1=0 0.5
p-scaleXP2=0.9 1
p-scaleXP3=1 2
p-scaleYP1=0 0.2
p-scaleYP2=1 1.2000000000000002
p-texdiv=2 2
p-texture=Pantheon_Skin06_Z_Flecks.dds
p-type=1
p-vel=110 550 0
p-velXP1=0 0.8
p-velXP2=1 1
p-velYP1=0 0.5
p-velYP2=1 1.4000000000000001
p-velZP1=0 -1
p-velZP2=1 1
p-worldaccel=0 -10 0
p-xrgba=1 1 1 1
p-xrgba1=0 1 1 1 1
p-xrgba2=0.7 1 1 1 1
p-xrgba3=1 1 0.2 0 1
p-xscale=1 1 1
p-xscale1=0 1.5 1.5 1.5
p-xscale2=0.8 1 1 1
p-xscale3=1 0 0 0
pass=1000
rendermode=4
uniformscale=1

[System]
GroupPart1=Flecks
GroupPart2=FireWave
GroupPart3=distort
GroupPart3Type=Simple
GroupPart4=Dark
KeepOrientationAfterSpellCast=1
PersistThruDeath=1
SimulateEveryFrame=1
build-up-time=0.5

[distort]
e-local-orient=0
e-rate=2
e-rotation1=1
e-rotation1-axis=1 0 0
e-rotation1P1=0 0
e-rotation1P2=1 40
e-rotation2=1
e-rotation2-axis=0 1 0
e-rotation2P1=0 0
e-rotation2P2=1 360
p-bindtoemitter=1 1
p-distortion-mode=1
p-distortion-power=0.03999999910593033
p-life=2
p-linger=2
p-normal-map=distort-heat.dds
p-offset=0 0 0
p-offsetXP1=0 0.5
p-offsetXP2=1 1
p-quadrot=1
p-quadrotXP1=0 0
p-quadrotXP2=1 360
p-rgba=color-bellcurve32.dds
p-scale=120
p-texture=color-hold.dds
p-vel=20 30 0
p-velYP1=0 1
p-velYP2=1 1.2000000000000002
p-xscale=1
p-xscale1=0 1
p-xscale2=1 1.5
rendermode=1

[UNKNOWN_HASHES]
unk1E1D7FD4=1000
unkF5A81474=1
