[System]
GroupPart1Importance=High
GroupPart1Type=Simple
GroupPart2=puffs
GroupPart2Importance=High
GroupPart2Type=Simple
GroupPart3=longpuffs
GroupPart3Importance=High
GroupPart3Type=Complex
SimulateEveryFrame=1

[attraction_03]
f-accel=200
f-pos=0 600 0
f-radius=600

[drag]
f-drag=1.3
f-pos=0 0 0
f-radius=1200

[longpuffs]
e-life=0.2
e-linger=0
e-rate=200
e-rgba=255 255 255 100
e-rotation1=1
e-rotation1P1=0 0
e-rotation1P2=1 360
p-life=1.5
p-lifeP1=0 0.8
p-lifeP2=1 1.2000000000000002
p-linger=3
p-numframes=4
p-offset=100 0 0
p-offsetXP1=0 0
p-offsetXP2=0.25 0.10000000149011612
p-offsetXP3=0.5 0.2
p-offsetXP4=0.75 0.4000000059604645
p-offsetXP5=1 1
p-postoffset=0 20 0
p-quadrot=0 0 0
p-randomstartframe=1
p-scale=30 30 0
p-scaleYP1=0 1
p-scaleYP2=1 2
p-startframe=0
p-texdiv=2 2
p-texture=clouds32.tga
p-type=1
p-vel=0 700 0
p-velYP1=0 0
p-velYP2=0.30000000000000004 0.2
p-velYP3=0.6000000000000001 0.5
p-velYP4=1 1.2000000000000002
p-xrgba=1 1 1 1
p-xrgba1=0 1 1 1 1
p-xrgba2=1 1 1 1 0
p-xscale=1 1 1
p-xscale1=0 1 1 0
p-xscale2=0.30000000000000004 0.7000000000000001 2 0
p-xscale3=1 0.6000000000000001 2.5 0
rendermode=1

[puffs]
e-life=0.2
e-linger=0
e-rate=200
e-rotation1=1
e-rotation1P1=0 0
e-rotation1P2=1 360
field-attract-1=attraction_03
field-drag-1=drag
p-coloroffset=0.5 0
p-colorscale=0.5 1
p-colortype=1 0
p-life=1.5
p-lifeP1=0 0.8
p-lifeP2=1 1.2000000000000002
p-linger=3
p-numframes=4
p-offset=200 0 0
p-offsetXP1=0 0.2
p-offsetXP2=0.25 0.30000001192092896
p-offsetXP3=0.5 0.5
p-offsetXP4=0.75 0.800000011920929
p-offsetXP5=1 1
p-postoffset=0 -50 0
p-quadrot=0 0 0
p-randomstartframe=1
p-rgba=color-rampdown32.tga
p-scale=30
p-scaleP1=0 1
p-scaleP2=1 1.3
p-scalebias=1 1.5
p-simpleorient=3
p-startframe=0
p-texdiv=2 2
p-texture=clouds32.tga
p-type=1
p-vel=-100 500 0
p-velYP1=0 0
p-velYP2=0.30000000000000004 0.30000000000000004
p-velYP3=0.6000000000000001 0.6000000000000001
p-velYP4=1 1.2000000000000002
p-xscale=1
p-xscale1=0 1
p-xscale2=0.30000000000000004 0.7000000000000001
p-xscale3=1 0.6000000000000001
rendermode=1

[UNKNOWN_HASHES]
unk047FA3D4=1
unk1723A24E=1
unk33C2CA19=2
unk3B051E19=cloudring.tga
unk54250F30=0
unk5751B73B=1 0
unk5E59ED35=0 0 0
unk6E17D475=0 10 0
unk732BA31E=0.4
unk7F437569=0.1
unk89546796=color-eyelinefade.tga
unk9289E14D=40
unkA24B770F=0 0
unkA24B7710=1 360
unkBCB98D88=700
unkBF3D515D=0 1
unkBF3D515E=0.30000000000000004 0.8
unkBF3D515F=0.6000000000000001 0.4
unkBF3D5160=1 0.1
unkE93FB9DE=0
unkE978E1A9=1 1
unkEF4D239C=1
unkF045C0D4=0 0
unkFF31D4A9=0 0.2
unkFF31D4AA=0.8 0.6000000000000001
unkFF31D4AB=1 1
