[System]
GroupPart1=smoke
GroupPart1Importance=High
GroupPart1Type=Simple
GroupPart2=dust_02
GroupPart2Importance=High
GroupPart2Type=Simple
GroupPart3=trail
GroupPart3Importance=Medium
GroupPart3Type=Complex
PersistThruDeath=1

[drag_05]
f-drag=3
f-dragP1=0 0.75
f-dragP2=1 1.5
f-pos=0 0 0
f-radius=1000

[dust_02]
e-life=0.5
e-rate=100
e-rotation1=1
e-rotation1P1=0 0
e-rotation1P2=1 360
field-drag-1=drag_05
p-bindtoemitter=0 0
p-life=0.5
p-linger=-1
p-quadrot=1
p-quadrotP1=0 0
p-quadrotP2=1 360
p-rgba=color-smoke32.tga
p-rotvel=45
p-rotvelP1=0 -1
p-rotvelP2=1 1
p-scale=50
p-scaleP1=0 1
p-scaleP2=1 1.1
p-texture=sand_04.tga
p-vel=60 0 60
p-xscale=1
rendermode=1

[smoke]
e-life=0.8
e-rate=60
p-bindtoemitter=0 0
p-life=0.75
p-lifeP1=0 0.8
p-lifeP2=1 1.4000000000000001
p-linger=-1
p-offset=5 30 5
p-offsetXP1=0 0
p-offsetXP2=1 1
p-offsetYP1=0 -1
p-offsetYP2=1 1
p-offsetZP1=0 0
p-offsetZP2=1 1
p-quadrot=1
p-quadrotP1=0 0
p-quadrotP2=1 360
p-rgba=color-smoke32.tga
p-scale=40
p-scaleP1=0 0.6000000000000001
p-scaleP2=1 1.4000000000000001
p-texture=sand_04.tga
p-xscale=1
p-xscale1=0 1
p-xscale2=1 1.5
rendermode=1

[trail]
e-life=0.8
e-linger=-1
e-rate=150
e-rgba=255 255 255 255
e-timeoffset=0.15
p-bindtoemitter=0 0
p-life=0.3
p-linger=-1
p-quadrot=0 0 0
p-scale=60 60 60
p-texture=streak_01.tga
p-type=0
p-vel=0 0 0
p-xrgba1=0 0.35 0.35 0.35 0
p-xrgba2=0.9 0.35 0.35 0.35 0.5
p-xrgba3=1 0.35 0.35 0.35 0
p-xscale1=0 0.15 0.15 0.15
p-xscale2=0.3 1 1 1
p-xscale3=1 0.1 0.1 0.1
rendermode=0

[UNKNOWN_HASHES]
unk02F9774A=1 0
unk0663F921=1 1
unk0CC02AD3=0 0
unk0CC02AD4=1 10
unk0CD0BBFD=400
unk0F059599=1
unk0FDAFA95=1
unk10BA527E=0
unk11576E96=1.6
unk14B20AEC=0
unk18CBDBEE=1
unk18CBDBEF=1
unk1BEBCB19=0 0 1
unk1D6F40E1=1.3
unk24D141C3=1 0
unk2780330E=color-hold.tga
unk296EDCDA=0
unk2AE840CD=0
unk2E97F54C=0 0
unk2E97F54D=1 20
unk2F4E2645=0
unk30B5ACC5=40
unk3174C9C4=2 2
unk32182C58=0 1 0
unk3843FCD8=0 0.5
unk3843FCD9=0.6000000000000001 1
unk3843FCDA=1 3
unk3992B599=0
unk39DA0A57=0 0.6
unk39DA0A58=1 1
unk39E13FAA=0 1700 0
unk3CE8EEF0=1
unk4564CEFD=2 2
unk465D8FA3=0 1100 0
unk4AF9B3D1=0 0.8
unk4AF9B3D2=0.8 1
unk4AF9B3D3=1 4
unk4B46A753=0
unk4DCA0F90=0 0.6
unk4DCA0F91=1 1
unk53C6A74A=0 -2250 0
unk5555E8EC=0 1
unk5555E8ED=0.7000000000000001 1
unk5555E8EE=1 0
unk55A3942D=0 0 0
unk5608C2B6=0 0
unk5608C2B7=1 -12
unk5686D237=0 0
unk5686D238=1 360
unk5F8DC35C=0 0
unk62ACEBF9=2000
unk668A77E0=0 0 1
unk680B9FE5=0 1
unk680B9FE6=0.9 1
unk680B9FE7=1 0
unk6E8D334C=1
unk70DC060F=1
unk74F8A010=4
unk7A84D89B=4
unk7ACB4FC3=gravity_02
unk7C251439=4
unk7CB6D91F=0 1 0
unk827D3885=1
unk8516BC97=4.75
unk875274DA=0 -1000
unk875274DB=1 1000
unk8D78EF14=0
unk9861AC0E=1
unk9D7FE283=0
unk9DFCDEB2=4
unkA7D96A9F=7
unkAEC6C04F=0.8
unkB030E0AF=0 0
unkB030E0B0=1 -20
unkB0A2A168=1
unkB0AEF030=0 0
unkB0AEF031=1 360
unkBADE929A=2.049999952316284
unkBE329EA8=0
unkC09BE821=1
unkC28D0D56=1
unkC4EF84C7=color-hold.tga
unkC5BBF5E0=0 400 0
unkC6D9AAA5=0
unkC8677CAD=1 0 0
unkCE24FE7E=40
unkD11DB5A8=DirtBits.tga
unkD222A3E1=0
unkD4F36DBC=gravity_02
unkD70711E3=0 0
unkD9037C21=0 -1000
unkD9037C22=1 1000
unkDC5781E6=1 0 0
unkE3D36CA1=Dirtbits.tga
unkE7D0255A=1 1
unkE9F64129=0 0 0
unkF6F41175=1
unkF6F41176=1
unkFB159060=1
