[Flame01]
e-rate=100
field-noise-1=FlameNoise
p-life=4
p-rgba=color-flame.tga
p-scale=14
p-texture=flames02.tga
p-type=0
p-vel=0 30 0
p-xscale=1
p-xscale1=0 0.2
p-xscale2=0.4 1
p-xscale3=0.6000000000000001 0.5
p-xscale4=1 0.1
rendermode=0

[FlameNoise]
f-period=0.30000000000000004
f-pos=0 0 0
f-radius=1000
f-veldelta=10

[System]
GroupPart1=Flame01
GroupPart1Type=Simple

[UNKNOWN_HASHES]
unk1E0E56D5=1500
unk2FE53305=-10
unk4007CC17=0
unk9E2B8451=0 0 0
unkB381534C=0 -10 0
