[CustomAccelField-1]
f-accel=0 15 0
f-localspace=0

[System]
GroupPart1=starTrailSPIN
GroupPart1Importance=High
GroupPart1Type=Simple
GroupPart2=sparks_03
GroupPart2Importance=High
GroupPart2Type=Simple
SimulateEveryFrame=1

[sparks_03]
e-life=0.1
e-rate=10
e-rotation1=1
e-rotation1P1=0 0
e-rotation1P2=1 360
p-bindtoemitter=1 1
p-life=0.2
p-lifeP1=0 0.15
p-lifeP2=1 0.85
p-offset=0 5 0
p-offsetXP1=0 0
p-offsetXP2=1 8
p-offsetYP1=0 0
p-offsetYP2=1 12
p-quadrot=0
p-rgba=Wujustyle_buf__dark_magic__p-rgba.tga
p-rotvel=1
p-rotvelP1=0 -720
p-rotvelP2=0.5 -720
p-rotvelP3=0.5 720
p-rotvelP4=1 720
p-scale=125
p-scaleP1=0 1
p-scaleP2=1 0.9
p-texture=dark_energy_01.tga
p-vel=25 25 25
p-velYP1=0 0.5
p-velYP2=1 1.5
p-xscale=1
p-xscale1=0 1
p-xscale2=0.2 1
p-xscale3=1 1

[starTrailSPIN]
e-life=0.125
e-linger=1.5
e-rate=130
e-rotation1=1
e-rotation1P1=0 0
e-rotation1P2=1 360
field-accel-1=CustomAccelField-1
p-bindtoemitter=1 1
p-frameRate=0
p-life=0.2
p-offset=0 0 0
p-offsetXP1=0 0
p-offsetXP2=1 1
p-offsetYP1=0 0
p-offsetYP2=1 3
p-quadrot=0
p-rgba=AlphaStrike_prison__ball__p-rgba.tga
p-rotvel=1
p-rotvel1=0 0 0 0
p-rotvel2=1 0 0 180
p-scale=12.5
p-texture=magic_star_02.tga
p-vel=300 300 300
p-velYP1=0 0.5
p-velYP2=1 1.5
p-xscale=1
p-xscale1=0 5
p-xscale2=1 1

[UNKNOWN_HASHES]
unkD7F6A579=0 30 0
unkE44B1288=0 0 0 0 255
unkE44B1289=0.1226667 255 255 255 255
unkE44B128A=0.2370705 211 255 212 255
unkE44B128B=0.3477372 166 255 154 255
unkE44B128C=0.7173334 0 255 0 255
unkE44B128D=1 0 0 0 255
unkF23259FE=0 0 0 0 255
unkF23259FF=0.1226667 255 255 255 255
unkF2325A00=0.2370705 211 255 212 255
unkF2325A01=0.3477372 166 255 154 255
unkF2325A02=0.7173334 0 255 0 255
unkF2325A03=1 0 0 0 255
