[UNKNOWN_HASHES]
unk00597831=1
unk073D4F19=6
unk0A6A6A5E=color-incinerate.tga
unk0A98D12D=-1
unk0CF79B56=1
unk0D8EDBA3=1
unk0E0DD0F2=1
unk1013A27C=1
unk10F63871=1 0.44999998807907104
unk11CBAD5C=0
unk139FE415=100
unk1C7D4683=1
unk1D2A2E73=1 3
unk24ED732C=0 400 0
unk2537262D=0
unk267CF285=0 -500 0
unk2714941E=0
unk276D30C7=1 0.15000000596046448
unk29467FAB=0 0.8
unk29467FAC=1 1.2000000000000002
unk2C456E5A=0 0.3
unk2C456E5B=1 1
unk365007A0=0 0
unk365007A1=1 360
unk366AEDCB=0
unk3889F881=0 0.3
unk3889F882=1 1
unk39E06595=0
unk4154F372=1 1
unk434D37FC=0
unk439F9403=0
unk43CE19B6=0 0.8
unk46586BBF=0 0.5
unk46586BC0=0.8 1
unk46586BC1=1 1.3
unk49575A6E=0 1
unk49575A6F=0.5 1
unk49575A70=1 0
unk49BB8071=0 0
unk49BB8072=1 360
unk50575DEB=2
unk559BE495=0 0.2
unk559BE496=1 1.4000000000000001
unk57837FBA=0
unk5F75DF83=-1
unk61D4A9AC=1
unk6481E4BB=1
unk6823EE47=0 0
unk6823EE48=1 360
unk6BC86824=0 30 0
unk6DE55514=-1
unk70632664=0
unk76006296=0 1
unk76006297=1 2
unk77ED5D8C=1
unk781C5D17=0 0 1
unk7C185914=2 2
unk7D017238=0 0
unk7D017239=1 120
unk7D7F81B9=0 0
unk7D7F81BA=1 360
unk7DBDF4A6=0
unk7E6F5AE6=0 0
unk7E6F5AE7=1 1
unk7EED6A67=0 1
unk7EED6A68=1 1.2000000000000002
unk7F6B79E8=0 -10
unk7F6B79E9=1 -10
unk83EC3CC0=200
unk8E48BE56=0 1 0
unk95712EA7=0 0.5
unk95712EA8=1 1
unk95952B3D=5 20 5
unk9599CDDB=0.05000000074505806
unk9655CB62=1
unk9E3EBCB0=1
unkA0E232BC=0 0
unkA0E232BD=1 1
unkA13DAB5F=1
unkA160423D=0 1
unkA160423E=1 1.2000000000000002
unkA1C3FF45=Gravity
unkA1DE51BE=0 -10
unkA1DE51BF=1 -10
unkAC0C2393=5 20 5
unkAD823586=1
unkB7B3F965=0 0.5
unkB930C29C=1
unkBA496D4D=0.5
unkBE3838EA=200
unkC220387B=FireHit.tga
unkC430FC8C=0 0.550000011920929
unkC51F272A=FireHit.tga
unkC6613F98=0.1
unkD07231C5=color-firemissile.tga
unkD0F5676A=2 2
unkD163B151=FireHit.tga
unkD9A7AB7C=500
unkDB61FF3C=0.5
unkDF50E1F7=1
unkDF50E1F8=1
unkDF64DCFB=2 2
unkE7297558=1 0.5
unkE779D187=1
unkE7CA1D8E=0 0.5
unkE7CA1D8F=1 1
unkEA4E3CFD=0 0.5
unkEA4E3CFE=1 1
unkEA76DC31=0.1
unkEB5647CC=1 3
unkEEB8F50D=0
unkF18AC3B4=color-incinerate.tga
unkF441A5E6=0.30000000000000004
unkF8BDB28E=0 0.8
unkF8BDB28F=1 1
unkFAC03D6B=100
unkFEC1C09D=1 3
