[Cardbits]
KeywordsExcluded=TwistedFate2012
e-life=1
e-linger=0
e-local-orient=1
e-rate=100
e-rotation1=1
e-rotation1-axis=1 0 0
e-rotation1P1=0 0
e-rotation1P2=1 50
e-rotation2=1
e-rotation2-axis=0 1 0
e-rotation2P1=0 0
e-rotation2P2=1 360
field-accel-1=Gravity
field-drag-1=Drag
field-noise-1=FeathersNoise
p-colorscale=1 1
p-colortype=1 3
p-frameRate=0
p-life=1
p-lifeP1=0 1
p-lifeP2=1 2
p-linger=0
p-numframes=4
p-offset=0 0 0
p-postoffset=0 1 0
p-postoffsetYP1=0 0
p-postoffsetYP2=1 2
p-quadrot=1
p-quadrotP1=0 0
p-quadrotP2=1 360
p-randomstartframe=1
p-rgba=color-bluecardbits.tga
p-rotvel=3
p-rotvelP1=0 -360
p-rotvelP2=1 360
p-scale=10
p-scaleP1=0 0.3
p-scaleP2=0.8 0.4
p-scaleP3=1 1
p-texdiv=2 2
p-texture=Cardbits.tga
p-type=0
p-vel=0 600 0
p-velYP1=0 0.1
p-velYP2=0.8 1
p-velYP3=1 2
p-xscale1=0 1
p-xscale2=0.5 1
p-xscale3=1 0
rendermode=1
single-particle=1

[Drag]
f-drag=5
f-pos=0 0 0
f-radius=500

[FeathersNoise]
f-period=0.2
f-pos=0 1 0
f-radius=300
f-veldelta=50
f-veldelta1=0 0
f-veldelta2=1 1

[Gravity]
f-accel=0 -600 0
f-localspace=0

[Rays]
e-life=1
e-linger=0
e-rate=100
e-rgba=255 255 255 255
p-bindtoemitter=1
p-flexoffset=0.004999999888241291
p-flexscale=0.004999999888241291
p-life=0.30000000000000004
p-lifeP1=0 0.5
p-lifeP2=1 1.5
p-linger=0
p-offset=0 30 0
p-postoffset=0 0 0
p-quadrot=1 1 0
p-quadrotXP1=0 0
p-quadrotXP2=1 360
p-quadrotYP1=0 0
p-quadrotYP2=1 360
p-scale=30 1 1
p-scaleXP1=0 1
p-scaleXP2=1 2
p-scaleZP1=0 0
p-scaleZP2=1 2
p-texture=streak.tga
p-type=2
p-xrgba=1 1 1 1
p-xrgba1=0 1 1 1 1
p-xrgba2=0.5 0.4 0.4 1 1
p-xrgba3=1 0 0 1 0
p-xscale1=0 2 20 0
p-xscale2=1 1 150 30
rendermode=0
single-particle=1

[System]
GroupPart1=Cardbits
GroupPart1Type=Simple
GroupPart2=Rays
PersistThruDeath=1
SoundOnCreate=Play_sfx_TwistedFate_BlueCardAttack_hit

[UNKNOWN_HASHES]
unk02259F35=1
unk216331E8=0 1
unk216331E9=0.2 1.8
unk216331EA=1 2
unk3F0DB74E=2
unk5D2FC393=80
unk63103A53=0.5
unk6CEE595E=1 0.2
unk6F280C9E=0.05999999865889549
unk7938FECB=color-rampdown.tga
unk794982D9=1
unk7A898701=1 1
unk826E7882=1
unk88FA0246=1 0
unk95D88682=0
unk9D2AFEA4=cardhit.tga
unkA4EB20DF=1 1
unkAF6F67D6=0
unkB7A1F089=1
unkD3F3C21A=0 0
unkD3F3C21B=1 360
unkDDBF0991=1
unkDF31BAD1=1
unkF11CFC13=0
unkF18D4C2A=0 0 0
