[System]
GroupPart1=cutlass
GroupPart2=jollyroger
GroupPart3=magic
GroupPart3Importance=High
GroupPart3Type=Simple
PersistThruDeath=1
SimulateEveryFrame=1

[cutlass]
e-life=1
e-linger=0
e-local-orient=0
e-rate=1
e-uvoffset=0.1 0
p-bindtoemitter=1
p-coloroffset=0 0
p-colorscale=1 1
p-colortype=1 0
p-flexoffset=0.004999999888241291
p-frameRate=0
p-life=0.30000000000000004
p-linger=0
p-local-orient=0
p-mesh=cutlass.sco
p-meshtex=cutlasstrail_02.tga
p-numframes=10
p-offset=0 200 0
p-quadrot=0 40 0
p-rgba=color-hold.tga
p-scale=1 1 1
p-startframe=0
p-texdiv=1 1
p-type=3
p-uvscroll-rgb=3 0
rendermode=0
single-particle=1

[jollyroger]
e-life=1
e-linger=0
e-local-orient=0
e-rate=1
e-uvoffset=0.2 0
p-bindtoemitter=1
p-coloroffset=0 0
p-colorscale=1 1
p-colortype=1 0
p-flexoffset=0.004999999888241291
p-frameRate=0
p-life=1
p-linger=0
p-local-orient=0
p-mesh=cutlass.sco
p-meshtex=jollyroger32.tga
p-numframes=10
p-offset=0 200 0
p-quadrot=0 40 0
p-rgba=color-daggerfade32.tga
p-rotvel=0 -20 0
p-scale=1 1 1
p-startframe=0
p-texdiv=1 1
p-type=3
p-uvscroll-no-alpha=1
p-uvscroll-rgb=1 0
p-xscale1=0 1 1 1
p-xscale2=1 1.2000000000000002 1.2000000000000002 1.2000000000000002
rendermode=1
single-particle=1

[magic]
e-life=0.325
e-linger=1.5
e-rate=65
e-rotation1=1
e-rotation1P1=0 0
e-rotation1P2=1 360
e-timeoffset=0.2
field-accel-1=gravity
p-bindtoemitter=1 ,8
p-life=0.4
p-lifeP1=0 0.15
p-lifeP2=1 1
p-offset=20 20 20
p-offsetXP1=0 0
p-offsetXP2=1 1
p-offsetYP1=0 0
p-offsetYP2=1 3
p-postoffset=0 30 0
p-quadrot=0
p-rgba=color-smoke32_07.tga
p-rotvel=1
p-rotvel1=0 0 0 0
p-rotvel2=1 0 0 180
p-scale=100
p-scaleP1=0 0.25
p-scaleP2=1 0.85
p-texture=flare-Rainbow_yellow_03.tga
p-vel=205 205 205
p-velYP1=0 1.5499999523162842
p-velYP2=1 0.25
p-xscale=1
p-xscale1=0 1
p-xscale2=0.4 1
p-xscale3=1 0

[UNKNOWN_HASHES]
unk02ABBCE7=0 0 0 0 255
unk02ABBCE8=0.1226667 255 255 255 255
unk02ABBCE9=0.2370705 211 255 212 255
unk02ABBCEA=0.3477372 166 255 154 255
unk02ABBCEB=0.7173334 0 255 0 255
unk02ABBCEC=1 0 0 0 255
unk12201972=0 0 0
unk15BFEB07=-280 0 0
unk187D280F=color-white32.tga
unk18E43033=0.30000000000000004 1
unk24453F94=0 0 0
unk3A4A2BA9=150 0 0
unk3BBF6126=4
unk3BD23368=1
unk49B87EC8=1
unk4B8DED3B=4
unk5E36FB13=1
unk65A09932=0.5
unk71E397BC=-500 0 0
unk8597BC5E=1 1 1
unk97B10AEF=2 0
unk9CB55B53=0 1 1 1
unk9CB55B54=1 0 0 0
unk9FA64CC8=0.5 1
unkAA853FEF=0 0 0
unkAF82F54A=0.7000000000000001 0
unkBF9DE0A8=0.30000000000000004
unkCA60B27E=0 30 0
unkCBB5B2F3=4
unkCBE6847D=1
unkCE66BBBA=jollyroger32.tga
unkCF6C6CBD=0.5
unkD5C6A520=color-bluehit.tga
unkD8DCF94F=0
unkDA9E4C9B=2000 0 0
unkDB843F08=-1
unkDCFE66AD=4
unkDE9364ED=0 0 1 0
unkDE9364EE=1 1 1 1
unkDEFC1ED7=120
unkDF7205BF=0 0 0
unkE0782631=1 0
unkE311D754=200 100 0
unkE5953135=color-hold.tga
unkE8FC945C=1 0
unkEECAAAEC=60
unkF49BAC44=6000 30 0
unkF5DCFDF5=0.5 0
