[Drag]
f-drag=4
f-pos=0 0 0
f-radius=1000

[System]
GroupPart1=blastring
GroupPart1Type=Simple
GroupPart2=star
GroupPart2Type=Simple
GroupPart3Type=Simple
GroupPart4Type=Simple
GroupPart5Type=Simple

[blastring]
e-life=1
e-rate=4
p-coloroffset=0 0
p-colorscale=1 1
p-colortype=1 0
p-frameRate=0
p-life=1.5
p-numframes=1
p-offset=0 1 0
p-quadrot=1
p-quadrotP1=0 0
p-quadrotP2=1 360
p-rgba=globalhit_yellow.tga
p-scale=150
p-simpleorient=2
p-startframe=4
p-texdiv=2 3
p-texture=GlobalTargetHit01.tga
p-type=1
p-xscale=1
p-xscale1=0 0.30000000000000004
p-xscale2=0.1 1
p-xscale3=0.5 1
p-xscale4=1 1
single-particle=1

[star]
e-life=1
e-rate=100
e-rotation1=1
e-rotation1-axis=0 1 0
e-rotation1P1=0 0
e-rotation1P2=1 360
field-drag-1=Drag
p-coloroffset=0 0
p-colorscale=1 1
p-colortype=1 3
p-flexoffset=0.004999999888241291
p-life=1
p-offset=60 120 0
p-offsetYP1=0 0.5
p-offsetYP2=1 1.5
p-quadrot=0
p-rgba=color-righteousfury.tga
p-scale=30
p-startframe=3
p-texdiv=2 2
p-texture=summoner_banish.tga
p-vel=0 -500 0
p-velYP1=0 0.8
p-velYP2=1 1.2000000000000002
p-xscale1=0 1
p-xscale2=0.2 1
p-xscale3=1 0
single-particle=1

[UNKNOWN_HASHES]
unk009F6CE5=255 255 255 255
unk027403EC=1
unk0967DDC3=0.2
unk09712FEE=90
unk157FB00E=1
unk187E20C3=0 0.7789999842643738
unk187E20C4=1 1.1863700151443481
unk19670738=0.5
unk19DFA0B0=255 255 255 255
unk1D7EDBF9=1
unk1E312278=0 0.7789999842643738
unk1E312279=1 1.2234439849853516
unk1F90A23B=globalhit_yellow.tga
unk257ED983=1
unk28C61BF2=1
unk2BC466F3=1
unk2C4855FE=0 0.7789999842643738
unk2C4855FF=1 1.0010000467300415
unk2F8FCBB0=globalhit_yellow.tga
unk35A4ABE7=4
unk38C54567=1
unk3AE55274=0 60 165 183 255
unk3AE55275=0.92 0 0 0 255
unk492ADD6E=0 60 165 183 255
unk492ADD6F=0.92 0 0 0 255
unk4AFE3166=2 3
unk525401F2=1
unk69F712A9=130
unk706471B4=45
unk76177369=-45
unk7759255A=0 40 0
unk7A65836B=255 255 255 255
unk842EA6EF=45
unk859EB054=0 40 0
unk88169AEE=1
unk9445ED7F=GlobalTargetHit01.tga
unk99F8EF34=GlobalTargetHit01.tga
unkA57D1169=0 255 255 255 255
unkA57D116A=0.92 0 0 0 255
unkA81022BA=GlobalTargetHit01.tga
unkBBA452EC=3
unkE0667271=2 3
unkE1F0E44F=0 40 0
unkE315C5BD=0.2
unkEEABFD6B=2 3
unkEF2D9808=1
unkF030FC23=120
unkF93E8A35=globalhit_yellow.tga
