[System]
GroupPart1=bullet
GroupPart1Type=Simple
GroupPart2=smoke
GroupPart2Type=Simple
GroupPart3Type=Simple
GroupPart4Type=Simple
SimulateEveryFrame=1

[bullet]
e-rate=20
p-bindtoemitter=1 1
p-life=0.5
p-linger=0
p-quadrot=1
p-quadrotP1=0 0
p-quadrotP2=1 360
p-rgba=color-white32.tga
p-scale=20
p-texture=hotshot.tga
p-vel=0 -100 0
p-velXP1=0 0.5
p-velXP2=1 1.5
p-xscale=1
p-xscale1=0 0.5
p-xscale2=1 3

[smoke]
e-rate=120
p-bindtoemitter=0 0
p-coloroffset=0.5 0
p-colorscale=0.5 0.4
p-life=1
p-lifeP1=0 0.8
p-lifeP2=1 1.4000000000000001
p-linger=-1
p-numframes=4
p-postoffset=5 50 5
p-postoffsetXP1=0 0
p-postoffsetXP2=1 1
p-postoffsetYP1=0 -1
p-postoffsetYP2=1 1
p-postoffsetZP1=0 0
p-postoffsetZP2=1 1
p-quadrot=1
p-quadrotP1=0 0
p-quadrotP2=1 360
p-randomstartframe=1
p-rgba=color-smoke32.tga
p-scale=50
p-scaleP1=0 0.6000000000000001
p-scaleP2=1 1.4000000000000001
p-texdiv=2 2
p-texture=smokepuffs.tga
p-xscale=1
p-xscale1=0 1
p-xscale2=1 1.5
rendermode=1

[UNKNOWN_HASHES]
unk013B9371=0 0 0
unk05E04024=0 0
unk05E04025=1 360
unk084CC177=2 2
unk08B2CFC9=0.5
unk10B2020A=0 0.2
unk10B2020B=1 1.3
unk1EDB9441=color-blood32.tga
unk21A5970A=0 0.8
unk21A5970B=1 1.5
unk21D2A8DE=0 0.4
unk21D2A8DF=1 1.2000000000000002
unk23715576=0.6000000000000001 0
unk267CF285=0 -400 0
unk2714941E=0
unk28110DF8=100
unk294EC9F0=1
unk2A578826=0 0
unk2A578827=1 1
unk2AD597A7=0 0
unk2AD597A8=1 1
unk2B53A728=0 0
unk2B53A729=1 1
unk34121D3F=4
unk3EE494F2=0 0.5
unk3EE494F3=1 60
unk40B44993=0 0 1
unk45652AFF=1
unk459001FC=0.4
unk4D3045BB=disintegrate02.tga
unk55A3942D=0 0 0
unk58F5A8BC=0 0
unk58F5A8BD=1 10
unk5973B83D=0 0
unk5973B83E=1 360
unk5BB8C674=color-firemissile.tga
unk5ECE0A2A=2 3
unk62AB1387=1 0.5
unk62ACEBF9=2000
unk64EE402B=120
unk67334ABD=0 0
unk67334ABE=1 1
unk68D554E9=0 0
unk6D0D0C11=1 0 0
unk7826DFBD=0 0.8
unk7826DFBE=1 2
unk7A84D89B=4
unk7DB835C9=CustomAccelField-1
unk81F7073B=BloodDrag
unk87211C7E=0 -3000 0
unk881F2DDD=1 3
unk8B9540AB=4
unk950A965B=0.5
unk96CAE5E3=1
unk96CD3990=-1
unk96FE5B89=1
unk9BE673B2=1
unk9C6D7358=0.4
unkA4960F07=turret nexus inhibitor
unkA4D8ECD6=Gravity
unkAEE11A7B=1
unkAEE11A7C=1
unkAEE11A7D=50
unkB076BCEE=SparksDrag
unkB430AA57=2
unkB4568CEB=0 0.1
unkB4568CEC=1 1
unkB5A88B9D=1.5
unkBAAC61AE=bloodgoop.tga
unkBAC8E6F6=0 0.5
unkBAE68050=1 3
unkBE139FB5=1000
unkBF97B1B0=0 1200 0
unkC02E4165=0
unkD16878FF=0 1
unkD1687900=0.5 1
unkD1687901=1 0
unkD318EDB1=0 0
unkD318EDB2=1 360
unkE0CBC2BD=0 1000 0
unkE15BE5E0=4
unkE24AE62A=4
unkE74A0653=15 15 15
unkED4E8243=-1
