[System]
SimulateEveryFrame=1

[UNKNOWN_HASHES]
unk03F4BF27=0
unk0433467F=4 4
unk0514B346=0.5 0.5
unk065D73FA=0 0
unk07FD79C2=0 -1
unk07FD79C3=1 1
unk087B8943=0.8 1
unk087B8944=1 1.5
unk08F998C4=0 -1
unk08F998C5=1 1
unk0A2A4148=1 3
unk0C1A7791=0 1
unk0C1A7792=1 0.7
unk12014ECE=Renekton_VolcanoGod
unk1224BFF8=8 8 8
unk17BA4CAF=0 0
unk17BA4CB0=1 360
unk18F61060=4
unk198DA2DB=1
unk199A0190=0
unk1B5CA4C5=0
unk1D8C1C12=0 0.2
unk1D8C1C13=1 1
unk21EB8FF0=Renekton_VolcanoGod
unk230DEE74=1
unk23CEDF95=100 100 100
unk240E7738=1
unk2444EEC2=1 0 0
unk2752BF27=0
unk284D726C=4
unk29FE66D5=0 200 0
unk2C530AE9=0 0.25
unk2C530AEA=1 1
unk2F0DD74F=0 -1
unk2F0DD750=1 1
unk309FA6D8=0
unk37AD31F7=1
unk38131FFC=Renekton_VolcanoGod
unk3A715001=0 1 0
unk3C786DB4=0 0
unk3C786DB5=1 360
unk3D6F1EA6=flames05.tga
unk3EB6FC9D=1
unk3ED652CE=1
unk3F5D58D1=1
unk3FE72B1C=HeatDrag
unk40E58B4C=1
unk434CA787=0.55
unk45EC29CA=8
unk46EF6A3F=color-hold.tga
unk4964F6FD=0 0
unk4964F6FE=0.5 1
unk4964F6FF=1 1
unk4AFC1FC7=0 0
unk4AFC1FC8=1 360
unk4B752B1C=-1
unk4B7A2F48=0 0
unk4B7A2F49=1 360
unk53173337=1 1
unk5327598A=2
unk54E9FCBF=2
unk5524011C=0 0
unk5524011D=1 360
unk55861D49=color-firenovaripple.tga
unk5620FD8F=1
unk567CF348=300 0 0
unk5B4BC57E=0.7
unk5D5C378F=70 0 0
unk5E020AC8=1 0 0
unk5EBB9700=50
unk5FA984CF=0 100 0
unk5FAD9B64=1
unk6497FA78=0.8
unk64C70717=Env_MB_brazierFire_flipbook_01.tga
unk6601C0DA=0 350 0
unk6637A251=0 -1
unk6637A252=1 1
unk66B5B1D2=0.8 1
unk66B5B1D3=1 1.5
unk6733C153=0 -1
unk6733C154=1 1
unk676397C9=-1
unk6BB30139=1 1
unk6DEC4BEA=0 1 0
unk70AFCCC3=14
unk716306B2=0
unk717489F6=color-flame.tga
unk742E6C07=0 1 0
unk77FB9586=35 35 35
unk79789046=Noise
unk7AAA03AD=6
unk7AC0BEF0=color-bellcurve32.tga
unk7B97E4B7=80 0 0
unk7C9266A8=220 0 0
unk7DBD0CAE=120
unk7E1EC04E=1
unk80DDD912=distort-heat.tga
unk81471072=1
unk8186EA8C=1
unk8186EA8D=1
unk81E2DC91=0
unk81F1BBA0=0.75
unk8355DE37=16
unk83F638A7=5
unk85605FB7=1.5 -3 1.5
unk8CDC2CAC=4 2
unk8D8C5061=1 0
unk8E098DEB=-1
unk8EA17C3E=4
unk900A4B42=0 50 0
unk901B62F1=0 -1
unk901B62F2=1 1
unk90F11B63=0
unk91E2A9AC=2
unk922866C9=0
unk9440222D=1 0
unk94C35DBE=0 -1
unk94C35DBF=0.5 -0.699999988079071
unk94C35DC0=0.5099999904632568 0.699999988079071
unk94C35DC1=1 1
unk981A8018=color_Renekton_VG_E_wind.tga
unk9A2D6019=220 0 0
unk9B25F968=80 0 0
unk9D1E02A1=Renekton_VolcanoGod
unk9DFA7BF7=1
unk9E12804D=0 0
unk9E12804E=1 40
unk9E908FCE=0 0
unk9E908FCF=1 360
unk9FAA2CAF=0.55
unkA14B47EE=0 0 1
unkA14FF9CF=150
unkA55F7409=1 1
unkA569848B=0 800 0
unkA635023F=0 1
unkA6350240=0.9 1
unkA6350241=1 2
unkA80B6E24=trans-renektonblade.tga
unkA9551DE1=1
unkAB5CFEBB=200 200 0
unkABD1EB41=0 200 0
unkAE45F86A=300 0 0
unkB2A84495=35 35 35
unkB3AF4050=1
unkB6ACC10D=0 0
unkB6ACC10E=1 360
unkBAB68FD1=0.009999999776482582
unkBB063CDF=16
unkBB7ED94F=0
unkBC0709F7=0 100 0
unkBF48248D=Attract3
unkC0BB2706=1
unkC0BB2707=1
unkC1A751EA=0 0.1 0.1 0.1
unkC1A751EB=0.3 1.3 1.3 1.5
unkC1A751EC=1 0.2 0.2 0.2
unkC36851F3=2
unkC52CC3B9=Env_MB_brazierFire_flipbook_01.tga
unkC90BA376=1
unkCB279D83=0 0.9
unkCB279D84=1 2
unkCBA018BA=Renekton_VG_trasition.tga
unkCCC08CDB=1 3
unkCD85175E=0 -1
unkCD85175F=1 1
unkCDD40D1B=300 0 0
unkCE73C3F6=0
unkCECEC539=0 1
unkCECEC53A=1 1.2000000000000002
unkCF444CD2=1
unkCF905D29=8 8 8
unkD7054FE5=0 0
unkD7054FE6=1 1
unkD84432C8=Renekton_VolcanoGod
unkD8861035=0 0
unkD8861036=1 360
unkD8C5077A=0 0
unkDB0A9203=1 1
unkDE3E4525=0 0
unkDE3E4526=1 360
unkDF11F060=0.55
unkE0B97AF6=0
unkE4A531CE=4 2
unkE4DE9E28=8
unkE8FF3A5B=0 0.1 0.1 0.1
unkE8FF3A5C=0.3 1.3 1.3 1.5
unkE8FF3A5D=1 0.2 0.2 0.2
unkE91EBE9B=0 1 0
unkEC8C62E0=0 1
unkEC8C62E1=1 0.7
unkEE4D2BE8=1.5 -3 1.5
unkF32B1D70=Drag
unkF335F26B=0
unkFB6ECDA8=0 100 0
unkFCC9FCB0=Renekton_volcanogod_ultimate_tx_cm.tga
unkFD893AA3=1
unkFDFE0761=0 0.4
unkFDFE0762=1 1
unkFE133C1E=0
unkFE24DB73=1
unkFF020328=5 5 5
