[System]
GroupPart1=cursebandages
GroupPart2=bloodslash
SimulateEveryFrame=1

[cursebandages]
e-life=1
e-linger=0
e-local-orient=1
e-rate=8
e-rgba=255 255 255 255
e-uvoffset=1 0
e-uvoffsetXP1=0 0
e-uvoffsetXP2=1 1
p-backfaceon=1
p-bindtoemitter=1
p-drag=0 5 0
p-flexoffset=0.004999999888241291
p-flexscale=0.004999999888241291
p-frameRate=0
p-life=2
p-lifeP1=0 0.4
p-lifeP2=1 1.5
p-linger=2
p-mesh=Amumu_robot_cablering.sco
p-meshtex=Amumu_Sadrobot_Ultcables.tga
p-numframes=1
p-offset=0 1 0
p-offsetYP1=0.2 0
p-offsetYP2=1 90
p-quadrot=15 1 15
p-quadrotXP1=0 -1
p-quadrotXP2=1 1
p-quadrotYP1=0 0
p-quadrotYP2=1 360
p-scale=10 40 10
p-shadow=0
p-startframe=0
p-texdiv=1 1
p-texture=bandages.tga
p-type=3
p-uvscroll-rgb=-0.20000000298023224 0
p-vel=0 200 0
p-xquadrot=1 1 1
p-xquadrot-on=1
p-xquadrot1=0 0 10 0
p-xquadrot2=0.1 0 5 0
p-xquadrot3=0.2 0 20 0
p-xquadrot4=0.30000000000000004 0 4 0
p-xquadrot5=0.4 0 0 0
p-xquadrot6=0.5 0 0 0
p-xquadrot7=0.6000000000000001 0 0 0
p-xquadrot8=1 0 0 0
p-xrgba=1 1 1 1
p-xrgba1=0 1 1 1 0
p-xrgba2=0.2 1 1 1 1
p-xrgba3=0.8 1 1 1 1
p-xrgba4=1 1 1 1 0
p-xscale=0.8 1 0.8
p-xscale1=0 0.8 1 0.8
p-xscale2=0.1 1.2000000000000002 1 1.2000000000000002
p-xscale3=0.30000000000000004 0.5 1 0.5
p-xscale4=0.4 0.6000000000000001 1 0.6000000000000001
p-xscale5=1 0.6000000000000001 1 0.6000000000000001
rendermode=1
single-particle=1

[UNKNOWN_HASHES]
unk0026D7F1=0 0
unk0026D7F2=1 360
unk0F8874AA=0 -500 0
unk114C414B=0.007000000216066837
unk16EED6F4=4
unk1AF9FB7C=1 0 0
unk267CF285=0 -500 0
unk2714941E=0
unk342DAC30=3
unk36672770=0.5
unk3B97B4E6=0
unk3BBD7502=0 0
unk3EDB7747=bloodstrand.tga
unk427EF9BB=3
unk45CC92EB=1 1 1
unk46D1042B=0 0 0
unk47ED2FBA=0 0 1
unk4A348555=0 0
unk4A348556=1 20
unk4AB294D6=0 0
unk4AB294D7=1 360
unk4C8FEBE8=color-bloodstrand32.tga
unk4CB11DB6=20 20 20
unk4F350DC9=1
unk55C5659F=200
unk57D0711D=0.004999999888241291
unk5C746887=0 50 0
unk60B41A52=3 3 3
unk6346C1BD=0 0
unk6346C1BE=1 360
unk6C90EEE0=0.004999999888241291
unk7D8D2F7F=0 -120
unk7D8D2F80=1 120
unk85A4F617=1
unk8E6B8994=64
unk8F227C3A=1 0 0
unk91BDD430=1
unk9D146B03=0 0.2
unk9D146B04=1 1.2000000000000002
unk9D927A84=0 0.30000000000000004
unk9D927A85=1 0.6000000000000001
unk9DC33A05=1 3
unk9E900049=0 500 0
unkA789ED8E=0 0
unkA789ED8F=1 35
unkA807FD0F=0 0
unkA807FD10=1 90
unkA8860C90=0 0
unkA8860C91=1 35
unkAE2CF394=1
unkAE2CF395=1
unkAED9E002=2 2
unkB6C11114=0 0
unkB6C11115=1 1
unkB73F2095=0 0.7
unkB73F2096=1 1
unkBA325969=1 3
unkBC327CA6=1
unkC232115F=1 1
unkC581B59E=1 1
unkC69A2BC8=2 2 2
unkC832B595=0 0.2
unkC832B596=1 1
unkCDE6F631=0 0.8
unkCDE6F632=1 1.8
unkD14EE494=0
unkD5F1E5E3=sparks.tga
unkD8CF43D4=0.7
unkDEDA8B31=0 0.5
unkDEDA8B32=1 1.5
unkE0EECAFB=1 1
unkE37F79A0=turret nexus inhibitor
unkE4E7161F=2
unkEEF8084C=Amumu_Sadrobot_Color_Electricity.tga
unkF0CBBB0E=0 -2000 0
unkF82D8203=75
unkFC668AE5=500 1000 0
unkFD4C4FFB=0 1 1 1
unkFD4C4FFC=1 3 3 3
