[System]
GroupPart1Type=Simple
GroupPart2Type=Simple
GroupPart3Type=Simple
GroupPart4Type=Simple
GroupPart5=lightning
GroupPart6Type=Simple
SimulateEveryFrame=1

[lightning]
e-linger=0
e-rate=180
e-rgba=255 255 255 255
p-accel=0 0 0
p-bindtoemitter=0.5
p-frameRate=0
p-life=0.05000000074505806
p-linger=0
p-numframes=4
p-postoffset=0 0 0
p-quadrot=1 1 1
p-quadrotXP1=0 0
p-quadrotXP2=1 360
p-quadrotYP1=0 0
p-quadrotYP2=1 360
p-quadrotZP1=0 0
p-quadrotZP2=1 360
p-randomstartframe=1
p-scale=80 60 0
p-scaleYP1=0 0.2
p-scaleYP2=1 1
p-startframe=1
p-texdiv=2 2
p-texture=lightning02.tga
p-type=2
p-vel=0 0 0
p-xrgba1=0 1 1 1 1
p-xrgba2=0.3 1 1 1 1
p-xrgba3=1 0 0 1 0
rendermode=0

[UNKNOWN_HASHES]
unk0478CDA0=1 1
unk04CBD901=0 0
unk0A9A88E3=40
unk0BBD6E02=1 1
unk0CBBB99F=5
unk0EB3E0DB=0 0 0.009999999776482582
unk17BF747C=1
unk180C0A0E=1
unk1E36BD2F=0
unk22E47E17=color-ryzebasicattack.tga
unk27A5BEE9=1
unk28C9A928=60
unk2BEEEBDC=0
unk2C19F7CE=1
unk2C6EC33A=60
unk2F6C3C2E=0
unk342A7146=1
unk39AA49E9=1 0.4
unk39CB5269=1 0
unk3A8FF531=0
unk3BA0F047=RyzeBasicAttack.tga
unk3BED85D9=RyzeBasicAttack.tga
unk3C529866=0
unk3E350F43=0
unk3EA803F5=1
unk3FF7B278=0
unk409411FB=1 0.6000000000000001
unk449156B4=1
unk4526EE70=5
unk55938582=0 0
unk5B4FB2E8=color-ryzebasicattack.tga
unk5F28E28C=2 3
unk6040B7F9=0
unk6294770D=1
unk62CDFC9E=2 3
unk64852C9F=1
unk697E3F1F=0
unk6D433568=1 0
unk70C9D548=20
unk73AF56C6=1
unk7772E6E9=-60
unk7B023EFB=1 0
unk7B1800FB=-60
unk7D15AF5F=0
unk84C5123D=0 0
unk84C5123E=1 360
unk88DD3A1D=0
unk89319C93=0 0
unk8A31421E=0
unk8FC9FE0F=1 1
unk93B89AF8=0
unk9DB01747=20
unkA177A48B=0
unkA1EC5F6D=0
unkA2153CB1=5
unkAC1F0C93=1 1
unkADD2204D=2 3
unkAE7A21FA=1 0
unkAFCD6B5E=5
unkB126A6FB=1
unkB1733C8D=1
unkB1773A5F=2 3
unkB2F6EF58=1
unkB4E316B6=100
unkB83CF53C=0 0
unkB83CF53D=1 360
unkB83E0129=color-ryzebasicattack.tga
unkBC85F201=1 1
unkC1486EEE=0
unkC1737AE0=1
unkC341E10E=1 1
unkC5F62FD6=color-ryzebasicattack.tga
unkC5FBFECF=0 0
unkC5FBFED0=1 360
unkC72A26AA=1 0.4
unkCC4C77B4=1
unkCE13EEBC=1 0.6000000000000001
unkCF2BA98D=1
unkD100EAA1=1 1
unkD4AAE071=0
unkD4EF878A=0
unkD50822C6=RyzeBasicAttack.tga
unkD554B858=RyzeBasicAttack.tga
unkD9F94914=0 0
unkE1C67330=0
unkE1C958B5=100
unkE4F2F545=1
unkE60AE307=1
unkE66ED257=1
unkEBE6B770=0
unkEDA95AA5=0
unkEF8BD182=0
unkF01453CE=1
unkF14E74B7=0
unkF42DDBEA=1
unkF559DAB3=1
unkF6FE1BE0=0
unkF973E1CE=0 0
unkF973E1CF=1 360
unkFB568894=1 1
