[Flame]
KeywordsExcluded=MetalWingedJudicator Kayle_skin07
e-active=-1
e-linger=2
e-local-orient=0
e-period=-1
e-rate=200
e-rate1=0 1
e-rate2=0.30000000000000004 1
e-rate3=0.7000000000000001 0.6000000000000001
e-rate4=1 0.30000000000000004
e-rotation1=1
e-rotation1-axis=1 0 0
e-rotation2=1
e-rotation2P1=0 0
e-rotation2P2=1 360
field-accel-1=FlameAccel
field-attract-1=FlameAttract
field-orbit-1=orbit
p-bindtoemitter=1 1
p-colortype=1 3
p-fixedorbit=1
p-life=2
p-lifeP1=0 0.2
p-lifeP2=0.8999999761581421 0.25
p-lifeP3=1 0.4
p-numframes=2
p-offset=20 60 0
p-postoffset=0 0 0
p-postoffsetYP1=0 0.3
p-postoffsetYP2=1 1
p-quadrot=1
p-quadrotP1=0 0
p-quadrotP2=1 360
p-rgba=color-InterventionStar.tga
p-rotvel=360
p-rotvelP1=0 -1
p-rotvelP2=0.10000000149011612 -0.30000001192092896
p-rotvelP3=0.8999999761581421 -0.30000001192092896
p-rotvelP4=1 1
p-scale=2
p-scaleP1=0 1
p-scaleP2=1 1.2000000000000002
p-texture=DivineBlessing01.dds
p-vel=50 0 0
p-velYP1=0 1
p-velYP2=1 2
p-xquadrot=0
p-xscale=1
p-xscale1=0 1 0 0
p-xscale2=0.4 1.5 0 0
p-xscale3=0.444444 3.131259 0 0
p-xscale4=0.525926 3.336667 0 0
p-xscale5=0.559259 3.223444 0 0
p-xscale6=0.6 3.72537 0 0
p-xscale7=0.607407 3.81663 0 0
p-xscale8=1 0.5 0 0

[FlameAccel]
f-accel=0 20 0

[FlameAttract]
f-accel=50 0 0
f-pos=0 300 0
f-radius=600

[System]
GroupPart1=Flame
GroupPart1Type=Simple

[orbit]
f-direction=0 1 0

