[Rise]
f-accel=0 200 0
f-localspace=0

[System]
GroupPart1=fire
GroupPart1Type=Simple
GroupPart2Type=Simple
GroupPart3Type=Simple
GroupPart4Type=Simple

[fire]
e-life=10
e-linger=0
e-local-orient=1
e-rate=120
e-rotation1=50
e-rotation1-axis=0 1 0
e-rotation1P1=0 0.8
e-rotation1P2=1 1.2000000000000002
field-accel-1=Rise
p-colorscale=1 1
p-colortype=1 3
p-frameRate=0
p-life=1
p-lifeP1=0 0.3
p-lifeP2=0.9 0.4
p-lifeP3=1 1
p-numframes=4
p-offset=-1 0 0
p-offsetXP1=0 0
p-offsetXP2=1 120
p-randomstartframe=1
p-rgba=color-incinerate.tga
p-scale=10
p-scaleP1=0 1
p-scaleP2=1 2
p-startframe=0
p-texdiv=2 2
p-texture=flames01.tga
p-type=0
p-vel=0 30 0
p-xscale=1
p-xscale1=0 0
p-xscale2=0.30000000000000004 1
p-xscale3=0.5 1
p-xscale4=1 0.2
rendermode=0

[UNKNOWN_HASHES]
unk0025FDB2=16
unk0260327E=0 0
unk02779564=-360
unk048F8B3E=1
unk0C593E2A=1
unk0C7361DB=0.6000000000000001
unk0D0B4C37=2
unk0EF565AD=0
unk122BB269=0
unk188B3426=-1
unk19C16A89=2 2
unk22F5B4E6=1 1
unk264F184C=0 1
unk264F184D=1 -60
unk2659112F=flames01.tga
unk2BD1A00A=80
unk31105790=1
unk33AC3060=0 0
unk33AC3061=0.30000000000000004 1
unk33AC3062=0.5 1
unk33AC3063=1 0.2
unk341E7E0B=16
unk39B5DEE9=1
unk39F008F2=0
unk3AC33473=0 1
unk3AC33474=1 -60
unk40664EA5=0 1 0
unk410B5CFE=0 0
unk43E4B57D=0
unk43F88231=0 3 0
unk47F18FAE=0 0
unk47F18FAF=1 64
unk48204C87=0 0
unk48204C88=0.30000000000000004 1
unk48204C89=0.5 1
unk48204C8A=1 0.2
unk486F9F2F=0 0
unk486F9F30=1 0
unk48EDAEB0=0 0
unk48EDAEB1=1 0
unk4BDFE20A=1
unk4C633497=0
unk5434F69A=0
unk55F799CF=30
unk56D9D411=1
unk57B3B92E=0
unk5BFEA986=0
unk5CA7316A=0 0 0
unk5DC14CBB=30
unk638B22F5=1
unk6470E456=0 0 0
unk67AF373D=0 0
unk67AF373E=1 360
unk68C011DF=-64 0 0
unk6C30AA4E=1
unk6D071F88=0.5
unk6F183431=1
unk6F8B9B9B=0
unk70AC197C=1
unk73D3162A=0 0
unk73D3162B=1 360
unk740FCED6=0
unk791EF1D3=-1
unk7AE065FF=1 1
unk7E1546BE=0 1 0
unk80F7E146=0
unk8894E259=0
unk8B37CA6A=0
unk8B928151=-360
unk8C655DB7=60
unk8C71C44A=CustomAccelField-1
unk9117E852=1
unk9314690B=1 1
unk935757DE=1
unk94458934=0
unk984EF283=0
unk9895A337=CustomAccelField-1
unk98E19B3E=1
unk9BB9F064=1 1
unk9C2C1E45=0 3 0
unk9D342C5F=0 1
unk9D342C60=1 60
unkA0069D78=-360
unkA261BE6A=0 0
unkA326E4E1=1
unkA3CA9323=3
unkA67F3F6D=0
unkA709E8CA=1
unkA794A7B2=-64 0 0
unkA841E2A2=30
unkA892440D=0 0
unkAA914473=0 0
unkAA914474=0.30000000000000004 1
unkAA914475=0.5 1
unkAA914476=1 0.2
unkAC01836F=0
unkAE859D57=0 0
unkAEF17A3D=0 0 0
unkAF73FD1C=flames01.tga
unkB6272B9E=16
unkB6415A54=1
unkBDCE8874=0.5
unkBEE6E1AD=1
unkC0F47242=0
unkC3E81943=flames01.tga
unkC5FE8C48=0
unkC6746BD2=0 1 0
unkC77721B6=2 2
unkC7ADAB51=0 0
unkC7ADAB52=1 360
unkC7F6EB57=0 0
unkC9E65ABF=-1
unkCBEDBC5A=0
unkCCD167BA=0 0
unkCEDD1E07=0 0
unkCEDD1E08=1 64
unkCF40D4A2=2 2
unkCF5B2D88=0 0
unkCF5B2D89=1 0
unkCFD93D09=0 0
unkCFD93D0A=1 0
unkD2B02AF7=1 1
unkD72DB2EA=0 0
unkDD2CC6A3=20
unkDE13E59A=0 0
unkDE13E59B=1 64
unkDE91F51B=0 0
unkDE91F51C=1 0
unkDF10049C=0 0
unkDF10049D=1 0
unkE083F8A6=0 0
unkE3227B83=0
unkE3623125=1
unkE4211F13=1 1
unkE928A006=0
unkEC70385E=CustomAccelField-1
unkED377B1E=0 3 0
unkED71C4D0=0
unkF5DD1C40=1
unkFF7F58CB=-64 0 0
unkFFC90815=0
