[UNKNOWN_HASHES]
unk1277F91C=0 0
unk1277F91D=1 360
unk22E54E7F=2 3
unk3D5A5EA8=0 100 0
unk4A1A31D6=0 0
unk4A1A31D7=1 -90
unk577749EA=0 2.1502959728240967
unk577749EB=0.2555555999279022 0.4448888897895813
unk577749EC=0.6110000014305115 0
unk5FFDB807=1
unk7D642E82=0 177 25 22 255
unk7D642E83=0.7573333 0 0 0 255
unk9EF43C95=30
unkA89360D1=1
unkAF5D9ADB=45
unkB4AB331C=-1
unkB9D80168=10 10 10
unkBEBC2549=enrage_buf__star__p-rgba.dds
unkC7F19F00=50
unkD144ECD1=0 -1
unkD144ECD2=1 1
unkD1C2FC52=0 -1
unkD1C2FC53=1 1
unkD2410BD3=0 -1
unkD2410BD4=1 1
unkD33F16A6=BlindMonkChannel01.dds
unkEC86151B=1
unkEDF39ED8=0
