[UNKNOWN_HASHES]
unk0C9F6610=Glows.tga
unk0D265979=0
unk0EE8FCAE=0
unk175B377E=3 3 3
unk3E61C1E7=0.1599999964237213
unk4671A64B=1 1
unk4A799432=1
unk548A865F=color-embers.tga
unk5DC00016=60
unk73C5AD40=0 0.9
unk73C5AD41=1 1.2000000000000002
unk75A0273B=0 -1
unk75A0273C=1 1
unk761E36BC=0 -1
unk761E36BD=1 1
unk769C463D=0 -1
unk769C463E=1 1
unk80688495=2 2
unkB35742F2=1 1
unkB6D33386=0 0
unkB6D33387=1 360
unkDC417016=3
unkDDD420FF=50
unkE8BDEA45=1
