[System]
GroupPart1=shield
GroupPart2=shieldhex

[shield]
e-local-orient=0
e-rate=1
e-rgba=255 255 255 150
p-backfaceon=0
p-bindtoemitter=1 1
p-flexscale=0.003000000026077032
p-frameRate=0
p-life=18
p-linger=0
p-mesh=geosphere.sco
p-meshtex=spellblockcellA.tga
p-numframes=1
p-offset=0 0 0
p-quadrot=0 0 0
p-rotvel=0 15 0
p-scale=15 15 15
p-startframe=0
p-texdiv=1 1
p-type=3
p-uvscroll-rgb=1 0
rendermode=0
single-particle=1

[shieldhex]
e-local-orient=0
e-rate=1
e-rgba=255 255 255 255
p-backfaceon=0
p-bindtoemitter=1 1
p-flexscale=0.003000000026077032
p-frameRate=0
p-life=18
p-linger=0
p-mesh=geosphere.sco
p-meshtex=hex.tga
p-numframes=1
p-offset=0 0 0
p-quadrot=0 0 0
p-rotvel=0 15 0
p-scale=15 15 15
p-startframe=0
p-texdiv=1 1
p-type=3
p-xrgba1=1 0.20000000298023224 0.09000000357627869 1
p-xrgba2=1 0.20000000298023224 0.05999999865889549 1
p-xrgba3=1 0.20000000298023224 0.029999999329447746 1
p-xrgba4=1 0.2 0 1
rendermode=0
single-particle=1

