[System]
GroupPart1=hex_zap
GroupPart1Importance=High
SimulateEveryFrame=1

[hex_zap]
KeywordsExcluded=RumbleSkin03
e-active=0.30000000000000004
e-period=2.5
e-rate=13
e-rateP1=0 1
e-rateP2=0.7000000000000001 0.5
e-rateP3=1 0
p-bindtoemitter=1 1
p-colortype=1 3
p-life=0.30000000000000004
p-life1=0 1
p-life2=0.5 1.25
p-life3=1 1.5
p-linger=0
p-mesh=magicball.sco
p-meshtex=mord_energy_ball_05.dds
p-postoffset=0 75 0
p-quadrot=360 360 360
p-quadrotXP1=0 0
p-quadrotXP2=1 1
p-quadrotYP1=0 0
p-quadrotYP2=1 1
p-quadrotZP1=0 0
p-quadrotZP2=1 1
p-rgba=color-mana_energy_01.tga
p-rotvel=0 120 120
p-rotvel1=0 1 1 1
p-rotvel2=1 0.1 0.1 0.1
p-rotvelYP1=0 -1
p-rotvelYP2=1 1
p-rotvelZP1=0 -1
p-rotvelZP2=1 1
p-scale=4 4 4
p-type=3

[UNKNOWN_HASHES]
unk10D926D4=1
unk215383F6=1
unk3338EECF=1000
unk7AC159DA=1
unk8E3A18C9=500
unk9CF498B2=50
unkDE25433B=1
unkE902BD6F=0 100 0
unkF3A66671=4
unkFCEC3B38=0.2
