[Flame]
KeywordsExcluded=JungleRumble RumbleSkin03
e-local-orient=1
e-rate=26
e-rotation1=1
e-rotation1-axis=1 0 0
e-rotation1P1=0 0
e-rotation1P2=1 40
e-rotation2=1
e-rotation2-axis=0 1 0
e-rotation2P1=0 0
e-rotation2P2=1 360
field-accel-1=FlameAccel
field-attract-1=FlameAttract
p-bindtoemitter=1 1
p-colorscale=1 0.2
p-colortype=1 0
p-life=2.2
p-lifeP1=0 0.1
p-lifeP2=0.8999999761581421 0.15000000596046448
p-lifeP3=1 0.30000000000000004
p-offset=5 5 5
p-offsetXP1=0 0
p-offsetXP2=1 1
p-postoffset=0 0 0
p-quadrot=1
p-quadrotP1=0 0
p-quadrotP2=1 360
p-rotvel=360
p-rotvelP1=0 -1
p-rotvelP2=0.10000000149011612 -0.30000001192092896
p-rotvelP3=0.8999999761581421 -0.30000001192092896
p-rotvelP4=1 1
p-scale=5
p-scaleP1=0 0
p-scaleP2=0.5 2
p-scaleP3=1 2
p-texture=flare-sun_35.tga
p-type=0
p-xscale1=0 0
p-xscale2=0.4 3
p-xscale3=0.6000000000000001 2
p-xscale4=1 0.5
rendermode=0

[FlameAccel]
f-accel=0 1 0
f-localspace=0

[FlameAttract]
f-accel=400
f-pos=50 0 100
f-radius=300

[System]
GroupPart1=Flame
GroupPart1Type=Simple
GroupPart2=hex_flare_01
GroupPart2Importance=High
GroupPart2Type=Simple
GroupPart3=hex_smoke_01
GroupPart3Type=Simple
GroupPart4=hex_smoke_02
GroupPart4Type=Simple
SimulateEveryFrame=1

[hex_flare_01]
KeywordsExcluded=JungleRumble RumbleSkin03
e-life=-1
e-linger=0
e-rate=85
p-bindtoemitter=1 1
p-life=0.05000000074505806
p-lifeP1=0 0.8
p-lifeP2=1 1.350000023841858
p-linger=-1
p-quadrot=360
p-quadrotP1=0 0
p-rgba=alpha_20.tga
p-scale=22
p-texture=flare-Sun_37.tga
p-type=0
p-vel=0 320 0
p-xscale=1
p-xscale1=0 1
p-xscale2=0.5 0.5
p-xscale3=1 0

[hex_smoke_01]
KeywordsExcluded=JungleRumble RumbleSkin03
e-local-orient=1
e-rate=15
e-rotation1=1
e-rotation1-axis=1 0 0
e-rotation1P1=0 0
e-rotation1P2=1 40
e-rotation2=1
e-rotation2-axis=0 1 0
e-rotation2P1=0 0
e-rotation2P2=1 360
field-accel-1=FlameAccel
field-attract-1=FlameAttract
p-bindtoemitter=1 0.8
p-colorscale=1 0.2
p-colortype=1 3
p-life=3.25
p-lifeP1=0 0.1
p-lifeP2=0.8999999761581421 0.15000000596046448
p-lifeP3=1 0.25
p-offset=5 5 5
p-offsetXP1=0 0
p-offsetXP2=1 1
p-postoffset=0 0 0
p-quadrot=1
p-quadrotP1=0 0
p-quadrotP2=1 360
p-rgba=color-smoke32_09.tga
p-rotvel=360
p-rotvelP1=0 -1
p-rotvelP2=0.10000000149011612 -0.30000001192092896
p-rotvelP3=0.8999999761581421 -0.30000001192092896
p-rotvelP4=1 1
p-scale=2.25
p-scaleP1=0 1
p-scaleP2=1 2
p-texture=lofog01.tga
p-type=0
p-xscale1=0 0.8
p-xscale2=0.5 3
p-xscale3=1 4.5
p-xscale4=1 0.5
rendermode=1

[hex_smoke_02]
KeywordsExcluded=JungleRumble RumbleSkin03
e-local-orient=1
e-rate=13
e-rotation1=1
e-rotation1-axis=1 0 0
e-rotation1P1=0 0
e-rotation1P2=1 40
e-rotation2=1
e-rotation2-axis=0 1 0
e-rotation2P1=0 0
e-rotation2P2=1 360
field-accel-1=FlameAccel
field-attract-1=FlameAttract
p-bindtoemitter=1 0.8
p-colorscale=1 0.2
p-colortype=1 3
p-life=3
p-lifeP1=0 0.1
p-lifeP2=0.8999999761581421 0.15000000596046448
p-lifeP3=1 0.25
p-offset=5 5 5
p-offsetXP1=0 0
p-offsetXP2=1 1
p-postoffset=0 0 0
p-quadrot=1
p-quadrotP1=0 0
p-quadrotP2=1 360
p-rgba=color-hex_steam.tga
p-rotvel=360
p-rotvelP1=0 -1
p-rotvelP2=0.10000000149011612 -0.30000001192092896
p-rotvelP3=0.8999999761581421 -0.30000001192092896
p-rotvelP4=1 1
p-scale=2.25
p-scaleP1=0 1
p-scaleP2=1 2
p-texture=lofog01.tga
p-type=0
p-xscale1=0 0.8
p-xscale2=0.5 3
p-xscale3=1 4.5
p-xscale4=1 0.5
rendermode=1

[UNKNOWN_HASHES]
unk2BA018E9=1
unk3D0DFCEB=1
unkA3A6CA6C=1
unkA9BF2CCC=1
