[System]
GroupPart5=hitbubble
SimulateEveryFrame=1
SoundOnCreate=Play_sfx_Braum_BraumEShieldBuff_block_small

[hitbubble]
e-life=1
e-linger=0
e-local-orient=1
e-rate=2
p-backfaceon=1
p-bindtoemitter=1 1
p-colorscale=1 1
p-colortype=1 0
p-flexoffset=0.004999999888241291
p-flexscale=0.004999999888241291
p-life=0.275
p-linger=0
p-mesh=S5_DragonBlock.scb
p-meshtex=S5_DragonBlock.dds
p-meshtex-mult=S5_DragonBlock.dds
p-offset=0 0 0
p-postoffset=0 0 0
p-quadrot=0 0 1
p-quadrotZP1=0 0
p-quadrotZP2=1 360
p-rgba=color-bellramp32.tga
p-scale=1.2000000000000002 1.2000000000000002 1.2000000000000002
p-type=3
p-uvscroll-no-alpha=1
p-uvscroll-rgb=0 -5
p-xrgba=1 1 1 0.6499999761581421
p-xscale1=0 1 1 1
p-xscale2=1 1.1 1.1 1
rendermode=4
single-particle=1

[UNKNOWN_HASHES]
unk02A18F74=1 1
unk03F4BF27=0
unk044E25BF=1 1
unk0514B346=1 1
unk065D73FA=1 1
unk06B7ED50=1
unk07475BE5=0
unk0F886293=1
unk10F0543C=0 1 1 1 0
unk10F0543D=0.05 1 1 1 1
unk10F0543E=1 1 1 1 0
unk117C39EA=0 120 150
unk18948873=400 400 400
unk216331E8=0 0.5 0.5 0.5
unk216331E9=0.1 1 1 1
unk216331EA=1 0 0 0
unk240E7738=1
unk262760EE=90 0 0
unk26D6C0BD=0 0 1000
unk284D726C=4
unk2902F935=1 1 1 1
unk34850DD5=0 100 0
unk3B757826=1
unk3D220E71=1
unk3ED652CE=1
unk3F315CAC=1
unk46EF6A3F=Aura_Self.tga
unk4A08DCB9=Braum_Base_I_shield_glow.dds
unk53173337=1 1
unk5327598A=0
unk5327C242=0 0
unk5327C243=1 360
unk54729F4A=0 0 0
unk54C5637E=1
unk54E9FCBF=0
unk5620FD8F=1
unk59CC3D73=0.2
unk5A03BAE6=0 0.6
unk5A03BAE7=1 1.2000000000000002
unk5CF386C8=0 0.2 0.2 0.2
unk5CF386C9=1 1 1 1
unk5D2FC393=300 200 0
unk5D5C378F=0 200 150
unk5EC6A224=flash
unk5EC6A225=ring
unk5EC6A226=ground_glow
unk5EC6A227=distort
unk63103A53=0.2
unk6497FA78=0.5
unk65E40FBE=1
unk6943DFC9=1
unk6F280C9E=1
unk70AFCCC3=1
unk74FCEC7E=0.3
unk789A9C28=400 400 400
unk792A7BA2=1
unk794982D9=1 1 1
unk7AC0BEF0=color-rampdown32.tga
unk7DBD0CAE=300 300 300
unk80DDD912=Braum_Base_I_Donut_normal.dds
unk8114BEC9=1
unk826E7882=3
unk83F638A7=1
unk89090CEA=0.1 0.8 1 0.35
unk8D8C5061=1 0
unk8DF63986=0 0 -500
unk91E2A9AC=2
unk9440222D=1 0
unk945B2AAD=1
unk9D2AFEA4=Braum_Base_BA_Flash_tar.dds
unk9DFA7BF7=1
unk9F27A890=0
unkA0EA4BC5=0
unkA4EB20DF=1 1
unkA80B6E24=color_soraka_cleric_shield.dds
unkA95C8695=0 -100 100
unkB401B5F1=0
unkB4D9D7B9=0 0 1
unkBAB68FD1=0.019999999552965164
unkBB063CDF=16
unkC36851F3=2
unkC6242DC7=0 1 1 1 0
unkC6242DC8=0.1 1 1 1 1
unkC6242DC9=1 0.1 0.1 1 0
unkCB279D83=0 0 0 0
unkCB279D84=0.3 0.8 0.8 0.8
unkCB279D85=1 1 1 1
unkCBA018BA=Annie_Panda_Smoke.dds
unkCE410FFD=0 0 0 0
unkCE410FFE=0.15 0.8 0.8 0.8
unkCE410FFF=1 1 1 1
unkD4695379=2
unkD5EDBDF1=1
unkD8BB5384=Braum_Base_BA_solar_circle.dds
unkD8C5077A=0 0
unkDB0A9203=1 1
unkDDBF0991=1
unkDF31BAD1=0
unkE0B97AF6=0
unkE9F3CF05=0
unkEBB6723A=1
unkEE81DF33=4
unkEF465020=0 1
unkEF465021=1 360
unkF11E6CFC=1
unkF428AD0A=0 150 150
unkFCC9FCB0=Azir_base_E_dust_rgba.dds
