[Flame]
e-local-orient=1
e-rate=100
e-rotation1=1
e-rotation1-axis=1 0 0
e-rotation1P1=0 0
e-rotation1P2=1 40
e-rotation2=1
e-rotation2-axis=0 1 0
e-rotation2P1=0 0
e-rotation2P2=1 360
field-accel-1=FlameAccel
field-attract-1=FlameAttract
p-bindtoemitter=1 0.9
p-colorscale=1 0.2
p-colortype=1 0
p-frameRate=0
p-life=2
p-lifeP1=0 0.1
p-lifeP2=0.8999999761581421 0.15000000596046448
p-lifeP3=1 0.30000000000000004
p-numframes=2
p-offset=5 0 0
p-offsetXP1=0 0
p-offsetXP2=1 1
p-quadrot=1
p-quadrotP1=0 0
p-quadrotP2=1 360
p-randomstartframe=1
p-rgba=color-blueflame.tga
p-rotvel=360
p-rotvelP1=0 -1
p-rotvelP2=0.10000000149011612 -0.30000001192092896
p-rotvelP3=0.8999999761581421 -0.30000001192092896
p-rotvelP4=1 1
p-scale=3
p-scaleP1=0 1
p-scaleP2=1 2
p-scalebias=1.2000000000000002 1
p-startframe=0
p-texdiv=2 3
p-texture=flames02.tga
p-type=0
p-xscale=1
p-xscale1=0 1 0 0
p-xscale2=0.4 3 0 0
p-xscale3=0.6000000000000001 2 0 0
p-xscale4=1 0.5 0 0
rendermode=0

[FlameAccel]
f-accel=0 1 0
f-localspace=0

[FlameAttract]
f-accel=400
f-pos=0 100 0
f-radius=300

[FlameStay]
e-local-orient=1
e-rate=100
e-rotation1=1
e-rotation1-axis=1 0 0
e-rotation1P1=0 0
e-rotation1P2=1 40
e-rotation2=1
e-rotation2-axis=0 1 0
e-rotation2P1=0 0
e-rotation2P2=1 360
field-accel-1=FlameAccel
field-attract-1=FlameAttract
p-bindtoemitter=1 1
p-colorscale=1 0.2
p-colortype=1 0
p-frameRate=0
p-life=2
p-lifeP1=0 0.1
p-lifeP2=0.8999999761581421 0.15000000596046448
p-lifeP3=1 0.30000000000000004
p-numframes=2
p-offset=5 0 0
p-offsetXP1=0 0
p-offsetXP2=1 1
p-quadrot=1
p-quadrotP1=0 0
p-quadrotP2=1 360
p-randomstartframe=1
p-rgba=color-blueflame.tga
p-rotvel=360
p-rotvelP1=0 -1
p-rotvelP2=0.10000000149011612 -0.30000001192092896
p-rotvelP3=0.8999999761581421 -0.30000001192092896
p-rotvelP4=1 1
p-scale=3
p-scaleP1=0 1
p-scaleP2=1 2
p-scalebias=1.2000000000000002 1
p-startframe=0
p-texdiv=2 3
p-texture=flames02.tga
p-type=0
p-xscale=1
p-xscale1=0 1 0 0
p-xscale2=0.4 3 0 0
p-xscale3=0.6000000000000001 2 0 0
p-xscale4=1 0.5 0 0
rendermode=0

[System]
GroupPart1=Flame
GroupPart1Type=Simple
GroupPart2=FlameStay
GroupPart2Type=Simple

