[System]
GroupPart1=shield1
GroupPart1Type=Simple
GroupPart2=slice
GroupPart2Type=Simple
GroupPart3=distort
GroupPart3Type=Simple
SimulateEveryFrame=1
build-up-time=2

[distort]
e-life=-1
e-local-orient=1
e-rate=1
p-bindtoemitter=1 1
p-colorscale=1 0
p-distortion-mode=2
p-distortion-power=0.009999999776482582
p-flexoffset=0.004999999888241291
p-flexscale=0.004999999888241291
p-life=1
p-linger=0
p-normal-map=distort-soft-shockwave.tga
p-offset=0 100 0
p-quadrot=180
p-scale=100
p-texture=color-hold.tga
p-type=0
rendermode=1

[shield1]
e-life=-1
e-linger=0
e-local-orient=1
e-rate=10
p-bindtoemitter=1 1
p-coloroffset=0 0
p-colorscale=1 1
p-colortype=1 0
p-flexoffset=0.004999999888241291
p-flexscale=0.004999999888241291
p-life=3
p-linger=0
p-offset=0 200 0
p-postoffset=0 0 0
p-quadrot=1
p-quadrotP1=0 0
p-quadrotP2=1 360
p-rgba=color-bellcurve.tga
p-rotvelP1=0 -30
p-rotvelP2=0.5 -30
p-rotvelP3=0.5099999904632568 30
p-rotvelP4=1 30
p-scale=200
p-simpleorient=2
p-texture=light_flare_blue.tga
p-type=0
p-vel=0 -60 0
p-xscale1=0 0.254
p-xscale2=0.05999999865889549 0.49300000071525574
p-xscale3=0.15700000524520874 0.7260000109672546
p-xscale4=0.30799999833106995 0.925000011920929
p-xscale5=0.5 1
p-xscale6=0.6779999732971191 0.9350000023841858
p-xscale7=0.8349999785423279 0.7260000109672546
p-xscale8=0.9350000023841858 0.5070000290870667
p-xscale9=1 0.289000004529953
pass=1
rendermode=0

[slice]
e-life=-1
e-rate=1.5
p-alphaslicerange=0.019999999552965164
p-bindtoemitter=1 1
p-coloroffset=0 0.5
p-colorscale=1 0.1
p-colortype=1 3
p-flexoffset=0.004999999888241291
p-life=3
p-lifeP1=0 1
p-lifeP2=1 2
p-linger=0
p-offset=0 100 0
p-quadrot=1
p-quadrotP1=0 0
p-quadrotP2=1 360
p-rgba=color-beacontrail32.tga
p-scale=100
p-texture=alphaslice.tga
p-type=0
p-vel=1 1 1
p-velXP1=0 -5
p-velXP2=1 5
p-velYP1=0 -5
p-velYP2=1 5
p-velZP1=0 -5
p-velZP2=1 5
p-xscale=1
p-xscale1=0 1
p-xscale2=0.6000000000000001 1
p-xscale3=1 0
pass=-1
rendermode=4

[UNKNOWN_HASHES]
unk01EFD915=2
unk1D8DAA1A=3
unk29A57C65=-1
unk33B66E92=color-bellcurve-late.tga
unk3953A171=0 110 0
unk3CEBE849=5
unk4566EB3F=1 0
unk588944DA=0
unk5DFB582C=0
unk5FBDFB61=0
unk68303631=0 0 0
unk6EFFB3A5=0 -30
unk6EFFB3A6=0.5 -30
unk6EFFB3A7=0.5099999904632568 30
unk6EFFB3A8=1 30
unk73F54761=0 0.254
unk73F54762=0.05999999865889549 0.49300000071525574
unk73F54763=0.15700000524520874 0.7260000109672546
unk73F54764=0.30799999833106995 0.925000011920929
unk73F54765=0.5 1
unk73F54766=0.6779999732971191 0.9350000023841858
unk73F54767=0.8349999785423279 0.7260000109672546
unk73F54768=0.9350000023841858 0.5070000290870667
unk73F54769=1 0.289000004529953
unk9060AB13=0 0
unk9060AB14=1 360
unk994C331F=0 60 0
unk99AF2A98=0
unkB1D5458C=200
unkBC5870D8=1 1
unkCBDB9852=1
unkEFBD141D=light_flare.tga
unkFCF83E70=1
