[System]
GroupPart1=ring
GroupPart1Importance=High
GroupPart1Type=Simple
GroupPart2=sparkle_02
GroupPart2Importance=High
GroupPart2Type=Simple
GroupPart3=trail
GroupPart3Importance=High
SimulateEveryFrame=1

[ring]
e-life=0.05
e-linger=0
e-local-orient=0
e-rate=60
p-bindtoemitter=1 1
p-colorscale=1 1
p-colortype=1 0
p-frameRate=0
p-life=0.1
p-numframes=1
p-postoffset=0 20 0
p-rgba=alpha_02.tga
p-rotvel=0 0 150
p-scale=280
p-simpleorient=2
p-startframe=0
p-texdiv=1 1
p-texture=Flare-Sun_purp.tga
p-type=0
p-xscale1=0 0
p-xscale2=0.5 0.5
p-xscale3=1 1
rendermode=0

[sparkle_02]
e-life=0.5
e-linger=0
e-rate=12
e-rotation1=1
e-rotation1P1=0 0
e-rotation1P2=1 360
p-bindtoemitter=0 0
p-colorscale=1 0.4
p-colortype=1 0
p-life=0.75
p-quadrot=0
p-rgba=alpha_03.tga
p-rotvel=190
p-rotvelP1=0 -1
p-rotvelP2=1 1
p-scale=50
p-scaleP1=0 0.7000000000000001
p-scaleP2=1 0.3499999940395355
p-shadow=0
p-texture=flare-Rainbow_purp_01.tga
p-vel=0 0 50
p-xscale=1
p-xscale1=0 1.2000000000000002
p-xscale2=0.4 0.8
p-xscale3=1 0
rendermode=0

[trail]
e-local-orient=1
e-rate=150
e-rgba=255 255 255 255
p-bindtoemitter=0 0.4
p-frameRate=0
p-life=0.7
p-linger=-1
p-numframes=1
p-postoffset=0 145 0
p-quadrot=0 90 0
p-scale=120 0 0
p-startframe=1
p-texdiv=2 2
p-texture=AirSpiritStreak.tga
p-type=1
p-vel=0 0 0
p-xrgba1=0 0.5 0.1 0 1
p-xrgba2=0.1 0.5 0.1 0 1
p-xrgba3=0.3 0.5 0.1 0 1
p-xrgba4=1 0.5 0.1 0 0
p-xscale1=0 1 1 1
p-xscale2=1 0.1 0.1 0.1
rendermode=0

[UNKNOWN_HASHES]
unk02259F35=1
unk07475BE5=0
unk216331E8=0 1
unk216331E9=0.5 0.5
unk216331EA=1 0
unk3A161CA9=0
unk3F0DB74E=2
unk442A4D9D=0 0 150
unk4FB2AFC9=0 0 0 0 255
unk4FB2AFCA=0.12 255 255 255 255
unk4FB2AFCB=0.24 211 255 212 255
unk4FB2AFCC=0.35 166 255 154 255
unk4FB2AFCD=0.72 0 255 0 255
unk4FB2AFCE=1 0 0 0 255
unk5D2FC393=240
unk63103A53=0.18
unk6CEE595E=1 1
unk6F280C9E=0.22
unk7938FECB=alpha_02.tga
unk794982D9=45
unk7A898701=1 1
unk826E7882=5
unk88FA0246=1 0
unk95D88682=0
unk9D2AFEA4=flare-Rainbow_purp_01.tga
unkA4EB20DF=1 1
unkAF6F67D6=0
unkDF31BAD1=0
unkF11CFC13=0
unkF18D4C2A=0 20 0
