[System]
GroupPart1=flame_ring
GroupPart1Importance=Medium
GroupPart1Type=Simple
GroupPart2=flame_ring2
GroupPart2Importance=Medium
GroupPart2Type=Simple
GroupPart3=flash
GroupPart3Importance=High
GroupPart3Type=Simple
SimulateEveryFrame=1
SoundOnCreate=Play_sfx_FrostShyvana_ShyvanaImmolationAura_hit

[drag_05]
f-drag=3
f-dragP1=0 0.75
f-dragP2=1 1.5
f-pos=0 0 0
f-radius=1000

[flame_ring]
e-life=0.5
e-rate=300
e-rotation1=1
e-rotation1P1=0 0
e-rotation1P2=1 360
field-drag-1=drag_05
p-bindtoemitter=1
p-colorscale=1 0.2
p-colortype=1 0
p-flexoffset=0.005
p-frameRate=0
p-life=1.5499999523162842
p-lifeP1=0 0.2
p-lifeP2=0.8999999761581421 0.25
p-lifeP3=1 0.4
p-numframes=12
p-offset=20 10 20
p-postoffset=0 0 0
p-quadrot=1
p-quadrotP1=0 -30
p-quadrotP2=1 30
p-randomstartframe=1
p-rgba=alpha_21.tga
p-rotvel=120
p-rotvelP1=0 -1
p-rotvelP2=0.10000000149011612 -0.30000001192092896
p-rotvelP3=0.9 0.30000000000000004
p-rotvelP4=1 1
p-scale=26
p-scaleP1=0 1
p-scaleP2=1 1.2000000000000002
p-scalebias=1.2000000000000002 1
p-startframe=0
p-texdiv=4 4
p-texture=shyvana_shadow_flame.tga
p-vel=200 200 200
p-velXP1=0 1.5
p-velXP2=1 0.6700000166893005
rendermode=1

[flame_ring2]
e-life=0.5
e-rate=100
e-rotation1=1
e-rotation1P1=0 0
e-rotation1P2=1 360
e-timeoffset=0.4
field-drag-1=drag_05
p-bindtoemitter=1
p-colorscale=1 0.2
p-colortype=1 0
p-flexoffset=0.005
p-frameRate=0
p-life=1.4500000476837158
p-lifeP1=0 0.2
p-lifeP2=0.8999999761581421 0.25
p-lifeP3=1 0.4
p-numframes=12
p-postoffset=0 60 0
p-quadrot=1
p-quadrotP1=0 -30
p-quadrotP2=1 30
p-randomstartframe=1
p-rgba=alpha_21.tga
p-rotvel=120
p-rotvelP1=0 -1
p-rotvelP2=0.10000000149011612 -0.30000001192092896
p-rotvelP3=0.9 0.30000000000000004
p-rotvelP4=1 1
p-scale=46
p-scaleP1=0 1
p-scaleP2=1 1.2000000000000002
p-scalebias=1.2000000000000002 1
p-startframe=0
p-texdiv=4 4
p-texture=shyvana_shadow_flame_licks.tga
p-vel=200 200 200
p-velXP1=0 1.5
p-velXP2=1 0.6700000166893005
pass=-100
rendermode=1

[flash]
e-life=0.5
e-linger=0
e-rate=85
e-rotation1=1
e-rotation1P1=0 0
e-rotation1P2=1 360
p-bindtoemitter=0 0
p-colorscale=1 0.4
p-colortype=1 0
p-life=0.5
p-quadrot=0
p-rgba=alpha_21.tga
p-rotvel=190
p-rotvelP1=0 -1
p-rotvelP2=1 1
p-scale=80
p-scaleP1=0 0.7000000000000001
p-scaleP2=1 0.3499999940395355
p-shadow=0
p-texture=Flare-Omnimax_purp.tga
p-vel=130 130 130
p-xscale=1
p-xscale1=0 1.2000000000000002
p-xscale2=0.4 0.8
p-xscale3=1 0
rendermode=0

[UNKNOWN_HASHES]
unkD5086704=0 0 0 0 255
unkD5086705=0.12 255 255 255 255
unkD5086706=0.24 211 255 212 255
unkD5086707=0.35 166 255 154 255
unkD5086708=0.72 0 255 0 255
unkD5086709=1 0 0 0 255
