[Flames]
KeywordsExcluded=ShadowShyvana FrostShyvana
e-life=0.75
e-linger=0
e-local-orient=1
e-rate=200
e-rotation1=1
e-rotation1-axis=1 0 0
e-rotation1P1=0 0
e-rotation1P2=1 180
e-rotation2=1
e-rotation2-axis=0 1 0
e-rotation2P1=0 0
e-rotation2P2=1 360
field-accel-1=FlameAccel
field-attract-1=FlameAttract
field-drag-1=FlameDrag
p-bindtoemitter=0
p-colorscale=1 0.2
p-colortype=1 0
p-frameRate=0
p-life=0.85
p-lifeP1=0 0.2
p-lifeP2=0.8999999761581421 0.25
p-lifeP3=1 0.4
p-numframes=12
p-offset=0 0 0
p-offsetXP1=0 0
p-offsetXP2=1 1
p-offsetYP1=0 0
p-offsetYP2=1 1
p-postoffset=0 0 0
p-quadrot=1
p-quadrotP1=0 -30
p-quadrotP2=1 30
p-randomstartframe=1
p-rgba=color-addflame.tga
p-rotvel=120
p-rotvelP1=0 -1
p-rotvelP2=0.10000000149011612 -0.30000001192092896
p-rotvelP3=0.9 0.30000000000000004
p-rotvelP4=1 1
p-scale=10
p-scaleP1=0 1
p-scaleP2=1 1.2000000000000002
p-scalebias=1.2000000000000002 1
p-startframe=0
p-texdiv=4 4
p-texture=flames03.tga
p-type=0
p-vel=100 220 100
p-velYP1=0 1
p-velYP2=1 2
p-xscale=1
p-xscale1=0 0.2
p-xscale2=0.4 1.5
p-xscale3=0.6000000000000001 2
p-xscale4=1 0.1
rendermode=0

[Flames_FrostShyvana]
KeywordsRequired=FrostShyvana
e-life=0.75
e-linger=0
e-local-orient=1
e-rate=200
e-rotation1=1
e-rotation1-axis=1 0 0
e-rotation1P1=0 0
e-rotation1P2=1 180
e-rotation2=1
e-rotation2-axis=0 1 0
e-rotation2P1=0 0
e-rotation2P2=1 360
field-accel-1=FlameAccel
field-attract-1=FlameAttract
field-drag-1=FlameDrag
p-bindtoemitter=0
p-colorscale=1 0.2
p-colortype=1 0
p-frameRate=0
p-life=0.4
p-lifeP1=0 0.2
p-lifeP2=0.8999999761581421 0.25
p-lifeP3=1 0.30000000000000004
p-numframes=12
p-offset=0 0 0
p-offsetXP1=0 0
p-offsetXP2=1 1
p-offsetYP1=0 0
p-offsetYP2=1 1
p-postoffset=0 0 0
p-quadrot=1
p-quadrotP1=0 -30
p-quadrotP2=1 30
p-randomstartframe=1
p-rgba=alpha_12.tga
p-rotvel=120
p-rotvelP1=0 -1
p-rotvelP2=0.10000000149011612 -0.30000001192092896
p-rotvelP3=0.9 0.30000000000000004
p-rotvelP4=1 1
p-scale=10
p-scaleP1=0 1
p-scaleP2=1 1.2000000000000002
p-scalebias=1.2000000000000002 1
p-startframe=0
p-texdiv=4 4
p-texture=frost_fire_01.tga
p-type=0
p-vel=100 170 100
p-velYP1=0 1
p-velYP2=1 2
p-xscale=1
p-xscale1=0 0.2
p-xscale2=0.4 1.5
p-xscale3=0.6000000000000001 2
p-xscale4=1 0.1
rendermode=0

[Flames_Shadow]
KeywordsRequired=ShadowShyvana
e-life=0.75
e-linger=0
e-local-orient=1
e-rate=200
e-rotation1=1
e-rotation1-axis=1 0 0
e-rotation1P1=0 0
e-rotation1P2=1 180
e-rotation2=1
e-rotation2-axis=0 1 0
e-rotation2P1=0 0
e-rotation2P2=1 360
field-accel-1=FlameAccel
field-attract-1=FlameAttract
field-drag-1=FlameDrag
p-bindtoemitter=0
p-colorscale=1 0.2
p-colortype=1 0
p-frameRate=0
p-life=0.85
p-lifeP1=0 0.2
p-lifeP2=0.8999999761581421 0.25
p-lifeP3=1 0.4
p-numframes=12
p-offset=0 0 0
p-offsetXP1=0 0
p-offsetXP2=1 1
p-offsetYP1=0 0
p-offsetYP2=1 1
p-postoffset=0 0 0
p-quadrot=1
p-quadrotP1=0 -30
p-quadrotP2=1 30
p-randomstartframe=1
p-rgba=alpha_06.tga
p-rotvel=120
p-rotvelP1=0 -1
p-rotvelP2=0.10000000149011612 -0.30000001192092896
p-rotvelP3=0.9 0.30000000000000004
p-rotvelP4=1 1
p-scale=12
p-scaleP1=0 1
p-scaleP2=1 1.2000000000000002
p-scalebias=1.2000000000000002 1
p-startframe=0
p-texdiv=4 4
p-texture=shyvana_shadow_flame.tga
p-type=0
p-vel=100 220 100
p-velYP1=0 1
p-velYP2=1 2
p-xscale=1
p-xscale1=0 0.2
p-xscale2=0.4 1.5
p-xscale3=0.6000000000000001 2
p-xscale4=1 0.1
rendermode=4

[System]
GroupPart1=Flames
GroupPart1Importance=High
GroupPart1Type=Simple
GroupPart2=Flames_Shadow
GroupPart2Importance=High
GroupPart2Type=Simple
GroupPart3=Flames_FrostShyvana
GroupPart3Importance=High
GroupPart3Type=Simple

