[Flame]
e-rate=50
e-rotation1=1
e-rotation1-axis=1 0 0
e-rotation1P1=0 30
e-rotation1P2=1 40
e-rotation2=1
e-rotation2-axis=0 1 0
e-rotation2P1=0 0
e-rotation2P2=1 360
e-timeoffset=0.3499999940395355
field-accel-1=FlameAccel
field-attract-1=FlameAttract
field-drag-1=FlameDrag
field-orbit-1=FlameOrbit
p-bindtoemitter=1 0
p-colorscale=1 0.2
p-life=1.5
p-lifeP1=0 0.2
p-lifeP2=0.8999999761581421 0.25
p-lifeP3=1 0.4
p-numframes=12
p-offset=5 0 0
p-offsetXP1=0 0.5
p-offsetXP2=1 1
p-quadrot=1
p-quadrotP1=0 -30
p-quadrotP2=1 30
p-randomstartframe=1
p-rotvel=120
p-rotvelP1=0 -1
p-rotvelP2=0.10000000149011612 -0.30000001192092896
p-rotvelP3=0.9 0.30000000000000004
p-rotvelP4=1 1
p-scale=6
p-scaleP1=0 1
p-scaleP2=1 1.2000000000000002
p-scalebias=1.2000000000000002 1
p-texdiv=4 4
p-texture=Shyvana_Skin05_Z_Flame_02.dds
p-vel=0 30 0
p-velYP1=0 1
p-velYP2=1 2
p-xrgba=1 1 1 1
p-xrgba1=0 1 1 1 1
p-xrgba2=0.6 1 1 1 1
p-xrgba3=1 1 1 1 0
p-xscale=1
p-xscale1=0 0.2
p-xscale2=0.4 1.5
p-xscale3=0.6000000000000001 2
p-xscale4=1 0.1
rendermode=4

[FlameAccel]
f-accel=0 300 0

[FlameAttract]
f-accel=100 0 0
f-pos=0 50 0
f-radius=200

[FlameDrag]
f-drag=0.1
f-pos=0 50 0
f-radius=200

[FlameOrbit]
f-direction=0 1 0

[System]
GroupPart1=Flame
GroupPart1Importance=High
GroupPart1Type=Simple
SimulateEveryFrame=1

