[System]
GroupPart1=flame_ring
GroupPart1Importance=High
GroupPart2=flame_ring2
SimulateEveryFrame=1
SoundOnCreate=Play_sfx_FrostShyvana_ShyvanaImmolationAura_hit

[drag_05]
f-drag=3
f-dragP1=0 0.75
f-dragP2=1 1.5
f-radius=1000

[flame_ring]
KeywordsExcluded=FrostShyvana
e-life=0.15000000596046448
e-rate=500
e-rotation1=1
e-rotation1P1=0 0
e-rotation1P2=1 360
field-drag-1=drag_05
p-bindtoemitter=1 0
p-colorscale=1 0.2
p-flexoffset=0.004999999888241291
p-life=1.25
p-lifeP1=0 0.2
p-lifeP2=0.8999999761581421 0.25
p-lifeP3=1 0.4
p-numframes=12
p-offset=15 5 15
p-quadrot=1 0 0
p-quadrotXP1=0 -30
p-quadrotXP2=1 30
p-randomstartframe=1
p-rotvel=120 0 0
p-rotvelXP1=0 -1
p-rotvelXP2=0.10000000149011612 -0.30000001192092896
p-rotvelXP3=0.9 0.30000000000000004
p-rotvelXP4=1 1
p-scale=16 16 1
p-scaleXP1=0 1
p-scaleXP2=1 1.2000000000000002
p-scaleYP1=0 1
p-scaleYP2=1 1.2000000000000002
p-scalebias=1.2000000000000002 1
p-texdiv=4 4
p-texture=Shyvana_Skin05_Z_Flame_02.dds
p-vel=200 200 200
p-velXP1=0 1.5
p-velXP2=1 0.6700000166893005
p-xrgba=1 1 1 1
p-xrgba1=0 1 1 1 1
p-xrgba2=1 1 1 1 0

[flame_ring2]
KeywordsExcluded=FrostShyvana
e-life=0.5
e-rate=350
e-rotation1=1
e-rotation1P1=0 0
e-rotation1P2=1 360
e-timeoffset=0.4
field-drag-1=drag_05
p-bindtoemitter=1 0
p-colorscale=1 0.2
p-flexoffset=0.004999999888241291
p-life=1.25
p-lifeP1=0 0.2
p-lifeP2=0.8999999761581421 0.25
p-lifeP3=1 0.4
p-numframes=12
p-postoffset=0 60 0
p-quadrot=1 0 0
p-quadrotXP1=0 -30
p-quadrotXP2=1 30
p-randomstartframe=1
p-rotvel=120 0 0
p-rotvelXP1=0 -1
p-rotvelXP2=0.10000000149011612 -0.30000001192092896
p-rotvelXP3=0.9 0.30000000000000004
p-rotvelXP4=1 1
p-scale=16 16 1
p-scaleXP1=0 1
p-scaleXP2=1 1.2000000000000002
p-scaleYP1=0 1
p-scaleYP2=1 1.2000000000000002
p-scalebias=1.2000000000000002 1
p-texdiv=4 4
p-texture=Shyvana_Skin05_Z_Flame_02.dds
p-vel=200 200 200
p-velXP1=0 1.5
p-velXP2=1 0.6700000166893005
p-xrgba=1 1 1 1
p-xrgba1=0 1 1 1 1
p-xrgba2=1 1 1 1 0

[UNKNOWN_HASHES]
unk3338EECF=500
unkF3A66671=6
