[Mesh]
e-life=1
e-local-orient=0
e-rate=1
e-rgba=200 200 255 255
p-bindtoemitter=1 1
p-flexoffset=0.004999999888241291
p-flexscale=0.004999999888241291
p-fresnel=0.25
p-fresnel-color=-0.15 -0.15 -0.05 1
p-life=1.350000023841858
p-linger=0.25
p-mesh=sphere.SCO
p-meshtex=Singed_Skin06_W_Root.dds
p-offset=0 0 0
p-postoffset=0 20 0
p-quadrot=90 0 0
p-scale=7 7 6.5
p-shadow=1
p-type=3
p-xrgba=0.95 0.95 0.95 1
p-xrgba1=0 1 1 1 1
p-xrgba2=0.1 1 1 1 1
p-xrgba3=0.975 1 1 1 1
p-xrgba4=1 1 1 1 0
pass=50
rendermode=1
single-particle=1

[Mesh2]
e-life=1
e-local-orient=0
e-rate=1
e-rgba=200 200 255 255
p-bindtoemitter=1 1
p-flexoffset=0.004999999888241291
p-flexscale=0.004999999888241291
p-fresnel=0.5
p-fresnel-color=-0.15 -0.15 -0.05 1
p-life=1.350000023841858
p-linger=0.25
p-mesh=sphere.SCO
p-meshtex=Singed_Skin06_W_Root.dds
p-offset=0 0 0
p-postoffset=0 60 0
p-quadrot=90 0 0
p-scale=5 5 4.5
p-shadow=1
p-type=3
p-xrgba=1 1 1 1
p-xrgba1=0 1 1 1 1
p-xrgba2=0.1 1 1 1 1
p-xrgba3=0.975 1 1 1 1
p-xrgba4=1 1 1 1 0
pass=50
rendermode=1
single-particle=1

[System]
GroupPart1=snow
GroupPart2=Mesh
GroupPart3=Mesh2
GroupPart4=snowend
GroupPart6=goo_Skin06
SimulateEveryFrame=1

[snow]
e-life=0.25
e-linger=0.7000000000000001
e-local-orient=0
e-rate=10
e-rotation1=1
e-rotation1-axis=0 0 1
e-rotation1P1=0 -5
e-rotation1P2=1 5
e-rotation2=1
e-rotation2-axis=0 1 0
e-rotation2P1=0 1
e-rotation2P2=1 360
flag-disable-z=1
p-drag=1 1 1
p-flexoffset=0.004999999888241291
p-flexscale=0.004999999888241291
p-frameRate=0
p-life=0.5
p-lifeP1=0 0.6000000000000001
p-lifeP2=1 2
p-numframes=4
p-offset=0 20 0
p-quadrot=1 0 0
p-quadrotXP1=0 0
p-quadrotXP2=1 360
p-randomstartframe=1
p-rotvel=1 0 0
p-rotvelP1=0 -200
p-rotvelP2=1 200
p-scale=20 20 20
p-scaleXP1=0 1.5
p-scaleXP2=1 2
p-startframe=0
p-texdiv=2 2
p-texture=Singed_Skin06_W_Snow_2x2.dds
p-vel=100 50 10
p-velXP1=0 0.2
p-velXP2=1 1
p-velYP1=0 1.4000000000000001
p-velYP2=1 1.9000000000000001
p-worldaccel=0 -100 0
p-xrgba=1 1 1 1
p-xrgba1=0 1 1 1 0
p-xrgba2=0.1 1 1 1 1
p-xrgba3=0.5 1 1 1 1
p-xrgba4=1 1 1 1 0
p-xscale=1 1 1
p-xscale1=0 1 1 1
p-xscale2=0.7 4 4 4
pass=100
rendermode=1
single-particle=1
uniformscale=1

[snowend]
e-life=1.75
e-linger=1
e-local-orient=0
e-rate=20
e-rotation1=1
e-rotation1-axis=0 0 1
e-rotation1P1=0 -5
e-rotation1P2=1 5
e-rotation2=1
e-rotation2-axis=0 1 0
e-rotation2P1=0 1
e-rotation2P2=1 360
e-timeoffset=0.9
flag-disable-z=1
p-drag=1 1 1
p-flexoffset=0.004999999888241291
p-flexscale=0.004999999888241291
p-frameRate=0
p-life=0.65
p-lifeP1=0 0.6000000000000001
p-lifeP2=1 2
p-linger=2
p-numframes=4
p-offset=0 30 0
p-offsetYP1=0 0.5
p-offsetYP2=1 1
p-quadrot=1 0 0
p-quadrotXP1=0 0
p-quadrotXP2=1 360
p-randomstartframe=1
p-rotvel=1 0 0
p-rotvelP1=0 -200
p-rotvelP2=1 200
p-scale=30 30 30
p-scaleXP1=0 0.5
p-scaleXP2=1 2
p-startframe=0
p-texdiv=2 2
p-texture=Singed_Skin06_W_Snow_2x2.dds
p-vel=100 50 10
p-velXP1=0 0.2
p-velXP2=1 1
p-velYP1=0 1.4000000000000001
p-velYP2=1 1.9000000000000001
p-worldaccel=0 -100 0
p-xrgba=1 1 1 1
p-xrgba1=0 1 1 1 0
p-xrgba2=0.2 1 1 1 1
p-xrgba3=0.5 1 1 1 1
p-xrgba4=1 1 1 1 0
p-xscale=1 1 1
p-xscale1=0 1 1 1
p-xscale2=1 3 3 3
pass=100
rendermode=1
uniformscale=1

[UNKNOWN_HASHES]
unk745A474D=1
unk93EA13B5=1
unkDE031660=1
unkFD4E7ECB=1
