[Flame]
e-life=0.1
e-rate=250
e-rotation1=5
e-rotation1-axis=0 0 1
e-rotation2=1
e-rotation2P1=0 0
e-rotation2P2=1 360
field-accel-1=FlameAccel
field-drag-1=FlameDrag
p-colortype=1 3
p-life=0.5
p-lifeP1=0 1
p-lifeP2=1 1.2000000000000002
p-linger=0
p-offset=0 0 10
p-postoffset=0 0 0
p-postoffsetXP1=0 1
p-postoffsetXP2=1 1.3
p-quadrot=1
p-quadrotP1=0 0
p-quadrotP2=1 360
p-rgba=color-SivirCritical.tga
p-scale=13
p-scaleP1=0 1
p-scaleP2=1 1.2000000000000002
p-texture=SivirSparks.tga
p-vel=20 25 0
p-velYP1=0 0.5
p-velYP2=1 2
p-xscale=1.2000000000000002
p-xscale1=0 1
p-xscale2=0.2814815044403076 2.2224440574645996
p-xscale3=0.6592593193054199 2.965925931930542
p-xscale4=1 3.1492960453033447

[FlameAccel]
f-accel=0 0 0
f-localspace=0

[FlameDrag]
f-drag=0
f-pos=0 1 0
f-radius=1000

[System]
GroupPart1=Flame
GroupPart1Type=Simple

