[System]
GroupPart1=rocks_02
GroupPart1Importance=High
GroupPart1Type=Simple
GroupPart2=rock_dust_02
GroupPart2Importance=High
GroupPart2Type=Simple
GroupPart4=symbol
GroupPart4Importance=High
GroupPart4Type=Simple
PersistThruDeath=1

[dustdrag]
f-drag=7
f-pos=0 0 0
f-radius=400

[gravity_01]
f-accel=0 -3850 0
f-localspace=0

[rock_dust_02]
e-life=0.2
e-rate=75
e-rotation1=1
e-rotation1P1=0 0
e-rotation1P2=1 360
field-drag-1=dustdrag
p-bindtoemitter=0 0
p-life=1
p-lifeP1=0 0.2
p-lifeP2=1 1.2000000000000002
p-linger=1
p-offset=10 20 10
p-offsetYP1=0 1
p-offsetYP2=1 6
p-postoffset=0 -40 0
p-quadrot=1
p-quadrotP1=0 0
p-quadrotP2=1 360
p-rgba=color-smoke32_03.tga
p-rotvel=60
p-rotvelP1=0 -1
p-rotvelP2=1 1
p-scale=40
p-scaleP1=0 0.5
p-scaleP2=1 1.6
p-texture=smoke_02.tga
p-vel=550 1000 550
p-velXP1=0 0.6000000000000001
p-velXP2=1 1
p-xscale=1
p-xscale1=0 0 0 0
p-xscale2=0.2 1.3
p-xscale3=0.25 1.399999976158142
p-xscale4=1 1.7000000000000002
rendermode=1

[rocks_02]
e-life=1.75
e-linger=0
e-local-orient=0
e-rate=20
e-rotation1=1
e-rotation1-axis=0 0 1
e-rotation1P1=0 0
e-rotation1P2=1 -10
e-rotation2=1
e-rotation2-axis=0 1 0
e-rotation2P1=0 0
e-rotation2P2=1 360
field-accel-1=gravity_01
p-bindtoemitter=0 0
p-colorscale=1 1
p-colortype=1 0
p-frameRate=0
p-life=0.6
p-numframes=4
p-offset=1 0 0
p-offsetXP1=0 0
p-offsetXP2=1 10
p-randomstartframe=1
p-rgba=color-hold.tga
p-rotvel=1
p-rotvelP1=0 -1000
p-rotvelP2=1 1000
p-scale=5.5
p-scaleP1=0 0.5
p-scaleP2=0.6000000000000001 1
p-scaleP3=1 2
p-startframe=0
p-texdiv=2 2
p-texture=DirtBits_marble_02.tga
p-type=0
p-vel=0 2150 0
p-velYP1=0 0.6
p-velYP2=1 1
p-xscale=1
p-xscale1=0 1
p-xscale2=0.7000000000000001 1
p-xscale3=1 0
rendermode=1
single-particle=1

[UNKNOWN_HASHES]
unk03766429=0
unk0A4028ED=1
unk0A51ABDA=0
unk0F89322F=60
unk144B0142=200 300 200
unk1E12DCD1=flare-Rainbow_red_01.tga
unk205F0459=1 1
unk2348A08E=0 0 0
unk252A06EE=1 0
unk2561DA66=0.3
unk2A7EDF40=sand_04.tga
unk2B29EF0D=1
unk2F30E7F1=0 0.7
unk2F30E7F2=0.30000001192092896 1.850000023841858
unk2F30E7F3=1 0.7
unk306564B7=1.5
unk3179ACB1=0.2
unk347EB71C=1 1 1
unk3B8A9EDE=color-smoke32_07.tga
unk3BB1EB8C=1 1
unk3C7D3702=0.05
unk44C01895=1
unk468E292F=color-smoke32.tga
unk4B9F6C7E=0
unk4FC3A2E6=30
unk55B57D87=0 0
unk641A724E=20 20 20
unk65A21601=0
unk66067182=0 55 0
unk6E450A90=0 0
unk6E450A91=0.5 0.5
unk6E450A92=1 1
unk71AA3830=1
unk84242278=0
unk85E6C5AD=0
unk8754E3AB=0.1
unk8859A926=0
unk8E59007D=1 1 1
unk91A52670=0 1
unk91A52671=1 1.1
unk936CB5F6=0.07
unk96C88601=45
unk995D4277=1
unk9D7DA823=alpha_07.tga
unk9E55A3DD=1
unk9ED017F1=0 0.5
unk9ED017F2=1 -0.5
unkA24B1015=0 0 0 0
unkA24B1016=0.5 1 1 1
unkA24B1017=1 0 0
unkA6B321DA=1
unkAB20A7AF=0 0 0 0 1
unkAB20A7B0=1 1 1 1 1
unkAD1CD93D=-1
unkAFD3B142=0 -1
unkAFD3B143=1 1
unkB5594D6B=0
unkB5EB2FD3=0 0 0
unkB8F559C7=0 0
unkB8F559C8=1 1
unkC1071430=100
unkC62B5B81=45
unkCF592840=95
unkD50EF077=0 1.5
unkD50EF078=1 0.6700000166893005
unkDDF9544E=0 0
unkDDF9544F=1 360
unkDFC79902=1 1 1 1
unkE1677EB6=1 1
unkE49E9FBD=0 450 0
unkE9FFCAF5=0 0 150
unkEA0CD74C=shadow_step_03.tga
unkEC755729=drag_05
unkF36D703B=335
unkFA316106=360
