[System]
GroupPart1=energy
GroupPart1Importance=High
GroupPart1Type=complex
GroupPart2=warning
GroupPart2Importance=High
GroupPart2Type=Simple
GroupPart3=flat
GroupPart3Importance=High
GroupPart3Type=Simple
SimulateEveryFrame=1

[energy]
e-life=-1
e-linger=0
e-rate=18
e-rate1=0 1
e-rate2=0.7000000000000001 0.5
e-rate3=1 0
p-backfaceon=0
p-bindtoemitter=1 1
p-coloroffset=0 0
p-colorscale=1 1
p-colortype=1 3
p-flexscale=0.0035000001080334187
p-frameRate=0
p-life=0.15000000596046448
p-life1=0 1
p-life2=0.5 1.5
p-life3=1 2
p-mesh=magicball.sco
p-meshtex=mord_energy_ball_01.tga
p-numframes=1
p-postoffset=0 0 0
p-quadrot=360 360 360
p-quadrotXP1=0 0
p-quadrotXP2=1 1
p-quadrotYP1=0 0
p-quadrotYP2=1 1
p-quadrotZP1=0 0
p-quadrotZP2=1 1
p-rgba=color-mana_energy_01.tga
p-rotvel=0 120 120
p-rotvel1=0 1 1 1
p-rotvel2=1 0.1 0.1 0.1
p-rotvelYP1=0 -1
p-rotvelYP2=1 1
p-rotvelZP1=0 -1
p-rotvelZP2=1 1
p-scale=0.85 0.85 0.85
p-startframe=0
p-texdiv=1 1
p-type=3
rendermode=0

[flat]
e-life=100
e-linger=0
e-rate=10
p-colorscale=1 1
p-colortype=1 0
p-frameRate=0
p-life=0.1
p-numframes=1
p-rgba=color-rampdown.tga
p-scale=30
p-scaleP1=0 0.9
p-scaleP2=1 1.2000000000000002
p-startframe=0
p-texdiv=1 1
p-texture=flare-Rainbow_blue_02.tga
p-type=0
p-xscale1=0 1.3
p-xscale2=0.5 6
p-xscale3=1 0.3
rendermode=0

[warning]
e-life=-1
e-rate=15
e-rotation1=1
e-rotation1P1=0 0
e-rotation1P2=1 360
p-bindtoemitter=1 1
p-life=0.15
p-lifeP1=0 0.8159999847412109
p-lifeP2=1 1.1122219562530518
p-offset=1 1 1
p-offsetXP1=0 0
p-offsetXP2=1 40
p-offsetYP1=0 0
p-offsetYP2=1 40
p-offsetZP1=0 0
p-offsetZP2=1 40
p-postoffset=0 -13 0
p-rgba=color-smoke32_07.tga
p-rotvel=180
p-rotvelP1=0 -1
p-rotvelP2=1 1
p-scale=12
p-scaleP1=0 1.850000023841858
p-scaleP2=1 0.55
p-texture=Flare-Rainbow_blue_02.tga
p-xscale=1
p-xscale1=0 0.75
p-xscale2=0.5 1.7
p-xscale3=1 0.15
rendermode=0

[UNKNOWN_HASHES]
unk00552B60=100
unk09748996=0.4
unk158C5BE1=-1
unk15CAB806=0.002
unk1F9D4E0E=color-smoke32_07.tga
unk28D2C7C5=5
unk2A2FA697=0 0
unk2A2FA698=1 1
unk4DB2C4E5=0 0 0 0
unk4DB2C4E6=0.5 1 1 1
unk4DB2C4E7=1 0 0 0
unk6BAF2856=0
unk6E49B4A3=0 0 0
unk73CCCE4C=1 1 1
unk7CD3FE77=0.0035000001080334187
unk82259721=0 0.5
unk82259722=1 -0.5
unk8F2D685C=1 1
unk9BD31F60=1
unk9F224510=110
unkA59915D6=360
unkAF90B5D2=1 1 1 1
unkC37239A8=0
unkC534DCDD=0
unkC97A91A1=flare-Rainbow_blue_02.tga
unkCDA717AD=1 1 1
unkEA6EBEDF=0 0 0 0 1
unkEA6EBEE0=1 1 1 1 1
