[System]
GroupPart1=fallingstar
GroupPart1Type=Simple
GroupPart2=startrails
GroupPart2Type=Complex
GroupPart3Type=Simple
GroupPart4Type=Simple
GroupPart5=starhitdust
GroupPart5Type=Simple
SoundOnCreate=Play_sfx_Worm_WrathoftheAncients_missilelaunch

[dustdrag]
f-drag=7
f-pos=0 0 0
f-radius=500

[fallingstar]
e-life=0.11999999731779099
e-rate=30
p-coloroffset=0.5 0
p-colorscale=0.5 0.4
p-colortype=1 0
p-life=0.5
p-linger=0
p-numframes=1
p-offset=0 1600 0
p-quadrot=1
p-quadrotP1=0 0
p-quadrotP2=1 360
p-rgba=color-MejaisSoulSteeler.tga
p-scale=30
p-startframe=6
p-texdiv=2 3
p-texture=endlessrage03.tga
p-vel=0 -4000 0

[starhitdust]
e-life=0.4
e-local-orient=1
e-rate=10
e-rotation1=1
e-rotation1P1=0 0
e-rotation1P2=1 360
e-timeoffset=0.30000000000000004
field-drag-1=dustdrag
p-bindtoemitter=0 0
p-coloroffset=0.5 0
p-colorscale=0.5 0.4
p-colortype=1 0
p-life=1
p-linger=1
p-offset=0 80 0
p-quadrot=1
p-quadrotP1=0 0
p-quadrotP2=1 360
p-rgba=color-MejaisSoulSteeler.tga
p-rotvel=30
p-rotvelP1=0 -1
p-rotvelP2=1 1
p-scale=15
p-scaleP1=0 0.5
p-scaleP2=1 1.6
p-startframe=1
p-texdiv=2 2
p-texture=Buff_Glb.tga
p-vel=600 0 0
p-velXP1=0 0.296999990940094
p-velXP2=1 1
p-xscale=1
p-xscale1=0 0 0 0
p-xscale2=0.19599999487400055 1.409000039100647 0 0
p-xscale3=0.24799999594688416 1.430564045906067 0 0
p-xscale4=1 1.742406964302063 0 0
single-particle=1

[startrails]
e-life=0.1
e-local-orient=0
e-rate=600
p-accel=0 -100 0
p-accelYP1=0 0
p-accelYP2=1 1
p-coloroffset=0.5 0
p-colorscale=0.5 0.4
p-colortype=1 0
p-drag=0 1 0
p-drag1=0 0 0 0
p-drag2=1 2 2 2
p-dragYP1=0 0
p-dragYP2=1 3
p-life=1
p-lifeP1=0 1
p-lifeP2=0.8 1.2000000000000002
p-lifeP3=1 1.8
p-offset=10 1600 10
p-offsetXP1=0 -1
p-offsetXP2=1 1
p-offsetZP1=0 -1
p-offsetZP2=1 1
p-rgba=color-MejaisSoulSteeler.tga
p-scale=40 200 100
p-scaleXP1=0 -1
p-scaleXP2=0.5 -1
p-scaleXP3=0.5099999904632568 1
p-scaleXP4=0.5099999904632568 1
p-scaleYP1=0 -1
p-scaleYP2=0.5 -1
p-scaleYP3=0.5099999904632568 1
p-scaleYP4=0.5099999904632568 1
p-startframe=2
p-texdiv=2 2
p-texture=spawn01.tga
p-type=1
p-vel=0 -4000 0
p-xscale=1 1 1
p-xscale1=0 1 1 1
p-xscale2=0.5 0.30000000000000004 1.2000000000000002 0.30000000000000004
p-xscale3=1 0 0.2 1.4 0.2

[UNKNOWN_HASHES]
unk04E89E31=10
unk074AAC43=0 0
unk074AAC44=1 360
unk0D30C857=0 4.411815166473389 0 0
unk0D30C858=0.30000001192092896 6.601570129394531 0 0
unk0D30C859=1 11.711000442504883 0 0
unk0E24B122=1
unk119520CE=1 1
unk1D3B8337=0 0 0
unk29C4DCEB=1
unk2B862EB8=1
unk3226EDA2=1
unk323717BB=0 50 0
unk34BF6D6D=0 -1
unk34BF6D6E=1 1
unk3CA3D06A=1
unk3E8FF353=3
unk4A690980=1
unk5D2435B1=4
unk60854C35=Flashfreeze.tga
unk65171948=0
unk655F3182=0
unk7CEE3D49=1
unk7DE7DBB3=0.30000000000000004
unk85607819=0 80 0
unk88F89513=Buff_Shield.tga
unk91B9CB9F=2
unk920330A4=0.1
unk9B4464D2=2 2
unk9C7C1E11=0.30000000000000004
unk9E1B02EF=0.4
unk9EEE09A4=30
unkA82BF51C=color-smack.tga
unkB1616ED3=2
unkB80E8BCC=0 0 0
unkBC5E572B=0 0
unkBC5E572C=1 360
unkD85CCE5A=1
unkE14B6182=50
unkE4BD7F79=0 5.857704162597656 0 0
unkE4BD7F7A=0.24799999594688416 5.857999801635742 0 0
unkE4BD7F7B=1 0 0 0
unkE58A6002=1
unkEE6DC530=2 3
unkF1A2324D=0.4
unkF654F642=0 0.296999990940094
unkF654F643=1 1
unkF95304F0=1 1
unkFBB3247A=color-rampdown.tga
