[System]
GroupPart1=trail
build-up-time=10

[trail]
e-life=100000
e-local-orient=0
e-rate=10
e-tilesize=200 -1 0
e-uvscroll=-0.5 0
p-accel=3 0 3
p-accelXP1=0 -1
p-accelXP2=1 1
p-accelZP1=0 -1
p-accelZP2=1 1
p-bindtoemitter=1
p-coloroffset=0 0
p-colorscale=1 1
p-colortype=1 1
p-drag=0 2 0
p-life=2.5
p-quadrot=1 1 1
p-quadrotZP1=0 -40
p-quadrotZP2=1 40
p-rgba=color-beacontrail.tga
p-rotvel=0 0 0
p-scale=20 0 0
p-scaleXP1=0 0.9
p-scaleXP2=1 1.1
p-texdiv=1 1
p-texture=beacontrail.tga
p-trailmode=0
p-type=4
p-worldaccel=0 100 0
p-xscale1=0 1 0 0
p-xscale2=0.30000000000000004 2 0 0
p-xscale3=0.6000000000000001 0.8 0 0
p-xscale4=1 0 0 0
rendermode=0

[UNKNOWN_HASHES]
unk0660AA54=20
unk079C0641=15 15 15
unk0EDAA4F1=0 0
unk0EDAA4F2=1 1
unk25E7AD0A=0 -200
unk25E7AD0B=1 200
unk2665BC8B=0 -200
unk2665BC8C=1 200
unk2B7CFD96=0 1 0 0
unk2B7CFD97=0.2 1 0 0
unk2B7CFD98=0.30000000000000004 0.8 0 0
unk2B7CFD99=1 0 0 0
unk34F945B0=-50 0 0
unk39241BE5=0
unk3A99C4B7=-1
unk3C5C67EC=2
unk4260B63C=0.2
unk42C6734E=0
unk44CEA2BC=1 0 1
unk47DBE403=40 50 0
unk4CFB5153=0 0 0
unk4E788887=0.5
unk4EC7C99D=1 0
unk4F94B673=0 0
unk4F94B674=1 360
unk58897AB4=color-hold.tga
unk58DAC17B=trail_weaponstreak1.tga
unk5E05AE30=1
unk5F5FA2B6=0.5 0
unk61BEF46B=3000
unk628CD6F4=1 0
unk6323ECA3=4
unk6C538A7D=0 -5
unk6C538A7E=1 5
unk6D4FA97F=0 -5
unk6D4FA980=1 5
unk7245748D=0 0
unk72842A7B=0
unk7735707D=0 0 0
unk777CB66F=1 1 0
unk7BCF3E54=1 1 0
unk7FA96506=0 0 0
unk83634E87=0 1 0
unkA19D68A9=0
unkA20ADAB8=0 0.5
unkA20ADAB9=1 1
unkA744CA52=DisintegrateFire.tga
unkB5627600=1
unkB5C320E5=0 -20
unkB5C320E6=0.20000000298023224 -10
unkB5C320E7=0.8 10
unkB5C320E8=1 20
unkB6413066=0 90
unkB6413067=1 100
unkBE8236BA=4
unkC734C566=0 0.8
unkC734C567=1 2
unkCCBEB030=1 0.9
unkCDE741EA=150 0 0
unkE1E967C7=0.5 1
unkE7026C25=1
unkF2ECB71A=2000 0 0
unkF31A3E70=-1
unkF98C3148=1 0
unkFA1E8692=1
unkFB5859DF=0 200 0
unkFD2B309D=color-disintegratefire.tga
