[System]
SimulateEveryFrame=1

[UNKNOWN_HASHES]
unk01BBB1D9=1 1
unk02F159E2=0 0.5
unk02F159E3=0.5 1
unk02F159E4=1 1
unk04AE549A=1 1
unk04B852A2=1
unk05233ADF=SorakaIdle01.tga
unk07EFBE1F=BaseSoraka
unk0839B3C7=color-sorakahorn.tga
unk0B4A9CDF=0 0
unk0B4A9CE0=1 360
unk0D03C81E=0 0
unk0D03C81F=1 360
unk0EFD5CFD=3
unk0F554CE4=1 0.30000000000000004
unk116F2D7E=8
unk119C6B2C=1
unk119C6B2D=1
unk16082E21=1
unk1DA1D101=1 0
unk26FA676B=1
unk26FA676C=1
unk2768848A=0 0
unk2768848B=1 5
unk311BB9CC=1
unk32FFCD40=1 0
unk340FC087=2 2
unk3707F616=1
unk37577DAC=0 0
unk37577DAD=1 360
unk37D58D2D=0 0
unk37D58D2E=1 360
unk383F7A08=2
unk3B178C06=2 2
unk3CC680C9=0 0
unk3CC680CA=1 5
unk3E5528A3=0 0 1
unk3F7A30E6=1 0 0
unk43584D97=12
unk466BB1D8=1
unk476CB01E=1
unk4B234A2E=1
unk4CCD0DD8=0 0.8
unk4CCD0DD9=1 1.2000000000000002
unk4ECB7A28=DryadSoraka
unk52838423=-1
unk53F07A19=0 0 1
unk540D16A4=1 1
unk548189E2=0 1 0
unk5AD7AAD3=1
unk5C947650=color-sorakahorn.tga
unk65C9F007=3
unk67E6A2E3=1 1
unk689B90D5=0 0
unk689B90D6=1 360
unk69DEF9EC=0 1
unk69DEF9ED=0.5 1.2000000000000002
unk69DEF9EE=1 0.25
unk6A1CDB58=0 1 0
unk6B4E2BE9=SorakaIdle01.tga
unk6C49820F=0 0.8
unk6C498210=1 1.2000000000000002
unk6E326FCD=1
unk72284499=1
unk7C331F2B=1
unk7CE856D9=1
unk7DE3D45A=1 0.8
unk7DF98D14=0 0
unk7DF98D15=1 360
unk7EB9269E=SorakaIdle01.tga
unk84C08358=16
unk856E3095=1
unk89002924=-1
unk895B6E23=0 0.5
unk895B6E24=0.5 1
unk895B6E25=1 1
unk8DE06B65=1 0 0
unk8F97350F=0
unk8F9E19E0=1
unk93111B51=color-sorakahorn.tga
unk99273A9E=DryadSoraka
unk9ACC3622=0 0 1
unk9B12D299=0
unk9C469508=3
unkA60DA3DA=0 -180
unkA60DA3DB=1 180
unkA6CE017E=3
unkA8877DFD=2 2
unkB005D9A5=1
unkB0F89761=0 1 0
unkB1894164=0 -45
unkB1894165=1 45
unkB44B7736=1
unkB44B7737=1
unkB4FA394E=1
unkB604A275=1
unkB604A276=1
unkC050DD0B=1 0
unkC08E7F18=1
unkC1120B99=-1
unkC1C54ADD=1
unkC20A084A=1 0
unkC28D3256=1
unkC29038A0=1
unkC36ECE98=0
unkC8372D4E=10
unkC998041F=1
unkCA179094=0 0
unkCA179095=1 4
unkCA31B0ED=0 0
unkCA31B0EE=1 360
unkCAAFC06E=0 0
unkCAAFC06F=1 360
unkCB027370=1 0 0
unkCB22FDC6=color-sorakahorn-dryad.tga
unkCBD0BBD3=0 0
unkCBD0BBD4=1 4
unkD0F53963=1 0.30000000000000004
unkD20A3EEF=1 0 0
unkD2747319=0 0.8
unkD274731A=1 1.2000000000000002
unkD458777D=8
unkD5E4C88D=12
unkD90A200E=0
unkD9E53D63=0 -45
unkD9E53D64=1 45
unkE141BF14=1
unkE527F698=0 0 1
unkE5A6C6A8=SorakaIdle01.tga
unkE5DF6DCE=0 0.8
unkE5DF6DCF=1 1.2000000000000002
unkE6132FD9=1 0.8
unkEF808ED9=0 -180
unkEF808EDA=1 180
unkEF865F2D=0 1
unkEF865F2E=0.5 1.2000000000000002
unkEF865F2F=1 0.25
unkF210EF4F=1
unkF2546CA9=BaseSoraka
unkF30757F7=0 0
unkF30757F8=1 360
unkF3856778=0 0
unkF3856779=1 360
unkF3E0D3B6=0 0
unkF3E0D3B7=1 360
unkF42FAD2F=1
unkF45EE337=0 0
unkF45EE338=1 360
unkF68BB9EA=1
unkF6EDB87C=2 2
unkF909D757=1
unkF9DF6687=2
unkFB5457D7=0 1 0
unkFDB08723=1
unkFE28C19A=-1
unkFEC165A4=1
