[System]
GroupPart1=puffs
GroupPart2=crown
GroupPart3=littleray
GroupPart4=bigray

[bigray]
e-life=1000000
e-linger=0
e-local-orient=0
e-rate=0.2
e-rgba=255 0 0 200
p-bindtoemitter=1
p-frameRate=0
p-life=5
p-linger=0
p-offset=0 500 0
p-quadrot=0 0 90
p-scale=500 20 500
p-startframe=1
p-texdiv=2 1
p-texture=nexus_ray.tga
p-type=1
p-uvscroll-rgb=0 -0.20000000298023224

[crown]
e-rate=2
e-rgba=255 255 255 100
e-rgba1=1 1 1
p-life=2
p-mesh=Saucer7.sco
p-meshtex=cylinder06.tga
p-postoffset=0 35 0
p-quadrot=0 1 0
p-quadrotXP1=0 0
p-quadrotXP2=1 360
p-rotvel=1 0 0
p-rotvelXP1=0 -10
p-rotvelXP2=1 10
p-scale=18 4 18
p-type=3
p-xrgba1=0 1 0.1 0.3 0
p-xrgba2=0.3 1 0.1 0.3 1
p-xrgba3=1 1 0.1 0.3 0
rendermode=0

[littleray]
e-life=1000000
e-linger=0
e-local-orient=0
e-rate=0.5
e-rgba=255 100 0 255
p-bindtoemitter=1
p-frameRate=0
p-life=2
p-linger=0
p-offset=0 500 0
p-quadrot=0 0 90
p-scale=-500 15 500
p-startframe=1
p-texdiv=2 1
p-texture=nexus_ray.tga
p-type=1
p-uvscroll-rgb=0 0.5

[puffs]
e-local-orient=0
e-rate=20
e-rgba=255 255 255 255
e-rotation1=1
e-rotation1-axis=0 1 0
e-rotation1P1=0 0
e-rotation1P2=1 360
p-drag=1 1 1
p-frameRate=0
p-life=3
p-lifeP1=0 0.5
p-lifeP2=1 1.5
p-numframes=1
p-postoffset=0 50 0
p-quadrot=1 1 1
p-quadrotXP1=0 0
p-quadrotXP2=1 360
p-rotvel=30 0 0
p-rotvelXP1=0 -1
p-rotvelXP2=0.5 -1
p-rotvelXP3=0.5009999871253967 1
p-rotvelXP4=1 1
p-scale=30 30 30
p-scaleXP1=0 0.8
p-scaleXP2=1 1.2000000000000002
p-startframe=3
p-texdiv=2 2
p-texture=fistoffury01.tga
p-type=0
p-vel=80 0 0
p-velXP1=0 1
p-velXP2=1 2
p-xrgba1=0 0 0 0 1
p-xrgba2=0.2 1 0.4 0.4 1
p-xrgba3=0.5 1 0.8 0.8 1
p-xrgba4=0.8 1 0.4 0.4 1
p-xrgba5=1 0 0 0 1
p-xscale1=0 1 1 1
p-xscale2=1 2 2 2
uniformscale=1

[UNKNOWN_HASHES]
unk0646571D=0 0 0 0 1
unk0646571E=0.4 1 0.1 0.3 1
unk0646571F=0.6 1 0.1 0.3 1
unk06465720=1 0 0 0 1
unk17E58D18=-90 0 0
unk38AB1488=100
unk3BC708E3=Purify01.tga
unk44FFE0D4=0.5
unk528BFD02=2 2
unk63915B83=2
unk645E1F03=30
unk67407797=255 255 255 255
unk8F32812A=0
unk9DAABD52=100 100 0
unkAEFD908E=0 1
unkAEFD908F=1 -1
unkBFFF3C27=0 1 1 1
unkBFFF3C28=1 4 4 4
unkC1216152=2
unkCBAC4295=0
unkDF49D1E6=0
unkE10C751B=0.5
unkE97EAFEB=10 0 0
unkFB68DC9E=1
