[UNKNOWN_HASHES]
unk0328ADC6=0 0 0
unk062C478C=0 0
unk062C478D=1 360
unk0F098BB9=1
unk1058A76E=1 0.2
unk1329B92D=0 1 0
unk164BE511=1 1
unk177BFDA9=0 0 0
unk1DC9DBDC=0.5 16
unk2C2EA8C9=0
unk2CFF240F=1
unk3852A0B9=0
unk391A62B9=0
unk3942D492=0
unk3A2254B3=1 0 0
unk3A6166B7=0 0 1 0
unk3A6166B8=1 1 1 0
unk3B260B20=0 1 0.2 1
unk3B260B21=0.9 1 1 1
unk3B260B22=1 1 1 1
unk3BDFF080=0 -2000 0
unk3E11FD5E=3
unk3EE6A5F2=2
unk40DECEB9=0 0
unk4508AD89=0 0.2
unk4508AD8A=1 1
unk470893A1=0
unk47DF2542=1
unk4AFE783D=1
unk4D0F5190=50 1200 0
unk4E167F6E=0 1
unk4E167F6F=1 0.5
unk4F910172=0 500 0
unk50102494=godray2way.tga
unk52A81B00=1 1
unk53644E99=1 1 1
unk550F6A6A=color-summonercast.tga
unk56C4A063=1
unk57C05F7D=1000
unk5E03D07E=godsmoke.tga
unk5E44E421=1
unk5E5DC6C3=0 1 0
unk6118C609=0 1 0
unk62DC72AE=1
unk6CED64DB=color-godray.tga
unk6D7D4951=0.1 2 0.1
unk7622DE92=80
unk772E5D36=0 -120
unk772E5D37=1 120
unk7C1E626D=15 15 15
unk7D500B04=1 1
unk7FBD6543=1 1 1
unk8B26064C=0 -1
unk8B26064D=1 1
unk9CEEFE7A=0
unkA1395F8C=0 1
unkA1395F8D=1 3
unkA1B76F0D=0 1
unkA1B76F0E=1 3
unkA2357E8E=0 1
unkA2357E8F=1 3
unkA46D5B4F=0
unkA4CC5D2A=0
unkA63A3828=0
unkA7CE214B=1
unkAC9C2FB1=0 1 0.5 1
unkAC9C2FB2=1 1 1 1
unkAD085ECF=1 1
unkAD3E97FA=100 700 0
unkB0044417=1
unkB0A04709=0 1
unkB0A0470A=0.7000000000000001 1
unkB0A0470B=1 0
unkB3D38720=1 0
unkB61C9EA7=1 1
unkB674D1AB=180 0 0
unkB7366BC4=0 1
unkB7366BC5=1 1.3
unkBB082670=1
unkBBC5CA61=1
unkBCA4E183=8
unkBD9A3AA9=0 0
unkBD9A3AAA=1 1
unkBE184A2A=0 0.9
unkBE184A2B=1 1
unkBE81DF3A=0 1
unkBE81DF3B=1 1.2000000000000002
unkC08CBECE=0 0
unkC08CBECF=1 1.5
unkC0D07A45=Glows.tga
unkC1DE805D=-400
unkC7CB3036=1 3
unkC9538A48=0
unkCA261320=2 2
unkCB680D71=0
unkCE4B24ED=2
unkCF75743A=0 0.9
unkCF75743B=1 1.1
unkD1B4C5A2=0 0
unkD1B4C5A3=1 360
unkD2E620E1=1
unkD44857D8=0 0
unkD44857D9=0.2 3
unkD44857DA=0.5 5
unkD44857DB=1 2
unkDA48ECB0=0
unkDD4A44F9=1.5
unkDFECABAD=0 0 0
unkE1DD5520=1000
unkE23C03C2=0 1 1 1
unkE23C03C3=0.30000000000000004 1.8 1.8 1.8
unkE23C03C4=1 2 2 2
unkE2933FB4=200
unkE9621744=1
unkF335082F=1 1 1
unkF3730971=color-summonercastfog.tga
unkF67752AF=up
unkFCA88328=200
unkFFA801C6=0 0
unkFFA801C7=1 360
