[System]
GroupPart1=glow
GroupPart1Importance=High
GroupPart1Type=Simple
GroupPart2=flat_02
GroupPart2Importance=High
GroupPart2Type=Simple
GroupPart3=blade_01
GroupPart3Importance=High
GroupPart3Type=Simple
SimulateEveryFrame=1

[blade_01]
e-life=-1
e-linger=0
e-rate=4
e-rgba=1 1 1 1 1
p-bindtoemitter=1 1
p-flexscale=0.355
p-life=0.35
p-linger=0
p-offset=0 0 0
p-postoffset=0 0 0
p-rotvel=-650
p-scale=0.75
p-simpleorient=2
p-texture=youmuBlade_01.tga
p-type=1
p-xrgba1=0 0 0 0 0
p-xrgba2=0.5 0 0 0 1
p-xrgba3=1 0 0 0 0
rendermode=1

[flat_02]
e-life=0.2
e-linger=0
e-local-orient=0
e-rate=18
p-colorscale=1 1
p-colortype=1 0
p-frameRate=0
p-life=0.15000000596046448
p-numframes=1
p-postoffset=0 0 0
p-quadrot=1
p-quadrotP1=0 0
p-quadrotP2=1 360
p-rgba=color-rampdown.tga
p-rotvel=90 90 0
p-scale=200
p-scaleP1=0 0.9
p-scaleP2=1 1
p-startframe=0
p-texdiv=1 1
p-texture=flare-Rainbow_purp_01.tga
p-type=0
p-xscale1=0 1
p-xscale2=0.5 0.5
p-xscale3=1 0
rendermode=0

[glow]
e-life=-1
e-linger=0
e-local-orient=0
e-rate=8
p-bindtoemitter=1 1
p-flexscale=0.0035000001080334187
p-life=0.2
p-linger=0
p-offset=1 1 1
p-quadrot=360
p-quadrotP1=0 0
p-quadrotP2=1 1
p-rgba=color-smoke32_07.tga
p-rotvel=100
p-rotvelP1=0 0.5
p-rotvelP2=1 -0.5
p-scale=105
p-scale1=0 0.7
p-scale2=0.30000001192092896 4.349999904632568
p-scale3=1 0.7
p-texture=flare-Rainbow_purp_01.tga
p-type=1
p-vel=0 0 0
p-xrgba=1 1 1 1
p-xrgba1=0 0 0 0 1
p-xrgba2=1 1 1 1 1
p-xscale=1 1 1
p-xscale1=0 0 0 0
p-xscale2=0.5 1.5 1.5 1.5
p-xscale3=1 0 0 0
rendermode=0

[UNKNOWN_HASHES]
unk23F32128=1 2
unk33BDE5C8=0 0 0
unk50B21DC1=1 1
unk6AC1E4C1=0 0.9
unk71EC5383=0
unk73AEF6B8=0
unk7ABAA0F1=6
unk7C213188=0 0 0
unk86D2733C=1
unk89860673=1
unk96BD0475=1 1 0
unk9A18DF20=1
unk9BD31F60=1
unkAEEEE3C0=50
unkAF1EF2FC=1 0.1
unkD361EE86=ring_purp_02.tga
unkF6DC216F=7
unkFD24BC02=100
