[Glow]
e-life=1
e-linger=0
e-rate=1
p-bindtoemitter=1
p-coloroffset=0.5 0
p-colorscale=0.5 0.44999998807907104
p-colortype=1 0
p-flexscale=0.004999999888241291
p-life=2.5
p-linger=0
p-local-orient=1
p-offset=0 0 0
p-rgba=color-rainbowbell.tga
p-scale=60 60 0
p-texture=bigglow.tga
p-type=0
rendermode=0
single-particle=1

[System]
GroupPart1=Glow
PersistThruDeath=1
SimulateEveryFrame=1

[UNKNOWN_HASHES]
unk1578AD81=1 1
unk3A24A131=1
unk3A44933C=0.5 0.5
unk3BDA33C3=10
unk3D9CD6F8=0
unk463C737C=10
unk4905C4F1=0
unk504D65A9=color-rainbowbell.tga
unk5982DF60=10
unk652C1E46=bigglow.tga
unkB2131435=200
unkB64621AF=0
unkF42170E8=0 0
unkFB99E8A9=1
