[Gravity]
f-accel=0 -400 0
f-localspace=0

[SparksDrag]
f-drag=4
f-pos=0 0 0
f-radius=2000

[System]
GroupPart1=spikebullet
GroupPart1Type=complex
GroupPart2=smoke
GroupPart2Type=Simple
GroupPart3=followsparks
GroupPart3Type=Simple
GroupPart4Type=Simple
SimulateEveryFrame=1

[followsparks]
e-rate=200
field-accel-1=Gravity
field-drag-1=SparksDrag
p-bindtoemitter=0.6000000000000001 0
p-coloroffset=0 0.5
p-colorscale=1 0.5
p-colortype=1 3
p-life=0.4
p-lifeP1=0 0.8
p-lifeP2=1 2
p-linger=-1
p-postoffset=15 15 15
p-postoffsetXP1=0 0
p-postoffsetXP2=1 1
p-postoffsetYP1=0 0
p-postoffsetYP2=1 1
p-postoffsetZP1=0 0
p-postoffsetZP2=1 1
p-quadrot=1
p-quadrotP1=0 0
p-quadrotP2=1 360
p-rgba=color-firemissile.tga
p-scale=4
p-scaleP1=0 0.1
p-scaleP2=1 1
p-startframe=4
p-texdiv=2 3
p-texture=disintegrate02.tga
p-vel=0 1000 0
p-velYP1=0 0
p-velYP2=1 1
p-xscale=1
p-xscale1=0 1
p-xscale2=0.5109999775886536 1.5570000410079956
p-xscale3=1 0

[smoke]
e-rate=120
p-bindtoemitter=0 0
p-colorscale=1 0.4
p-life=1
p-lifeP1=0 0.8
p-lifeP2=1 1.4000000000000001
p-linger=-1
p-numframes=4
p-postoffset=5 50 5
p-postoffsetXP1=0 0
p-postoffsetXP2=1 1
p-postoffsetYP1=0 -1
p-postoffsetYP2=1 1
p-postoffsetZP1=0 0
p-postoffsetZP2=1 1
p-quadrot=1
p-quadrotP1=0 0
p-quadrotP2=1 360
p-randomstartframe=1
p-rgba=color-smoke32.tga
p-scale=30
p-scaleP1=0 0.6000000000000001
p-scaleP2=1 1.4000000000000001
p-texdiv=2 2
p-texture=smokepuffs.tga
p-xscale=1
p-xscale1=0 1
p-xscale2=1 1.5
rendermode=1

[spikebullet]
e-local-orient=1
e-rate=1
p-bindtoemitter=1
p-life=0.5
p-linger=0
p-mesh=spikebullet.sco
p-meshtex=spikebullet.tga
p-quadrot=0 180 0
p-rgba=color-white32.tga
p-scale=4 4 4
p-shadow=1
p-texture=spikebullet.tga
p-type=3
rendermode=1

[UNKNOWN_HASHES]
unk013B9371=0 0 0
unk05E04024=0 0
unk05E04025=1 360
unk084CC177=2 2
unk08B2CFC9=0.5
unk0B3A0C0F=25
unk10B2020A=0 0.2
unk10B2020B=1 1.3
unk119524D8=0 -1
unk119524D9=0.5040000081062317 -1
unk119524DA=0.5220000147819519 1
unk119524DB=1 1
unk14CAA214=1.0399999618530273
unk1BD8FC64=0 0.5 1 1
unk1BD8FC65=1 2.3346669673919678 1 1
unk1EDB9441=color-blood32.tga
unk21A5970A=0 0.8
unk21A5970B=1 1.5
unk21D2A8DE=0 0.4
unk21D2A8DF=1 1.2000000000000002
unk260DD59E=0
unk28110DF8=100
unk298012D7=0.5
unk34121D3F=4
unk3CDD715B=1 1
unk3EE494F2=0 0.5
unk3EE494F3=1 60
unk3FA8D74F=color-white32.tga
unk40B44993=0 0 1
unk45652AFF=1
unk48DE5106=6
unk58F5A8BC=0 0
unk58F5A8BD=1 10
unk5973B83D=0 0
unk5973B83E=1 360
unk612E2421=360
unk68D554E9=0 0
unk6D0D0C11=1 0 0
unk73BF4D55=1
unk7DB835C9=CustomAccelField-1
unk81F7073B=BloodDrag
unk87211C7E=0 -3000 0
unk950A965B=0.5
unk96CAE5E3=1
unk96CD3990=-1
unk96FE5B89=1
unk97A0C920=CannonBallGlow01.tga
unk9C6D7358=0.4
unkA4960F07=turret nexus inhibitor
unkAEE11A7B=1
unkAEE11A7C=1
unkAEE11A7D=50
unkB430AA57=2
unkB5A88B9D=1.5
unkBAAC61AE=bloodgoop.tga
unkBAE68050=1 3
unkBE139FB5=1000
unkBF97B1B0=0 1200 0
unkC02E4165=0
unkC69522A4=0 0
unkC69522A5=1 360
unkD4A5C70D=1 1 1
unkE15BE5E0=4
