[System]
GroupPart1=eyes
GroupPart1Importance=High
GroupPart1Type=Simple
GroupPart2=blood_burst
GroupPart2Importance=High
GroupPart2Type=complex
GroupPart3=ring
GroupPart3Importance=High
GroupPart3Type=Simple
SimulateEveryFrame=1

[blood_burst]
e-life=2
e-linger=0
e-local-orient=0
e-rate=70
e-rotation1=1
e-rotation1-axis=0 0 1
e-rotation1P1=0 0
e-rotation1P2=1 360
e-rotation2=1
e-rotation2P1=0 0
e-rotation2P2=1 125
p-bindtoemitter=0 0
p-colorscale=1 1
p-colortype=1 3
p-drag=1 1 1
p-flexoffset=0.004999999888241291
p-frameRate=16
p-life=0.30000000000000004
p-lifeP1=0 0.5
p-lifeP2=1 2
p-numframes=16
p-offset=0 10 0
p-postoffset=0 150 0
p-rgba=color-bloodfade32.tga
p-scale=22 22 22
p-scale1=0 1 1 1
p-scale2=0.5 1 1 1
p-scale3=1 1 1 1
p-scaleXP1=0 0.4
p-scaleXP2=1 1.2000000000000002
p-startframe=0
p-texdiv=4 4
p-texture=blurdrops.tga
p-vecalign=1
p-vel=24 45 15
p-velYP1=0 0.125
p-velYP2=1 0.8
p-worldaccel=0 -1000 0
rendermode=1

[eyes]
e-life=2
e-linger=0
e-local-orient=0
e-rate=0.0825
field-drag-1=Drag
p-bindtoemitter=1 1
p-frameRate=0
p-life=2
p-linger=0
p-numframes=1
p-offset=0 150 0
p-quadrot=0 0 0
p-rgba=color-hold.tga
p-scale=85
p-startframe=0
p-texdiv=1 1
p-texture=blood_scent_07.tga
p-type=1
p-xscale1=0 0.5
p-xscale2=0.009999999776482582 1.600000023841858
p-xscale3=0.014999999664723873 0.8999999761581421
p-xscale4=0.02500000037252903 1.399999976158142
p-xscale5=0.029999999329447746 0.8999999761581421
p-xscale6=0.03999999910593033 1.2999999523162842
p-xscale7=0.04500000178813934 0.8999999761581421
p-xscale8=0.054999999701976776 1.2000000476837158
p-xscale9=0.05999999865889549 1
rendermode=1

[ring]
e-life=2
e-linger=0
e-local-orient=0
e-rate=4
p-bindtoemitter=1 1
p-colorscale=1 1
p-colortype=1 0
p-frameRate=0
p-life=0.6
p-numframes=1
p-postoffset=0 145 0
p-quadrot=45
p-rgba=alpha_01.tga
p-rotvel=0 0 150
p-scale=70
p-startframe=0
p-texdiv=1 1
p-texture=ring_red.tga
p-type=0
p-xscale1=0 0.6
p-xscale2=1 0
rendermode=0

[UNKNOWN_HASHES]
unk36CD6F6A=0.5
unk3E824ACD=arrow_indicator_01.tga
unk42E541B5=2
unk4CF633E2=AlphaStrike_prison__ball__p-rgba.tga
unk562BAD99=5
unk67313AB9=50
unk6F9BC9EF=1 2
unk7B066EC1=0 0 0
unk7E949A08=0 0.9
unk9F7963C0=1
unkA1680A20=1
unkA470FE65=0
unkADD6D43C=75 75 0
unkB2EEEFE8=7
unkC2BA7E11=0 2
unkC2BA7E12=1 0.5
unkDF709F88=1 1
unkE11678B6=1 1
unkF10D757C=0
unkF1C1BA2A=1
unkF6677BF5=1 0.1
unkF68016C9=100
unkFB425381=0 0 0
