[BigSparkle]
e-disabled=1
e-rate=20
p-bindtoemitter=1 0
p-life=1
p-lifeP1=0 0.1
p-lifeP2=1 0.11999999731779099
p-linger=0
p-numframes=4
p-quadrot=1 1 0
p-quadrotXP1=0 90
p-quadrotXP2=0.01 360
p-quadrotYP1=0 1
p-quadrotYP2=1 360
p-randomstartframe=1
p-scale=125 125 125
p-texdiv=2 2
p-texture=SRU_Turret_BA_sparkle_2x2.dds
p-xquadrot-on=1
p-xrgba=0.10000000149011612 0.009999999776482582 1 0.10000000149011612
p-xscale=1 1 1
p-xscale1=0 0.25 0.25 0
p-xscale2=1 1 1 0
pass=-50

[BigSparkleDark]
e-disabled=1
e-rate=20
p-bindtoemitter=1 0
p-life=1
p-lifeP1=0 0.1
p-lifeP2=1 0.11999999731779099
p-linger=0
p-numframes=4
p-quadrot=1 1 0
p-quadrotXP1=0 90
p-quadrotXP2=0.01 360
p-quadrotYP1=0 1
p-quadrotYP2=1 360
p-randomstartframe=1
p-scale=175 175 175
p-texdiv=2 2
p-texture=SRU_Turret_BA_darkglow_2x2.dds
p-xquadrot-on=1
p-xrgba=0.9 0.6000000000000001 0.30000000000000004 0.5
p-xscale=1 1 1
p-xscale1=0 0.25 0.25 0
p-xscale2=1 1 1 0
pass=-10
rendermode=2

[Electricity]
e-rate=1
p-bindtoemitter=1 0
p-frameRate=35
p-life=-1
p-linger=0
p-numframes=25
p-offset=7 0 0
p-orbitvel=0 -10 0
p-quadrot=1 0 0
p-quadrotXP1=0 0
p-quadrotXP2=1 360
p-rotvel=90 90 90
p-scale=55 55 55
p-texdiv=5 5
p-texture=SRU_Turret_BA_electricity_5x5.dds
p-xquadrot-on=1
single-particle=1

[Sparkle]
e-disabled=1
e-rate=60
p-bindtoemitter=1 0
p-life=1
p-lifeP1=0 0.1
p-lifeP2=1 0.11999999731779099
p-numframes=4
p-quadrot=1 1 0
p-quadrotXP1=0 90
p-quadrotYP1=0 1
p-quadrotYP2=1 360
p-randomstartframe=1
p-scale=75 75 75
p-scaleXP1=0 0.25 0.25 0.25
p-scaleXP2=1 1 1 1
p-scaleYP2=0 0.25 0.25 0.25
p-texdiv=2 2
p-texture=SRU_Turret_BA_sparkle_2x2.dds
p-xquadrot-on=1
p-xrgba=0.5 0.20000000298023224 1 0.75
p-xscale=1 1 1
p-xscale1=0 0.25 0.25 0
p-xscale2=1 1 1 0
pass=50

[System]
GroupPart1=Electricity
GroupPart2=BigSparkle
GroupPart3=Sparkle
GroupPart4=Trail
GroupPart5=Trail2
GroupPart6=TrailWhite
GroupPart7=BigSparkleDark
SimulateEveryFrame=1

[Trail]
e-disabled=1
e-rate=120
e-tilesize=200 0 0
p-colortype=1 3
p-drag=2 2 2
p-life=0.6499999761581421
p-linger=2
p-offset=1 0 0
p-offsetXP1=0 -5
p-offsetXP2=1 5
p-rgba=SRU_color_mono_trail.tga
p-scale=45 0 0
p-texture=SRU_Turret_BA_trail.dds
p-trailmode=1
p-type=5
p-xscale=1 1 1
p-xscale1=0 1.5 0 0
p-xscale2=0.5 0 0 0
p-xscale3=1 0 0 0

[Trail2]
e-life=4
e-rate=120
e-rotation1=1
e-rotation1-axis=0 1 0
e-rotation1P1=0 0
e-rotation1P2=1 360
e-tilesize=100 0 0
p-colortype=1 3
p-drag=2 2 2
p-life=0.6499999761581421
p-lifeP1=0 0.8
p-lifeP2=1 2
p-linger=2
p-offset=1 0 0
p-offsetXP1=0 -10
p-offsetXP2=1 10
p-quadrot=6000 30 0
p-quadrot1=0 0 1 0
p-quadrot2=1 1 1 1
p-rgba=SRU_color_mono_trail.tga
p-rotvel=1 0 0
p-rotvelXP1=0 -100
p-rotvelXP2=1 100
p-scale=30 0 0
p-texture=SRU_purple_turret_trail.tga
p-trailmode=1
p-type=4
p-vel=1 10 0
p-velXP1=0 -100
p-velXP2=0.2 -20
p-velXP3=0.8 20
p-velXP4=1 100
p-velYP1=0 0
p-velYP2=1 2
p-velZP1=0 -100
p-velZP2=0.2 -20
p-velZP3=0.8 20
p-velZP4=1 100
p-xscale=1 1 1
p-xscale1=0 1 0 0
p-xscale2=0.5 0 0 0
p-xscale3=1 0 0 0

[TrailWhite]
e-disabled=1
e-life=4
e-rate=120
e-rotation1=1
e-rotation1-axis=0 1 0
e-rotation1P1=0 0
e-rotation1P2=1 360
e-tilesize=100 0 0
p-colorscale=1 0.5
p-colortype=1 3
p-drag=2 2 2
p-life=0.6499999761581421
p-lifeP1=0 0.8
p-lifeP2=1 2
p-linger=2
p-offset=1 0 0
p-offsetXP1=0 -10
p-offsetXP2=1 10
p-quadrot=6000 30 0
p-quadrot1=0 0 1 0
p-quadrot2=1 1 1 1
p-rgba=SRU_Turret_BA_Trail_color.dds
p-rotvel=1 0 0
p-rotvelXP1=0 -100
p-rotvelXP2=1 100
p-scale=30 0 0
p-texture=SRU_Turret_BA_trail_03.dds
p-trailmode=1
p-type=4
p-vel=1 100 0
p-velXP1=0 -200
p-velXP2=0.2 -20
p-velXP3=0.8 20
p-velXP4=1 200
p-velYP1=0 0
p-velYP2=1 2
p-velZP1=0 -200
p-velZP2=0.2 -20
p-velZP3=0.8 20
p-velZP4=1 200
p-xscale=1 1 1
p-xscale1=0 1 0 0
p-xscale2=0.5 0 0 0
p-xscale3=1 0 0 0

[UNKNOWN_HASHES]
unkC5566060=4
unkDEED9108=0.550000011920929 0.05000000074505806 1 1
