[System]
GroupPart1=structureGlow
SimulateEveryFrame=1
SoundPersistent=Play_sfx_Env_Map11_Emitter_firebig

[structureGlow]
e-rate=0.15000000596046448
e-rgba=255 255 255 63
p-life=8
p-lifeP1=0 0.5
p-lifeP2=1 1
p-mesh=sru_structureglow.scb
p-meshtex=SRU_Brazier_Glow_01.dds
p-postoffset=0 10 0
p-scale=0.30000000000000004 0.30000000000000004 0.30000000000000004
p-type=3
p-xrgba=1 1 1 1
p-xrgba1=0 1 1 1 0
p-xrgba2=0.2 1 1 1 0.55
p-xrgba3=0.5 1 1 1 1
p-xrgba4=0.8 1 1 1 0.55
p-xrgba5=1 1 1 1 0
rendermode=4

