[Fire]
e-rate=20
e-rotation1=45
e-rotation1-axis=0 1 0
e-uvoffset-mult=1 1
e-uvoffset-multXP1=0 1
e-uvoffset-multXP2=1 -1
e-uvoffset-multYP1=0 1
e-uvoffset-multYP2=1 -1
p-accel=0 300 0
p-accelXP1=0 0.1
p-accelXP2=1 1
p-accelYP1=0 0.8
p-accelYP2=1 1
p-life=0.6000000000000001
p-lifeP1=0 0.8
p-lifeP2=1 1
p-linger=2
p-numframes=8
p-offset=20 10 20
p-offsetXP1=0 -1
p-offsetXP2=1 1
p-offsetZP1=0 -1
p-offsetZP2=1 1
p-quadrot=1 0 0
p-quadrotXP1=0 1
p-quadrotXP2=1 360
p-randomstartframe=1
p-rotvel=1 0 0
p-rotvelXP1=0 0
p-rotvelXP2=1 0
p-scale=35 35 35
p-scaleXP1=0 0.8
p-scaleXP2=1 1
p-texdiv=4 2
p-texdiv-mult=2 2
p-texture=SRU_Brazier_Flame_Temp_01.dds
p-texture-mult=Env_MB_brazierFire_mult.dds
p-uvscroll-rgb-mult=0 -1.25
p-xrgba=1 1 1 1
p-xrgba1=0 1 1 1 0
p-xrgba2=0.3 1 1 1 1
p-xrgba3=0.8 1 1 1 0.8
p-xrgba4=1 1 0 0 0
p-xscale=1 1 1
p-xscale1=0 0.6 0.6 0.6
p-xscale2=0.1 1 1 1
p-xscale3=1 0.6000000000000001 0.6000000000000001 0.6000000000000001
pass=2
rendermode=4
uniformscale=1

[FireGlow]
e-rate=0.07999999821186066
flag-disable-z=1
p-life=22
p-lifeP1=0 0.5
p-lifeP2=1 1
p-postoffset=0 10 0
p-scale=151 151 151
p-texture=SRU_Brazier_Glow_01.dds
p-xrgba=1 1 1 1
p-xrgba1=0 1 1 1 0
p-xrgba2=0.2 1 1 1 0.55
p-xrgba3=0.35 1 1 1 0.85
p-xrgba4=0.45 1 1 1 0.6
p-xrgba5=0.55 1 1 1 0.6
p-xrgba6=0.65 1 1 1 0.85
p-xrgba7=0.8 1 1 1 0.55
p-xrgba8=1 1 1 1 0
pass=5
rendermode=4

[Smoke]
e-rate=5
e-rotation1=25
e-rotation1-axis=0 1 0
e-uvoffset-mult=1 1
e-uvoffset-multXP1=0 1
e-uvoffset-multXP2=1 0
e-uvoffset-multYP1=0 1
e-uvoffset-multYP2=1 0
p-accel=0 150 0
p-accelXP1=0 0.8
p-accelXP2=1 1
p-accelYP1=0 0.5
p-accelYP2=1 1
p-backfaceon=1
p-bindtoemitter=1 1
p-drag=1 1 0
p-life=2.5
p-lifeP1=0 0.8
p-lifeP2=1 1
p-linger=0
p-offset=30 20 10
p-offsetXP1=0 -1
p-offsetXP2=1 1
p-quadrot=0 1 0
p-quadrotYP1=0 1
p-quadrotYP2=1 360
p-scale=70 70 0
p-scaleXP1=0 0.8
p-scaleXP2=1 1
p-scaleYP1=0 0.8
p-scaleYP2=1 1
p-scaleZP1=0 0.8
p-scaleZP2=1 1
p-texture=Env_MB_brazier_dust.dds
p-texture-mult=Env_MB_brazier_dust_mult.dds
p-uvscroll-no-alpha=1
p-uvscroll-rgb=0 0.4
p-uvscroll-rgb-mult=0 0.25
p-vecalign=1
p-xrgba=1 1 1 1
p-xrgba1=0 1 1 0.227451 0
p-xrgba2=0.3 0.901961 0.890196 0.713725 0.298039
p-xrgba3=0.6 0.74902 0.745098 0.556863 0.098039
p-xrgba4=1 0.290196 0.478431 1 0
p-xscale=1 1 1
p-xscale1=0 0.6 0.2 0.6
p-xscale2=0.4 0.8 0.8 0.8
p-xscale3=1 1 1 1
rendermode=1

[System]
GroupPart1=Fire
GroupPart2=baseGlow
GroupPart3=sparks
GroupPart4=Smoke
GroupPart5=FireGlow
SimulateEveryFrame=1
SoundPersistent=Play_sfx_Env_Map11_Emitter_firebig

[baseGlow]
e-rate=3
p-life=2.5
p-lifeP1=0 0.5
p-lifeP2=1 1
p-linger=0
p-offset=0 -1 0
p-quadrot=90 0 0
p-scale=80 80 80
p-texture=SRU_brazierFire_glow.dds
p-type=1
p-xrgba=1 1 1 1
p-xrgba1=0 1 1 1 0
p-xrgba2=0.5 1 0.5 0.5 0.5
p-xrgba3=1 1 0 0 0
p-xscale=1 1 1
p-xscale1=0 0.5 0.5 0.5
p-xscale2=1 0.75 0.75 0.75
pass=1
rendermode=1

[sparks]
e-rate=25
e-rotation1=45
e-rotation1-axis=0 1 0
p-colortype=1 3
p-drag=0.6000000000000001 0.6000000000000001 0.6000000000000001
p-life=1.2000000000000002
p-lifeP1=0 0.5
p-lifeP2=1 1
p-numframes=4
p-offset=25 -25 25
p-offsetXP1=0 -1
p-offsetXP2=1 1
p-offsetZP1=0 -1
p-offsetZP2=1 1
p-orbitvel=0.4 0.4 0.4
p-orbitvelXP1=0 -1
p-orbitvelXP2=1 1
p-orbitvelYP1=0 -1
p-orbitvelYP2=1 1
p-orbitvelZP1=0 -1
p-orbitvelZP2=1 1
p-randomstartframe=1
p-scale=20 20 0
p-scaleXP1=0 0.5
p-scaleXP2=1 1
p-scaleYP1=0 0.5
p-scaleYP2=1 1.5
p-texdiv=2 2
p-texture=Env_MB_brazierFire_Ash_01.dds
p-vecalign=1
p-vel=0 250 0
p-velXP1=0 0.5
p-velXP2=1 1
p-velYP1=0 0.5
p-velYP2=1 1
p-xrgba=1 1 1 1
p-xrgba1=0 1 1 1 0
p-xrgba2=0.3 1 1 1 1
p-xrgba3=1 1 0 0 0
p-xscale=1 1 1
p-xscale1=0 0 0 0
p-xscale2=0.3 1 0.5 0
p-xscale3=1 0.2 0.2 0
pass=1

[UNKNOWN_HASHES]
unkC11C5848=1
