[System]
GroupPart1=mouthFlames
GroupPart2=gather
GroupPart3=charge_mesh
SimulateEveryFrame=1

[charge_mesh]
e-disabled=1
e-life=1
e-rate=5
p-life=10
p-mesh=SRU_Dragon_BA2_chargeup_mesh.scb
p-meshtex=color-hold.dds
p-quadrot=1 1 0
p-quadrotXP1=0 90
p-quadrotXP2=1 -90
p-quadrotYP1=0 90
p-quadrotYP2=1 -90
p-scale=5 5 5
p-type=3
p-xrgba=1 1 1 1
p-xrgba1=0 1 1 1 0
p-xrgba2=0.5 1 1 1 1
p-xrgba3=1 1 1 1 0
rendermode=1

[gather]
e-life=1
e-rate=20
e-rate1=0 0.5
e-rate2=1 3
p-bindtoemitter=1 0
p-life=0.5
p-life1=0 1
p-life2=1 0.5
p-linger=0
p-quadrot=1 1 0
p-quadrotXP1=0 0
p-quadrotXP2=1 360
p-quadrotYP1=0 0
p-quadrotYP2=1 360
p-scale=20 100 100
p-scale1=0 1 1 1
p-scale2=1 1 1 0.30000000000000004
p-texture=SRU_Dragon_sparks.dds
p-type=2
p-xrgba=1 1 0.5 1
p-xrgba1=0 0 0 0 0
p-xrgba2=0.001 1 1 1 1
p-xrgba3=0.2 1 0.5 0 1
p-xrgba4=0.9 1 0 0 1
p-xscale=1 1 1
p-xscale1=0 0.5 1 1
p-xscale2=1 0.30000001192092896 1 -0.20000000298023224
pass=11

[mouthFlames]
e-life=0.5
e-rate=30
e-rotation1=1
e-rotation1-axis=0 1 0
e-rotation1P1=0 0
e-rotation1P2=1 360
e-rotation2=1
e-rotation2-axis=0 0 1
e-rotation2P1=0 0
e-rotation2P2=1 360
p-bindtoemitter=1 0
p-life=0.30000000000000004
p-linger=1
p-quadrot=1 0 0
p-quadrotXP1=0 0
p-quadrotXP2=1 360
p-randomstartframe=1
p-scale=45 45 45
p-scale1=0 0 0 0
p-scale2=1 1 1 1
p-texture=SRU_Dragon_BA2_orbflare.dds
p-xquadrot=1 0 0
p-xquadrot-on=1
p-xquadrot1=0 0 0 0
p-xquadrot2=1 -20 0 0

