[System]
GroupPart1=WaterPlane
GroupPart1Importance=Low
GroupPart2=whitesparks3
GroupPart3=whitesparks4
GroupPart4=whitesparks5
GroupPart5=whitesparks6

[WaterPlane]
e-disabled=1
e-rate=1
e-shape-name=sru_river_sparkle_emiter_01.scb
p-bindtoemitter=1 0
p-life=2
p-linger=0
p-local-orient=1
p-mesh=SRU_River_GrassRipple_01.scb
p-meshtex=SRU_River_GrassRipple_01.DDS
p-quadrot=0 1 0
p-quadrotYP1=0 1
p-quadrotYP2=1 360
p-scale=0.7000000000000001 0.7000000000000001 0.7000000000000001
p-scaleXP1=0 1
p-scaleXP2=0.4 1
p-scaleXP3=1 1.5
p-type=3
p-uvscroll-rgb=0 -0.3
p-xrgba=1 1 1 1
p-xrgba1=0 1 1 1 0
p-xrgba2=0.3 1 1 1 1
p-xrgba3=1 1 1 1 0
rendermode=1
uniformscale=1

[whitesparks3]
e-disabled=1
e-rate=1
e-rateP1=0 0.2
e-rateP2=0.9 0.2
e-rateP3=0.9010000228881836 1.5
e-rateP4=1 1.7000000000000002
e-rgba=144 244 255 255
e-shape-name=sru_river_sparkle_emiter_01.scb
flag-disable-z=1
p-backfaceon=1
p-bindtoemitter=1 1
p-colorscale=1 0.4
p-life=1.5
p-lifeP1=0 0.8
p-lifeP2=1 1.2000000000000002
p-linger=0
p-quadrot=1 0 1
p-quadrotXP1=0 0
p-quadrotXP2=1 90
p-quadrotZP1=0 0
p-quadrotZP2=1 90
p-rotvel=90 0 90
p-rotvelXP1=0 -1
p-rotvelXP2=1 1
p-rotvelZP1=0 -1
p-rotvelZP2=1 1
p-scale=15 15 1
p-scaleXP1=0 0.4
p-scaleXP2=1 1.2000000000000002
p-scaleYP1=0 0.4
p-scaleYP2=1 0.6000000000000001
p-scaleZP1=0 0.4
p-scaleZP2=1 0.6000000000000001
p-texture=SRU_River_Sparke_Stars_01.dds
p-xrgba=0.7058820128440857 1 0.9568629860877991 1
p-xrgba1=0 1 1 1 0
p-xrgba2=0.2 1 1 1 0.709804
p-xrgba3=0.5 1 1 1 0.188205
p-xrgba4=1 1 1 1 0
p-xscale=1 1 1
p-xscale1=0 0.5 0.5 0.5
p-xscale2=0.1 0.6000000000000001 0.6000000000000001 0.6000000000000001
p-xscale3=0.30000000000000004 1.5 1.5 1.5
p-xscale4=1 0.2 0.2 0.2

[whitesparks4]
Particle-Velocity=10 0 -3.25
e-alpharef=40
e-disabled=1
e-rate=0.5
e-shape-name=sru_river_sparkle_emiter_01.scb
p-backfaceon=1
p-bindtoemitter=1 1
p-colorscale=1 0.4
p-life=17
p-linger=0
p-quadrot=90 -60 0
p-randomstartframe=1
p-scale=170 0 0
p-texture=SRU_River_Sparke_Stars_01.dds
p-type=1
p-xrgba=1 1 1 1
p-xrgba1=0 1 1 1 0
p-xrgba2=0.5 1 1 1 1
p-xrgba3=1 1 1 1 0
rendermode=1
uniformscale=1

[whitesparks5]
Particle-Velocity=40 0 -15
e-alpharef=40
e-disabled=1
e-rate=10
e-shape-name=sru_river_sparkle_emiter_01.scb
p-backfaceon=1
p-bindtoemitter=1 1
p-colorscale=1 0.4
p-life=6
p-linger=0
p-randomstartframe=1
p-scale=30 0 0
p-texture=SRU_River_Sparke_Stars_01.dds
p-xrgba=1 1 1 1
p-xrgba1=0 1 1 1 0
p-xrgba2=0.5 1 1 1 1
p-xrgba3=1 1 1 1 0
rendermode=3
uniformscale=1

[whitesparks6]
Particle-Velocity=10 0 -3.25
e-alpharef=40
e-rate=1
e-shape-name=sru_river_sparkle_emiter_01.scb
p-backfaceon=1
p-bindtoemitter=1 1
p-colorscale=1 0.4
p-life=17
p-linger=0
p-quadrot=90 -60 0
p-randomstartframe=1
p-scale=170 0 0
p-texture=SRU_River_Sparke_Stars_01.dds
p-texture-mult=SRU_River_Sparke_Stars_01_Mult.dds
p-type=1
p-uvscroll-rgb-mult=0.2 0
p-xquadrot=0 0 -0.1
p-xquadrot-on=1
p-xrgba=1 1 1 1
p-xrgba1=0 1 1 1 0
p-xrgba2=0.5 1 1 1 1
p-xrgba3=1 1 1 1 0
rendermode=1
uniformscale=1

[UNKNOWN_HASHES]
unk348519A2=color-hold.DDS
unkA8C881E5=sphere.sco
