[System]
GroupPart1=WavyFoam
SimulateEveryFrame=1
group-vis=20000

[WavyFoam]
e-rate=0.2
e-uvoffset=1 0.5
e-uvoffsetXP1=0 0
e-uvoffsetXP2=1 0.8
p-bindtoemitter=1 0
p-life=5
p-lifeP1=0 1
p-lifeP2=1 0.5
p-lifeP3=8 1.5
p-linger=0
p-local-orient=1
p-mesh=SRU_River_WhiteWavyFoam_Fat_01.scb
p-meshtex=SRU_River_LongWhiteWavyFoam_Fat_01.DDS
p-meshtex-mult=SRU_River_LongWhiteWavyFoam_Fat_Mult_01.DDS
p-offset=200 1 200
p-offsetXP1=0 -1
p-offsetXP2=1 1
p-offsetZP1=0 -1
p-offsetZP2=1 1
p-quadrot=0 -45 0
p-scale=1 1 1
p-scaleXP1=0 1
p-scaleXP2=0.6000000000000001 1
p-scaleXP3=0.7000000000000001 1.3
p-scaleXP4=1 1.3
p-type=3
p-uvscroll-rgb=-0.5 0.009999999776482582
p-uvscroll-rgb-mult=-0.5 0.20000000298023224
p-vel=30 0 -30
p-velZP1=0 0
p-velZP2=1.5 1.5
p-xrgba=1 1 1 1
p-xrgba1=0 1 1 1 0
p-xrgba2=0.5 1 1 1 1
p-xrgba3=1 1 1 1 0
rendermode=1

[UNKNOWN_HASHES]
unk46C3F880=14
unk5223C265=color-hold.DDS
unk662126E2=sphere.sco
