[RadialSuck]
e-life=1
e-rate=1
p-life=0.8
p-mesh=SRU_OrderNexus_EOG_RadialSuck.scb
p-meshtex=color-hold.tga
p-scale=0.8 0.8 0.8
p-type=3
p-xrgba=1 1 1 0.5
p-xrgba1=0 1 1 1 0
p-xrgba2=0.2 1 1 1 0.1
p-xrgba3=0.7 1 1 1 0.2
p-xrgba4=1 1 1 1 1
p-xscale1=0 1 1 1
p-xscale2=0.2 0.9 0.9 0.9
p-xscale3=0.7 0.8 0.8 0.8
p-xscale4=1 0 0 0
rendermode=1
single-particle=1

[RadialSuckSmall]
e-life=1
e-rate=1
p-life=0.75
p-mesh=SRU_OrderNexus_EOG_RadialSuck.scb
p-meshtex=color-hold.tga
p-scale=0.6000000000000001 0.6000000000000001 0.6000000000000001
p-type=3
p-xrgba=1 1 1 0.5
p-xrgba1=0 1 1 1 0
p-xrgba2=0.2 1 1 1 0.1
p-xrgba3=0.7 1 1 1 0.2
p-xrgba4=1 1 1 1 1
p-xscale1=0 1 1 1
p-xscale2=0.2 0.9 0.9 0.9
p-xscale3=0.7 0.8 0.8 0.8
p-xscale4=1 0 0 0
rendermode=1
single-particle=1

[System]
GroupPart1=RadialSuck
GroupPart2=RadialSuckSmall
SimulateEveryFrame=1

