[Avatar_Overlay]
e-alpharef=10
e-life=-1
e-rate=1
e-rgba=255 255 255 255
e-rgbaAP1=0 0.5
e-rgbaAP2=1 1
e-shape-use-normal-for-birth=0
e-uvoffset=1 1
e-uvoffset-mult=1 1
e-uvoffset-multXP1=0 0
e-uvoffset-multXP2=1 1
e-uvoffset-multYP1=0 0
e-uvoffset-multYP2=1 1
e-uvoffsetXP1=0 0
e-uvoffsetXP2=1 1
e-uvoffsetYP1=0 0
e-uvoffsetYP2=1 1
flag-force-animated-mesh-z-write=0
p-bindtoemitter=1 1
p-life=3
p-linger=2
p-local-orient=1
p-meshtex=SRU_RegenTowerShield_Avatar.dds
p-meshtex-mult=SRU_RegenTowerShield_Avatar.dds
p-postoffset=0 -10 0
p-simpleorient=3
p-texdiv=0.5 0.5
p-texdiv-mult=0.5 0.5
p-type=11
p-uvscroll-rgb=-0.014999999664723873 0.0010000000474974513
p-uvscroll-rgb-mult=0.029999999329447746 0.019999999552965164
p-vel=0 5 0
p-xrgba=1 0.7 1 1
p-xrgba1=0 1 1 1 0
p-xrgba2=0.4 1 1 1 1
p-xrgba3=1 1 1 1 0
p-xscale=1.0499999523162842 1.0499999523162842 1.0499999523162842
p-xscale1=0 1 1 1
p-xscale2=1 1.003000020980835 1.003000020980835 1.003000020980835
pass=-100
rendermode=4
uniformscale=1

[Avatar_Pulses]
e-alpharef=10
e-life=-1
e-rate=1.25
e-shape-use-normal-for-birth=0
e-uvoffset=0 0
e-uvoffsetXP1=0 0
e-uvoffsetXP2=1 0
e-uvoffsetYP1=0 0
e-uvoffsetYP2=1 0
flag-force-animated-mesh-z-write=0
p-bindtoemitter=0.75 0
p-life=1.5
p-linger=0.75
p-local-orient=1
p-meshtex=SRU_RegenTowerShield_Avatar.dds
p-offset=1 1 1
p-offsetXP1=0 -1
p-offsetXP2=1 1
p-offsetYP1=0 2
p-offsetYP2=1 1
p-offsetZP1=0 -1
p-offsetZP2=1 1
p-postoffset=0 -1 0
p-simpleorient=3
p-type=11
p-uvscroll-no-alpha=1
p-vel=0.5 1 0.5
p-velXP1=0 5
p-velXP2=1 -5
p-velYP1=0 0.05
p-velYP2=1 3
p-velZP1=0 5
p-velZP2=1 -5
p-xrgba=1 0.8 1 0.6
p-xrgba1=0 1 1 1 0
p-xrgba2=0.2 1 1 1 0.086305
p-xrgba3=0.8 1 1 1 0.007797
p-xrgba4=1 1 1 1 0
p-xscale=1.0399999618530273 1.0399999618530273 1.0399999618530273
p-xscale1=0 1.03 1.03 1.03
p-xscale2=1 1.1 1.1 1.1
pass=100
uniformscale=1

[System]
GroupPart1=Avatar_Overlay
GroupPart2=Avatar_Pulses
SimulateEveryFrame=1

[UNKNOWN_HASHES]
unk013088C8=1
unk506E7852=1
unk567C7A48=0 0.5
unk567C7A49=1 1
unkC1348F3E=0 0.5
unkC1348F3F=1 1
