[System]
GroupPart1=Tar_test
SimulateEveryFrame=1

[Tar_test]
ExcludeAttachmentType=turret nexus inhibitor
e-alpharef=25
e-life=1
e-rate=20
p-drag=3 4 3
p-flexoffset=0.004999999888241291
p-flexscale=0.004999999888241291
p-life=2
p-lifeP1=0 0.1
p-lifeP2=0.9 0.6000000000000001
p-lifeP3=1 1
p-quadrot=1 1 1
p-quadrotYP1=0 20
p-quadrotYP2=1 -20
p-scale=10 10 10
p-scaleXP1=0 1
p-scaleXP2=1 3
p-texture=SRU_Gromp_BA_orb.dds
p-vec-velocity-minscale=1.3
p-vecalign=1
p-vel=200 200 1000
p-velXP1=0 -1
p-velXP2=1 1
p-velYP1=0 -1
p-velYP2=1 1
p-velZP1=0 0
p-velZP2=0.5 0.5
p-velZP3=1 1
p-xrgba=1 1 1 1
p-xrgba1=0 1 1 1 0
p-xrgba2=0.1 1 1 1 1
p-xrgba3=1 0.3 0.3 1 0
p-xscale=1 1 1
p-xscale1=0 1 1 1
p-xscale2=1 0 0 0
single-particle=1
uniformscale=1

[UNKNOWN_HASHES]
unk267CF285=0 -500 0
unk3338EECF=1000
unkF3A66671=0.30000000000000004
