[Blackhole]
e-life=2
e-rate=1
e-timeoffset=0.2
flag-disable-z=1
p-life=0.1
p-postoffset=0 150 0
p-scale=6500 6500 6500
p-texture=SRU_OrderNexus_EOG_BlackHole.dds
p-type=0
p-xrgba=1 1 1 1
p-xrgba1=0 1 1 1 0
p-xrgba2=0.1 1 1 1 1
p-xrgba3=0.6 1 1 1 1
p-xrgba4=1 1 1 1 0
pass=20
rendermode=1
single-particle=1
uniformscale=1

[RadialSuck]
e-life=1
e-rate=1
p-life=0.2
p-postoffset=0 150 0
p-scale=600 600 600
p-texture=SRU_OrderNexus_EOG_RadialSuck.dds
p-type=0
p-xrgba=1 1 1 1
p-xrgba1=0 1 1 1 0
p-xrgba2=0.2 1 1 1 0.03
p-xrgba3=0.9 1 1 1 1
p-xrgba4=1 1 1 1 0
p-xscale1=0 1 1 1
p-xscale2=0.20000000298023224 0.9700000286102295 0.9700000286102295 0.9700000286102295
p-xscale3=0.9 0.8 0.8 0.8
p-xscale4=1 0.2 0.2 0.2
pass=4
rendermode=4
single-particle=1

[System]
GroupPart1=RadialSuck
GroupPart2=Blackhole
SimulateEveryFrame=1

[UNKNOWN_HASHES]
unk3F9AC7BD=color-hold.tga
