[Avatar_Overlay]
e-alpharef=10
e-life=0.1
e-rate=0.8
e-shape-use-normal-for-birth=0
e-uvoffset=1 1
e-uvoffsetXP1=0 0
e-uvoffsetXP2=1 1
e-uvoffsetYP1=0 0
e-uvoffsetYP2=1 1
flag-force-animated-mesh-z-write=0
p-bindtoemitter=1 1
p-life=0.25
p-linger=2
p-local-orient=1
p-meshtex=SRU_RegenTowerShield_Avatar.dds
p-postoffset=0 -10 0
p-simpleorient=3
p-texdiv=3 3
p-type=11
p-uvscroll-rgb=0.004999999888241291 0.007000000216066837
p-vel=0 5 0
p-xrgba=1 0.8 1 1
p-xrgba1=0 1 1 1 0
p-xrgba2=0.3 1 1 1 1
p-xrgba3=1 1 1 1 0
p-xscale=1.0099999904632568 1.0099999904632568 1.0099999904632568
p-xscale1=0 1 1 1
p-xscale2=1 1.003000020980835 1.003000020980835 1.003000020980835
pass=-100
rendermode=4
single-particle=1
uniformscale=1

[Avatar_Pulses]
e-alpharef=10
e-life=0.1
e-rate=1.25
e-shape-use-normal-for-birth=0
e-uvoffset=0 0
e-uvoffsetXP1=0 0
e-uvoffsetXP2=1 0
e-uvoffsetYP1=0 0
e-uvoffsetYP2=1 0
flag-force-animated-mesh-z-write=0
p-bindtoemitter=0.75 0
p-life=0.7
p-linger=0.75
p-local-orient=1
p-meshtex=SRU_RegenTowerShield_Avatar.dds
p-offset=1 1 1
p-offsetXP1=0 -1
p-offsetXP2=1 1
p-offsetYP1=0 2
p-offsetYP2=1 1
p-offsetZP1=0 -1
p-offsetZP2=1 1
p-postoffset=0 -1 0
p-simpleorient=3
p-type=11
p-uvscroll-no-alpha=1
p-vel=0.5 1 0.5
p-velXP1=0 5
p-velXP2=1 -5
p-velYP1=0 0.05
p-velYP2=1 3
p-velZP1=0 5
p-velZP2=1 -5
p-xrgba=1 0.8 1 1
p-xrgba1=0 1 1 1 0
p-xrgba2=0.2 1 1 1 0.166305
p-xrgba3=0.8 1 1 1 0.01797
p-xrgba4=1 1 1 1 0
p-xscale=1.0099999904632568 1.0099999904632568 1.0099999904632568
p-xscale1=0 1.03 1.03 1.03
p-xscale2=1 1.0499999523162842 1.0499999523162842 1.0499999523162842
pass=100
single-particle=1
uniformscale=1

[GroundGlow]
e-life=1
e-rate=1
p-life=1
p-local-orient=1
p-offset=0 0 0
p-postoffset=0 10 0
p-quadrot=1 1 0
p-quadrotXP1=0 90
p-quadrotYP1=0 1
p-quadrotYP2=1 360
p-scale=500 500 50
p-texture=SRU_RegenTowerShield_Glow.tga
p-type=1
p-xquadrot-on=1
p-xrgba=1 0.8 1 0.5
p-xrgba1=0 1 1 1 0
p-xrgba2=0.25 1 1 1 1
p-xrgba3=1 1 1 1 0
p-xscale1=0 0.8 0.8 0
p-xscale2=1 1 1 0
rendermode=4
single-particle=1

[Ray]
e-life=1
e-rate=1
e-timeoffset=0
flag-disable-z=1
p-life=2
p-numframes=4
p-numframes-mult=4
p-postoffset=0 -600 0
p-quadrot=-90 90 0
p-randomstartframe=1
p-randomstartframe-mult=1
p-scale=250 1500 50
p-texdiv=4 1
p-texdiv-mult=4 1
p-texture=SRU_RegenTower_Shield_Glow_4x1.dds
p-texture-mult=SRU_RegenTower_Shield_Glow_mult.dds
p-type=2
p-uvscroll-rgb-mult=0.1 0.175
p-uvscroll-rgb-multXP1=0 -1
p-uvscroll-rgb-multXP2=0.5 -0.5
p-uvscroll-rgb-multXP3=0.5001 0.5
p-uvscroll-rgb-multXP4=1 1
p-uvscroll-rgb-multYP1=0 0.5
p-uvscroll-rgb-multYP2=1 1
p-xrgba=1 0.9 1 0.25
p-xrgba1=0 1 1 1 0
p-xrgba2=0.15 1 1 1 1
p-xrgba3=1 1 1 1 0
p-xscale1=0 1 1 1
p-xscale2=0.15 1 1 1
p-xscale3=1 2 1 -1
rendermode=0

[RayBurst]
e-life=0.2
e-rate=2
flag-disable-z=1
p-life=2
p-numframes=4
p-postoffset=0 -300 0
p-quadrot=-90 90 0
p-randomstartframe=1
p-scale=400 1000 50
p-texdiv=4 1
p-texture=SRU_RegenTower_Shield_Glow_4x1.dds
p-type=2
p-xrgba=1 0.9 1 0.35
p-xrgba1=0 1 1 1 0
p-xrgba2=0.5 1 1 1 1
p-xrgba3=1 1 0.7 0.7 0
p-xscale1=0 0.15 0.25 1
p-xscale2=0.35 0.5 1 0
p-xscale3=1 1 1 0
rendermode=0
single-particle=1

[System]
GroupPart1=Avatar_Overlay
GroupPart2=Avatar_Pulses
GroupPart3=RayBurst
GroupPart4=Ray
GroupPart5=GroundGlow
SimulateEveryFrame=1

[UNKNOWN_HASHES]
unk013088C8=1
unk506E7852=1
unk567C7A48=0 0.5
unk567C7A49=1 1
unkC1348F3E=0 0.5
unkC1348F3F=1 1
