[System]
GroupPart1=sparks
SimulateEveryFrame=1

[sparks]
Particle-Drag=1 1 1
e-rate=7
e-rateP1=0 1
e-rateP2=1 2
e-rotation1=45
e-rotation1-axis=0 1 0
e-rotation2=360
e-rotation2P1=0 0
e-rotation2P2=1 1
p-accel=30 30 30
p-accelXP1=0 0.3
p-accelXP2=0.7000000000000001 0.30000000000000004
p-accelXP3=0.7099999785423279 1
p-accelXP4=1 1
p-accelYP1=0 -1
p-accelYP2=0.30000001192092896 -0.5
p-accelYP3=0.3100000023841858 2
p-accelYP4=1 3
p-accelZP1=0 0.3
p-accelZP2=0.7000000000000001 0.30000000000000004
p-accelZP3=0.7099999785423279 1
p-accelZP4=1 1
p-drag=0.4 0.4 0.4
p-drag1=0 1 1 1
p-drag2=0.30000000000000004 0.4 0.4 0.4
p-drag3=0.7000000000000001 0.2 0.2 0.2
p-drag4=1 0 0 0
p-dragYP1=0 -0.5
p-dragYP2=1 3
p-life=2
p-lifeP1=0 0.5
p-lifeP2=1 0.8
p-numframes=4
p-offset=15 0 15
p-offsetXP1=0 -1
p-offsetXP2=1 1
p-offsetZP1=0 -1
p-offsetZP2=1 1
p-orbitvel=0.2 0.2 0.2
p-orbitvelXP1=0 -1
p-orbitvelXP2=1 1
p-orbitvelYP1=0 -1
p-orbitvelYP2=1 1
p-orbitvelZP1=0 -1
p-orbitvelZP2=1 1
p-quadrot=40 40 40
p-quadrot1=0 0 0 0
p-quadrot2=1 0 0 0
p-randomstartframe=1
p-scale=15 15 15
p-scaleXP1=0 0.7
p-scaleXP2=1 1.5
p-scaleYP1=0 0.7
p-scaleYP2=1 1.5
p-texdiv=2 2
p-texture=SRU_Chaos_shopkeeper_Ash_orange.dds
p-vecalign=1
p-vel=20 10 20
p-velXP1=0 0
p-velXP2=1 1
p-velYP1=0 0.25
p-velYP2=1 2
p-velZP1=0 0
p-velZP2=1 1
p-xrgba=1 1 1 1
p-xrgba1=0 1 1 1 0
p-xrgba2=0.3 1 1 1 1
p-xrgba3=1 1 0 0 0
p-xscale=1 1 1
p-xscale1=0 0.3 0.3 0.3
p-xscale2=0.3 1 0.5 0
p-xscale3=1 0.2 0.2 0
pass=1

