[Break2]
e-life=10
e-rate=1
p-animation=SRUAP_OrderTurret1_break2.anm
p-life=10
p-linger=0
p-local-orient=1
p-meshtex=SRUAP_Turret_Order1_TX_CM.dds
p-quadrot=0 180 0
p-scale=0.9 0.9 0.9
p-skeleton=SRUAP_OrderTurret1_break2.skl
p-skin=SRUAP_OrderTurret1_break2.skn
p-type=3
p-xrgba=1 1 1 1
p-xrgba1=0 1 1 1 1
p-xrgba2=0.2 1 1 1 1
p-xrgba3=0.7 1 1 1 0.2
p-xrgba4=1 1 1 1 0
rendermode=1
single-particle=1

[Clumps1]
e-life=2
e-local-orient=0
e-rate=45
e-rate1=0 0.8
e-rate2=0.2 1
e-rate3=1 0
e-shape-name=sruap_orderturret1_break2_static.scb
e-shape-scale=0.9
e-shape-use-normal-for-birth=0
flag-disable-z=1
p-drag=0 -1 0
p-life=0.5
p-lifeP1=0 0.4
p-lifeP2=1 1
p-quadrot=30 0 0
p-quadrotXP1=0 0
p-quadrotXP2=1 360
p-scale=15 15 0
p-scaleXP1=0 0.4
p-scaleXP2=0.5 0.4
p-scaleXP3=0.8 1
p-scaleXP4=1 1
p-texture=SRU_Baron_Spawn_clumps.dds
p-uvscroll-no-alpha=1
p-vel=0 -200 0
p-velYP1=0 1
p-velYP2=1 1
p-worldaccel=0 -700 0
p-worldaccelYP1=0 0.5
p-worldaccelYP2=1 1
p-xrgba=1 1 1 0.6000000000000001
p-xrgba1=0 1 1 1 0
p-xrgba2=0.2 1 1 1 0.2
p-xrgba3=0.21 1 1 1 1
p-xrgba4=0.55 1 1 1 1
p-xrgba5=1 1 1 1 0
p-xscale=1 1 1
p-xscale1=0 1 1 1
p-xscale2=0.8 0.8 0.8 0.8
p-xscale3=1 0 0 0
pass=11
rendermode=1
uniformscale=1

[DustCloud]
e-life=2
e-rate=20
e-rate1=0 1
e-rate2=1 0
e-shape-name=sruap_orderturret1_break2_static.scb
e-uvoffset-mult=1 1
e-uvoffset-multXP1=0 0
e-uvoffset-multXP2=1 1
e-uvoffset-multYP1=0 0
e-uvoffset-multYP2=1 1
p-bindtoemitter=1 0
p-drag=1 1 1
p-life=3
p-lifeP1=0 0.3
p-lifeP2=0.4 0.6000000000000001
p-local-orient=1
p-quadrot=0 325 0
p-quadrotXP1=0 0
p-quadrotXP2=1 360
p-rotvel=65 0 0
p-rotvelXP1=0 -1
p-rotvelXP2=1 1
p-scale=100 100 0
p-scaleXP1=0 0.7
p-scaleXP2=1 1.2000000000000002
p-scaleYP1=0 0.7
p-scaleYP2=1 1.2000000000000002
p-texture=SRU_Baron_Spawn_dustCloud.dds
p-texture-mult=SRU_dustCloud_mult.dds
p-vel=0 0 0
p-velXP1=0 0
p-velXP2=1 1
p-velZP1=0 0
p-velZP2=1 1
p-worldaccel=20 -50 20
p-xrgba=1 1 1 1
p-xrgba1=0 1 1 1 0
p-xrgba2=0.1 1 1 1 0.803906
p-xrgba3=0.55 1 1 1 0.697993
p-xrgba4=0.8 1 1 1 0.297993
p-xrgba5=1 1 1 1 0
p-xscale=1 1 1
p-xscale1=0 0.1 0.1 1
p-xscale2=0.1 0.4 0.4 1
p-xscale3=0.5 0.7000000000000001 0.7000000000000001 1
p-xscale4=0.7000000000000001 0.8 0.8 1
p-xscale5=1 0.9 0.9 1
pass=5
rendermode=1

[Ground_DustCloud]
e-life=2.7
e-rate=25
e-rateP1=0 0
e-rateP2=0.5 0.30000000000000004
e-rateP3=0.5099999904632568 1
e-rateP4=1 1
e-rotation1=360
e-rotation1-axis=1 0 0
e-rotation2=1
e-rotation2-axis=0 1 0
e-rotation2P1=0 0
e-rotation2P2=1 360
e-timeoffset=1.7000000000000002
e-uvoffset-mult=1 1
e-uvoffset-multXP1=0 0
e-uvoffset-multXP2=1 1
e-uvoffset-multYP1=0 0
e-uvoffset-multYP2=1 1
p-bindtoemitter=1 0
p-drag=1 1 1
p-life=5
p-lifeP1=0 0.3
p-lifeP2=0.4 0.6000000000000001
p-local-orient=1
p-offset=100 0 100
p-offsetXP1=0 1
p-offsetXP2=1 1.6
p-offsetZP1=0 1
p-offsetZP2=1 1.6
p-postoffset=0 20 0
p-quadrot=1 0 0
p-quadrotXP1=0 0
p-quadrotXP2=1 360
p-rotvel=100 0 0
p-rotvelXP1=0 -1
p-rotvelXP2=1 1
p-scale=200 200 1
p-scaleXP1=0 0.75
p-scaleXP2=1 0.9
p-scaleYP1=0 0.75
p-scaleYP2=1 0.9
p-texture=SRU_Baron_Spawn_dustCloud.dds
p-texture-mult=SRU_dustCloud_mult.dds
p-vel=15 40 1
p-velXP1=0 1
p-velXP2=1 2
p-velYP1=0 0.2
p-velYP2=1 1
p-velZP1=0 1
p-velZP2=1 2
p-worldaccel=0 20 0
p-xrgba=1 1 1 0.8
p-xrgba1=0 1 1 1 0.097993
p-xrgba2=0.2 1 1 1 0.8
p-xrgba3=0.55 1 1 1 0.364706
p-xrgba4=0.8 1 1 1 0.2392
p-xrgba5=1 1 1 1 0
p-xrgbaAP1=0 0.8
p-xrgbaAP2=1 1
p-xscale=1 1 1
p-xscale1=0 0.3 0.3 1
p-xscale2=0.5 0.5 0.5 1
p-xscale3=1 1 1 1
pass=10
rendermode=1

[System]
GroupPart1=Break2
GroupPart2=DustCloud
GroupPart3=Ground_DustCloud
GroupPart4=Clumps1
PersistThruDeath=1
SimulateEveryFrame=1
SimulateWhileOffScreen=1
SoundOnCreate=Play_sfx_ENV_OrderTurret_break02

[UNKNOWN_HASHES]
unk1F444FF1=0
