[FireTrail]
e-life=1.149999976158142
e-linger=1
e-local-orient=1
e-rate=50
e-rgba=255 255 255 255
e-rgba1=0 1 1 1 0
e-rgba2=0.25 1 1 1 1
e-rgba3=0.75 1 1 1 1
e-rgba4=1 1 1 1 0
e-tilesize=1000 0 0
e-trail-cutoff=1500
p-bindtoemitter=0
p-life=1
p-local-orient=0
p-offset=0 0 0
p-scale=70 0 0
p-scale1=0 0.2 0.2 0.2
p-scale2=0.2 1 1 1
p-scale3=0.5 0.2 0.2 0.2
p-scale4=0.7 1 1 1
p-scale5=1 0.2 0.2 0.2
p-texture=SRU_JungleBuff_Dragon_Activation_Dragon_Trail.dds
p-trailmode=0
p-type=5
p-uvscroll-rgb=1 0
p-vel=0 0 0
p-xrgba=1 1 1 0.5
p-xrgba1=0 1 1 1 0
p-xrgba2=0.2 1 0.8 0.1 1
p-xrgba3=1 0 0 1 0
p-xscale1=0 1 0 0
p-xscale2=0.3 0.3 0 0
pass=0
rendermode=4

[Fire_Bits]
e-life=1
e-local-orient=0
e-rate=50
e-rotation1=1
e-rotation1-axis=0 1 0
e-rotation1P1=0 0
e-rotation1P2=1 360
e-rotation2=1
e-rotation2-axis=0 0 1
e-rotation2P1=0 0
e-rotation2P2=1 360
p-life=1
p-lifeP1=0 1
p-lifeP2=1 0.2
p-numframes=8
p-offset=5 0 0
p-quadrot=1 0 0
p-quadrotXP1=0 0
p-quadrotXP2=1 360
p-randomstartframe=1
p-rotvel=150 0 0
p-rotvel1=0 -1 0 0
p-rotvel2=1 1 0 0
p-scale=50 50 50
p-scaleXP1=0 1
p-scaleXP2=1 0.5
p-scaleYP1=0 1
p-scaleYP2=1 0.5
p-scaleZP1=0 1
p-scaleZP2=1 0.5
p-texdiv=4 2
p-texture=SRU_JungleBuff_Dragon_Activation_Flames01_4x2.dds
p-velXP1=0 1
p-velXP2=1 -1
p-velYP1=0 1
p-velYP2=1 -1
p-velZP1=0 1
p-velZP2=1 -1
p-xrgba=1 1 1 1
p-xrgba1=0 1 1 1 0
p-xrgba2=0.3 1 0.3 0.2 1
p-xrgba3=1 1 0.1 0 0
p-xscale=1 1 1
p-xscale1=0 1 1 1
p-xscale2=1 0 0 0
rendermode=4
uniformscale=1

[Glow]
e-life=1
e-rate=1
p-bindtoemitter=1 1
p-life=1.350000023841858
p-offset=0 0 0
p-scale=60 60 60
p-texture=fuzzyshadow.tga
p-type=0
p-xrgba=1 0.35 0.1 1
p-xrgba1=0 1 1 1 0
p-xrgba2=0.25 1 1 1 1
p-xrgba3=1 1 1 1 0
p-xscale1=0 0.9 0.9 0
p-xscale2=0.8 1 1 0
p-xscale3=1 1.5 1.5 0
rendermode=4
single-particle=1

[System]
GroupPart1=FireTrail
GroupPart2=Fire_Bits
GroupPart3=Glow
SimulateEveryFrame=1

