[Bite]
ChildParticleName=SRU_MurkWolf_Bite_1_child.troy
ChildSpawnAtBone=Root
e-life=1
e-local-orient=1
e-rate=1
flag-disable-z=1
p-backfaceon=1
p-bindtoemitter=1
p-flexscale=0.004000000189989805
p-life=0.4
p-local-orient=1
p-mesh=SRU_MurkWolf_bite_1_topjaw.sco
p-meshtex=SRU_MurkWolf_Bite_teeth.dds
p-postoffset=0 0 0
p-quadrot=0 180 0
p-scale=1 1 1
p-shadow=0
p-type=3
p-uvscroll-no-alpha=0
p-uvscroll-rgb=0 1.3
p-xrgba=1 1 1 1
rendermode=1
single-particle=1

[System]
GroupPart1=Bite
GroupPart2=Teeth
SimulateEveryFrame=1

[UNKNOWN_HASHES]
unk0A868000=0 0 0
unk2680D55B=0 1.3
unk33240F29=0.4
unk3F3BE174=1
unk52824D58=1
unk54743AE9=1
unk56FAAD89=1
unk5FBFA51A=SRU_MurkWolf_test.scb
unk66256EF0=1
unk66E7243D=0.2 0.4 0.2
unk727891BC=1
unk77416E2D=color-hold.tga
unk775594FF=1 1 1 1
unk8FCE963B=1
unkAF458FA7=3
unkB1072E83=0 180 0
unkBDB8D544=1
unkC6D64CED=0
unkD7E690A4=0.004000000189989805
unkD8884934=1
unkDE6643FE=1
unkEB0F79C4=0
unkED06C57F=1
