[Smoke]
Particle-Velocity=1 0 1
e-rate=12
e-rateP1=0 0
e-rateP2=0.8 0
e-rateP3=0.8100000023841858 1
e-rateP4=1 1
p-accel=10 120 10
p-accelYP1=0 0
p-accelYP2=0.6 0
p-accelYP3=0.6100000143051147 1
p-accelYP4=1 1
p-backfaceon=1
p-bindtoemitter=1 1
p-drag=2.1 1 2.1
p-life=1.8
p-lifeP1=0 0.6
p-lifeP2=1 0.8
p-linger=0
p-offset=10 1 10
p-postoffset=5 0 5
p-postoffsetXP1=0 -1
p-postoffsetXP2=1 1
p-quadrot=10 1 0
p-quadrotYP1=0 1
p-quadrotYP2=1 360
p-rotvel=90 30 30
p-rotvelXP1=0 1
p-rotvelXP2=1 -1
p-rotvelYP1=0 1
p-rotvelYP2=1 -1
p-rotvelZP1=0 1
p-rotvelZP2=1 -1
p-scale=30 30 30
p-scaleXP1=0 0.8
p-scaleXP2=1 1
p-scaleYP1=0 0.8
p-scaleYP2=1 1
p-scaleZP1=0 0.8
p-scaleZP2=1 1
p-texture=SRU_Chaos_shopkeeper_smoke.dds
p-uvscroll-no-alpha=1
p-uvscroll-rgb=0 0.4
p-vel=90 -40 90
p-velXP1=0 -1
p-velXP2=1 1
p-velZP1=0 -1
p-velZP2=1 1
p-xrgba=1 1 1 1
p-xrgba1=0 0.333333 0.290196 0.235294 0.6
p-xrgba2=0.6 0.380392 0.380392 0.380392 0.247105
p-xrgba3=0.8 0.67451 0.647059 0.6 0.145098
p-xrgba4=1 1 1 1 0
p-xscale=1.75 1.75 1.75
p-xscale1=0 0.3 0.3 0.3
p-xscale2=0.30000000000000004 0.4 0.4 0.4
p-xscale3=0.6000000000000001 0.6000000000000001 0.6000000000000001 0.6000000000000001
p-xscale4=1 0.8 0.8 0.8
rendermode=1

[System]
GroupPart1=Smoke
SimulateEveryFrame=1

