[Clumps]
e-life=0.3400000035762787
e-local-orient=0
e-rate=375
e-rotation1=1
e-rotation1-axis=0 1 0
e-rotation1P1=0 0
e-rotation1P2=1 360
e-timeoffset=0.03999999910593033
p-drag=0 1 0
p-life=1
p-lifeP1=0 0.4
p-lifeP2=1 1
p-linger=0
p-offset=40 0 0
p-offsetXP1=0 0.3
p-offsetXP2=1 1
p-quadrot=1 0 0
p-quadrotXP1=0 0
p-quadrotXP2=1 360
p-rotvel=150 150 0
p-rotvelXP1=0.5 0.5
p-rotvelXP2=1 1
p-scale=20 20 0
p-scaleXP1=0 0.1
p-scaleXP2=0.7000000000000001 0.5
p-scaleXP3=0.8 1
p-scaleXP4=1 1
p-texture=SRU_Crab_Spawn_clumps.dds
p-uvscroll-no-alpha=1
p-vel=300 1250 0
p-velXP1=0 0.1
p-velXP2=1 1
p-velYP1=0 0.3
p-velYP2=1 1
p-worldaccel=0 -2000 0
p-xrgba=1 1 1 1
p-xrgba1=0 1 1 1 0
p-xrgba2=0.1 0.796078 0.878431 1 1
p-xrgba3=0.55 0.733333 0.788235 0.909804 1
p-xrgba4=1 0.160784 0.243137 0.364706 0
p-xscale=1 1 1
p-xscale1=0 0.6 0.3 0.6
p-xscale2=0.4 1 0.5 1
p-xscale3=1 0 0 0
pass=11
rendermode=1
uniformscale=1

[DustCloud]
e-life=0.6000000000000001
e-rate=90
e-rotation1=1
e-rotation1-axis=1 0 0
e-rotation1P1=0 -90
e-rotation1P2=1 90
e-rotation2=1
e-rotation2-axis=0 1 0
e-rotation2P1=0 0
e-rotation2P2=1 360
e-uvoffset-mult=1 1
e-uvoffset-multXP1=0 0
e-uvoffset-multXP2=1 1
e-uvoffset-multYP1=0 0
e-uvoffset-multYP2=1 1
p-bindtoemitter=1 0
p-drag=1 1 1
p-life=1
p-lifeP1=0 0.3
p-lifeP2=0.4 0.6000000000000001
p-local-orient=1
p-offset=50 0 50
p-offsetXP1=0 0
p-offsetXP2=1 1
p-offsetZP1=0 0.5
p-offsetZP2=1 1
p-postoffset=0 20 0
p-quadrot=1 0 0
p-quadrotXP1=0 0
p-quadrotXP2=1 360
p-rotvel=65 0 0
p-rotvelXP1=0 -1
p-rotvelXP2=1 1
p-scale=62 62 0
p-scaleXP1=0 1
p-scaleXP2=0.9 1
p-scaleXP3=1 2
p-scaleYP1=0 1
p-scaleYP2=0.9 1
p-scaleYP3=1 2
p-texture=SRU_Crab_Spawn_dustCloud.dds
p-texture-mult=SRU_Crab_dustCloud_mult.dds
p-vel=15 275 0
p-worldaccel=0 -50 0
p-xrgba=1 1 1 1
p-xrgba1=0 0.556863 0.796078 1 0
p-xrgba2=0.1 0.517647 0.376471 0.25098 0.670588
p-xrgba3=0.55 0.321569 0.592157 0.615686 1
p-xrgba4=1 0.333333 0 0 0
p-xscale=1 1 1
p-xscale1=0 0 0 0
p-xscale2=0.2 0.65 0.65 0
p-xscale3=1 1 1 1
pass=10
rendermode=1

[System]
GroupPart1=DustCloud
GroupPart2=Clumps
GroupPart3=WaterSplash
SimulateEveryFrame=1
SoundOnCreate=Play_sfx_SRU_Crab_death_cast

[WaterSplash]
e-life=0.9
e-rate=140
e-rotation1=1
e-rotation1-axis=0 0 1
e-rotation1P1=0 5
e-rotation1P2=1 10
e-rotation2=1
e-rotation2-axis=0 1 0
e-rotation2P1=0 0
e-rotation2P2=1 360
e-timeoffset=0.30000000000000004
p-accel=0 -100 0
p-drag=2 0 2
p-frameRate=30
p-life=0.550000011920929
p-lifeP1=0 0.5
p-lifeP2=1 1
p-linger=0
p-numframes=16
p-offset=25 0 0
p-offsetXP1=0 0.8
p-offsetXP2=1 1
p-postoffset=0 30 0
p-postoffsetYP1=0 0
p-postoffsetYP2=1 1
p-scale=60 25 55
p-scaleXP1=0 -0.3
p-scaleXP2=0.5 -1
p-scaleXP3=0.5001000165939331 1
p-scaleXP4=1 0.30000000000000004
p-scaleYP1=0 0.8
p-scaleYP2=1 1.5
p-scaleZP1=0 0.8
p-scaleZP2=1 1
p-texdiv=4 4
p-texture=SRU_Crab_WaterSplash_anim.dds
p-vecalign=1
p-vel=500 0 0
p-velXP1=0 0.1
p-velXP2=1 1
p-velYP1=0 0.8
p-velYP2=1 1
p-xrgba=1 1 1 1
p-xrgba1=0 1 1 1 1
p-xrgba2=0.2 1 1 1 1
p-xrgba3=0.6 1 1 1 1
p-xrgba4=1 1 1 1 1
p-xscale=1 1 1
p-xscale1=0 0.6 0.1 0.6
p-xscale2=0.4 0.8 1.2000000000000002 0.8
p-xscale3=1 1 1.1 1
pass=2
rendermode=1

[UNKNOWN_HASHES]
unk2133F3C2=1
unk2EBDCCC8=0
unk80510294=0 0 150
unkBA74ACF9=1 1
unkBA74ACFA=1 1
unkC1B9D107=0
unkD11B43C2=0 0 200
