[Laser_Core]
e-color-modulate=2 2 2 1
e-life=0.25
e-linger=0
e-local-orient=1
e-rate=5
e-uvoffset=1 1
e-uvoffsetXP1=0 0
e-uvoffsetXP2=1 1
e-uvoffsetYP1=0 -0.1
e-uvoffsetYP2=1 0.1
p-bindtoemitter=1
p-frameRate=0
p-life=0.5
p-lifeP1=0 0.5
p-lifeP2=1 1
p-linger=0
p-numframes=1
p-offset=0 0 0
p-scale=30 1 1
p-startframe=0
p-texdiv=1 1
p-texture=SRU_Inhibitor_chaos_Tower_LaserBeam.dds
p-type=6
p-uvscroll-no-alpha=1
p-uvscroll-rgb=-1.25 0
p-xrgba=1 1 1 1
p-xrgba1=0 1 1 1 1
p-xrgba2=0.5 1 1 1 1
p-xrgba3=1 1 1 1 1
p-xscale1=0 1 1 1
p-xscale2=0.5 1.5 1 1
p-xscale3=1 1 1 1
pass=4
rendermode=1

[System]
GroupPart1=Laser_Core
GroupPart2=littleray
GroupPart3=littleray_cas
GroupPart4=flash
SimulateEveryFrame=1
group-vis=11000

[flash]
e-life=0.30000000000000004
e-linger=0.30000000000000004
e-rate=3
e-rgba=175 175 175 255
flag-disable-z=1
p-bindtoemitter=1 1
p-life=1
p-quadrot=1 0 0
p-quadrotXP1=0 0
p-quadrotXP2=1 360
p-scale=75 75 1
p-texture=SRU_chaos_ambientGlow.dds
p-xrgba=1 1 1 1
p-xrgba1=0 1 1 1 0
p-xrgba2=0.5 1 1 1 1
p-xrgba3=1 1 1 1 0
p-xscale=1 1 1
p-xscale1=0 1 1 1
p-xscale2=1 1.1 1.1 1.1
pass=60
rendermode=1

[littleray]
e-life=0.30000000000000004
e-linger=0.6000000000000001
e-local-orient=1
e-rate=50
e-rotation1=90
e-rotation1-axis=1 0 0
p-bindtoemitter=1 0
p-life=0.30000000000000004
p-lifeP1=0 0.5
p-lifeP2=1 1
p-local-orient=1
p-quadrot=1 1 1
p-quadrotXP1=0 0
p-quadrotXP2=1 20
p-quadrotYP1=0 -10
p-quadrotYP2=1 10
p-quadrotZP1=0 0
p-quadrotZP2=1 360
p-scale=30 140 70
p-texture=SRU_chaos_ambientGlow.dds
p-type=2
p-xrgba=1 1 1 1
p-xrgba1=0 1 0 1 0
p-xrgba2=0.5 1 1 1 1
p-xrgba3=1 1 1 1 0
p-xscale=1 1 1
p-xscale1=0 1 0.2 0
p-xscale2=1 1 1 1
pass=20
rendermode=4

[littleray_cas]
e-life=0.30000000000000004
e-linger=0.6000000000000001
e-local-orient=0
e-rate=50
flag-disable-z=1
p-bindtoemitter=1 0
p-life=0.30000000000000004
p-postoffset=0 10 -5
p-quadrot=1 1 1
p-quadrotXP1=0 0
p-quadrotXP2=1 360
p-quadrotYP1=0 0
p-quadrotYP2=1 360
p-quadrotZP1=0 0
p-quadrotZP2=1 360
p-scale=30 140 1
p-texture=SRU_chaos_ambientGlow.dds
p-type=2
p-xrgba=1 1 1 1
p-xrgba1=0 1 0 1 0
p-xrgba2=0.5 1 1 1 1
p-xrgba3=1 1 1 1 0
p-xscale=1 1 1
p-xscale1=0 1 0.2 0
p-xscale2=1 1 1 20
pass=70
rendermode=4

[UNKNOWN_HASHES]
unk1CFB8823=10
unk4584D10D=10
unk8CF38B63=0 100
unkB5FE38C3=0 2
unkB5FE38C4=1 1
unkE70E25A4=0 1
unkE70E25A5=1 4
