[Flash]
e-alpharef=80
e-life=3
e-linger=1
e-local-orient=0
e-rate=2
e-rgba=255 255 255 255
e-timeoffset=0.019999999552965164
flag-disable-z=1
p-bindtoemitter=1
p-drag=0 0 1
p-life=0.30000000000000004
p-lifeXP1=0 0.2
p-lifeXP2=1 1
p-linger=1
p-offset=1 0 0
p-quadrot=1 1 0
p-quadrotXP1=0 1
p-quadrotXP2=1 360
p-quadrotYP1=0 1
p-quadrotYP2=1 360
p-scale=40 40 0
p-texture=SRU_chaos_mm_BA1_tar_hit.dds
p-type=0
p-vel=0 0 0
p-velZP1=0 0.5
p-velZP2=1 1
p-xrgba1=0 1 1 1 0
p-xrgba2=0.2 1 1 1 1
p-xrgba3=1 1 0 0 0
p-xscale1=0 0.6 0.6 0.6
p-xscale2=1 1 1 1
pass=2
rendermode=4
single-particle=1
uniformscale=1

[Hit]
e-life=1
e-local-orient=1
e-rate=1
flag-disable-z=1
p-bindtoemitter=1 1
p-colortype=1 3
p-life=0.1
p-local-orient=1
p-offset=0 0 0
p-quadrot=1 0 0
p-quadrotXP1=0 1
p-quadrotXP2=1 360
p-scale=85 85 85
p-scaleP1=0 0.5 0.5 0.5
p-scaleP2=1 1 1 1
p-texture=SRU_Chaos_CM_BA_tar_tex.dds
p-xrgba=1 1 1 1
p-xrgba1=0 1 1 1 1
p-xrgba2=0.1 1 1 1 1
p-xrgba3=1 1 0 0 0
p-xscale=1
p-xscale1=0 0
p-xscale2=1 1.2000000000000002
rendermode=1
single-particle=1

[Motes]
e-life=0.7
e-linger=0
e-local-orient=1
e-rate=8
e-rgba=255 49 28 255
e-timeoffset=0
p-drag=3 3 3
p-life=0.25
p-lifeP1=0 0.5
p-lifeP2=1 1.5
p-quadrot=0 0 0
p-scale=13 20 10
p-scaleXP1=0 0.6
p-scaleXP2=1 2
p-texture=Mfx_orb_trail.dds
p-vec-velocity-scale=0.01
p-vecalign=1
p-vel=300 300 300
p-velXP1=0 -1
p-velXP2=1 1
p-velYP1=0 -1
p-velYP2=1 1
p-velZP1=0 0.3
p-velZP2=1 1
p-worldaccel=0 0 0
p-xrgba=1 1 1 1
p-xrgba1=0 0.5 0.5 0.5 1
p-xrgba2=1 0.8 0 0 1
p-xscale1=0 0 0 0
p-xscale2=0.2 1 1 1
p-xscale3=1 0.5 0.5 0.5
rendermode=4
single-particle=1
uniformscale=1

[System]
GroupPart2=Motes
GroupPart2Importance=Low
GroupPart3=Hit
GroupPart4=Flash
SimulateEveryFrame=1

[UNKNOWN_HASHES]
unk2746B710=1
unk36BD6E63=0 0
unk36BD6E64=1 1
unk373B7DE4=0 0
unk373B7DE5=1 1
unk3CCD6660=3
unk48D903A2=360
unk48D903A3=360
unk601A9FC2=1
unk6996D3F1=0.11999999731779099
unk80C2712C=1 0 0
unk96EED26B=0 1 0
unkA836B8A2=1
unkAA7E6DED=0
unkB596B5DA=400
unkBCEC5726=0
unkBEFCEA38=1
unkC0ABE5E2=1
unkC2282FF4=0
unkC3EAD329=0
unkCCC3B82D=1.6
unkE00A2411=1
