[Motes]
e-life=0.7000000000000001
e-rate=8
e-rgba=255 49 28 255
p-drag=3 3 3
p-life=0.25
p-lifeP1=0 0.5
p-lifeP2=1 1.5
p-scale=13 20 10
p-scaleXP1=0 0.6
p-scaleXP2=1 2
p-texture=Mfx_orb_trail.dds
p-vec-velocity-scale=0.009999999776482582
p-vecalign=1
p-vel=300 300 300
p-velXP1=0 -1
p-velXP2=1 1
p-velYP1=0 -1
p-velYP2=1 1
p-velZP1=0 0.3
p-velZP2=1 1
p-xrgba=1 1 1 1
p-xrgba1=0 0.5 0.5 0.5 1
p-xrgba2=1 0.8 0 0 1
p-xscale=1 1 1
p-xscale1=0 0 0 0
p-xscale2=0.2 1 1 1
p-xscale3=1 0.5 0.5 0.5
rendermode=4
single-particle=1
uniformscale=1

[PebblesSmall]
e-life=1
e-rate=10
e-rotation1=1
e-rotation1-axis=0 0 1
e-rotation1P1=0 0
e-rotation1P2=1 360
e-rotation2=1
e-rotation2-axis=0 1 0
e-rotation2P1=0 0
e-rotation2P2=1 360
p-life=0.75
p-numframes=16
p-offset=15 0 0
p-offsetXP1=0 0.8
p-offsetXP2=1 1
p-postoffset=0 70 0
p-randomstartframe=1
p-rotvel=360 0 0
p-rotvelXP1=0 -2
p-rotvelXP2=1 2
p-scale=12 12 1
p-texdiv=4 4
p-texture=SRU_Pebbles_4x4.dds
p-vel=150 250 0
p-worldaccel=0 -900 0
p-xrgba=0.4000000059604645 0.3499999940395355 0.375 1
p-xscale=1 1 1
p-xscale1=0 1 1 1
p-xscale2=0.5 1 1 1
p-xscale3=1 0 0 0
rendermode=1
single-particle=1

[System]
GroupPart1=Motes
GroupPart1Importance=Low
GroupPart2=PebblesSmall
SimulateEveryFrame=1

