[DustCloud]
e-life=1
e-local-orient=0
e-rate=15
e-rotation1=1
e-rotation1-axis=1 0 0
e-rotation1P1=0 -90
e-rotation1P2=1 90
e-rotation2=1
e-rotation2-axis=0 1 0
e-rotation2P1=0 0
e-rotation2P2=1 360
e-timeoffset=0.2
e-uvoffset-mult=1 1
e-uvoffset-multXP1=0 0
e-uvoffset-multXP2=1 1
e-uvoffset-multYP1=0 0
e-uvoffset-multYP2=1 1
p-bindtoemitter=0
p-drag=1 1 1
p-life=1
p-lifeP1=0 0.5
p-lifeP2=1 1
p-local-orient=0
p-offset=30 0 0
p-offsetXP1=0 0
p-offsetXP2=1 1
p-postoffset=0 10 0
p-quadrot=1 0 0
p-quadrotXP1=0 0
p-quadrotXP2=1 360
p-rotvel=65 0 0
p-rotvelXP1=0 -1
p-rotvelXP2=1 1
p-scale=65 65 0
p-scaleXP1=0 1
p-scaleXP2=1 1.2000000000000002
p-scaleYP1=0 1
p-scaleYP2=1 1.2000000000000002
p-texture=SRU_dustCloud.dds
p-texture-mult=SRU_dustCloud_mult.dds
p-type=0
p-vel=0 50 0
p-worldaccel=0 -100 0
p-xquadrot-on=1
p-xrgba=1 1 1 1
p-xrgba1=0 1 1 1 0
p-xrgba2=0.1 1 1 1 1
p-xrgba3=0.55 1 1 1 1
p-xrgba4=1 1 1 1 0
p-xscale1=0 0 0 0
p-xscale2=0.2 0.65 0.65 0
p-xscale3=1 1 1 1
pass=10
rendermode=1
single-particle=1

[GroundBurn]
e-alpharef=64
e-life=0.5
e-rate=1
e-timeoffset=0
p-bindtoemitter=0
p-life=2.5
p-postoffset=0 5 0
p-quadrot=90 0 90
p-scale=120 120 0
p-texture=SRU_GroundBurn.dds
p-type=1
p-xrgba=1 1 1 1
p-xrgba1=0 0 0 0 0
p-xrgba2=0.05 1 1 1 1
p-xrgba3=0.2 1 1 1 1
p-xrgba4=1 1 1 1 0
p-xscale1=0 0.6000000000000001 0.6000000000000001 0.6000000000000001
p-xscale2=0.05000000074505806 1 1 1
p-xscale3=1 1 1 1
pass=0
rendermode=3
single-particle=1

[GroundDirt]
e-life=0.5
e-rate=1
e-timeoffset=0
p-bindtoemitter=0
p-life=3
p-offset=0 5 0
p-postoffset=0 5 0
p-quadrot=90 1 90
p-quadrotYP1=0 0
p-quadrotYP2=1 360
p-scale=140 140 0
p-scaleXP1=0 0.8
p-scaleXP2=1 1
p-scaleYP1=0 0.8
p-scaleYP2=1 1
p-texture=SRU_GroundDirt.dds
p-type=1
p-xrgba=1 1 1 1
p-xrgba1=0 0 0 0 0
p-xrgba2=0.05 1 1 1 1
p-xrgba3=0.8 1 1 1 1
p-xrgba4=1 0 0 0 0
p-xscale1=0 0 0 0
p-xscale2=0.05000000074505806 1 1 1
p-xscale3=0.8 1 1 1
p-xscale4=1 1 1 1
pass=1
rendermode=1
single-particle=1

[Spikes]
e-life=1
e-rate=4
e-timeoffset=0.1
p-life=1
p-lifeP1=0 0.5
p-lifeP2=1 1
p-numframes=3
p-offset=0 50 0
p-quadrot=1 1 0
p-quadrotXP1=0 190
p-quadrotXP2=1 360
p-quadrotYP1=0 0
p-quadrotYP2=1 360
p-randomstartframe=1
p-scale=4 25 0
p-texdiv=3 1
p-texture=SRU_DustSpikes_3x1.dds
p-type=2
p-xrgba=1 1 1 1
p-xrgba1=0 1 1 1 0
p-xrgba2=0.5 1 1 1 1
p-xrgba3=1 1 1 1 0
p-xscale1=0 0 0 0
p-xscale2=0.2 5 5 0
p-xscale3=1 7 5 1
rendermode=1
single-particle=1

[System]
GroupPart1=GroundBurn
GroupPart2=GroundDirt
GroupPart3=DustCloud
GroupPart4=Spikes
GroupPart5=GroundCracks
GroupPart6=Clumps
SimulateEveryFrame=1

[UNKNOWN_HASHES]
unk07E5A8AA=0 0 3 0
unk07E5A8AB=0.02 5 5 0
unk07E5A8AC=1 5 5 0
unk0CB04F97=SRU_dustCloud_mult.dds
unk0E25F2A8=0 10 0
unk21FA35D1=1
unk2AED99DA=0 1 1 1 0
unk2AED99DB=0.01 1 1 1 1
unk2AED99DC=1 1 1 1 0
unk4254D4F7=3
unk539BFB49=1 1
unk53B7728F=2
unk5FCBF99B=1 1 0
unk691E13E3=1
unk77333FBF=3 1
unk83AD7566=SRU_groundCracks_3x1.dds
unk8AE0F4A4=0 0.8
unk8AE0F4A5=1 1
unk908C1552=0 0.5
unk908C1553=1 1
unkC1B9D107=0
unkC1D5FB55=20 60 0
unkD2446C17=1 1 1 1
unkD690A9A0=0.1
unkD795F211=6
unkE3ADC45C=1
unkF1249A5F=0 0
unkF1249A60=1 360
unkF6F43040=10
unkF7B93D53=1
unkFF492BB0=0 0
unkFF492BB1=1 1
unkFFC73B31=0 0
unkFFC73B32=1 1
