[Flash]
e-alpharef=80
e-disabled=1
e-life=3
e-linger=1
e-local-orient=0
e-rate=2
e-timeoffset=0.019999999552965164
flag-disable-z=1
p-bindtoemitter=1 0
p-drag=0 0 1
p-life=0.30000000000000004
p-lifeP1=0 0.2
p-lifeP2=1 1
p-linger=1
p-quadrot=1 1 0
p-quadrotXP1=0 1
p-quadrotXP2=1 360
p-quadrotYP1=0 1
p-quadrotYP2=1 360
p-scale=40 40 0
p-texture=SRU_chaos_mm_BA1_tar_hit.dds
p-vel=0 0 0
p-velZP1=0 0.5
p-velZP2=1 1
p-xrgba=1 1 1 1
p-xrgba1=0 1 1 1 0
p-xrgba2=0.2 1 1 1 1
p-xrgba3=1 1 0 0 0
p-xscale=1 1 1
p-xscale1=0 0.6 0.6 0.6
p-xscale2=1 1 1 1
pass=5
rendermode=4
single-particle=1
uniformscale=1

[Hit]
e-disabled=1
e-life=1
e-rate=1
flag-disable-z=1
p-bindtoemitter=1 1
p-colortype=1 3
p-life=0.1
p-local-orient=1
p-quadrot=1 0 0
p-quadrotXP1=0 1
p-quadrotXP2=1 360
p-scale=85 85 85
p-scaleP1=0 0.5 0.5 0.5
p-scaleP2=1 1 1 1
p-texture=SRU_Chaos_CM_BA_tar_tex.dds
p-xrgba=1 1 1 1
p-xrgba1=0 1 0.8 1 1
p-xrgba2=0.2 0.35 0.05 0.45 1
p-xrgba3=1 1 0 0 0
p-xscale=1 1 1
p-xscale1=0 0 0 0
p-xscale2=1 1.2000000000000002 1.2000000000000002 1.2000000000000002
rendermode=1
single-particle=1

[Motes]
e-life=0.7000000000000001
e-rate=8
e-rgba=255 49 28 255
p-drag=3 3 3
p-life=0.25
p-lifeP1=0 0.5
p-lifeP2=1 1.5
p-scale=13 20 10
p-scaleXP1=0 0.6
p-scaleXP2=1 2
p-texture=Mfx_orb_trail.dds
p-vec-velocity-scale=0.009999999776482582
p-vecalign=1
p-vel=300 300 300
p-velXP1=0 -1
p-velXP2=1 1
p-velYP1=0 -1
p-velYP2=1 1
p-velZP1=0 0.3
p-velZP2=1 1
p-xrgba=1 1 1 1
p-xrgba1=0 0.5 0.5 0.5 1
p-xrgba2=1 0.8 0 0 1
p-xscale=1 1 1
p-xscale1=0 0 0 0
p-xscale2=0.2 1 1 1
p-xscale3=1 0 0 0
rendermode=4
single-particle=1
uniformscale=1

[System]
GroupPart1=Motes
GroupPart2=Hit
GroupPart3=Flash
GroupPart4=randomizer
SimulateEveryFrame=1

[randomizer]
e-disabled=1
e-life=1.6
e-rate=1
e-rotation1=360
e-rotation1-axis=1 0 0
e-rotation1P1=0 0
e-rotation1P2=1 1
e-rotation2=360
e-rotation2-axis=0 1 0
e-rotation2P1=0 0
e-rotation2P2=1 1
e-timeoffset=0.11999999731779099
p-bindtoemitter=1 0
p-life=1
p-type=3
pass=400
rendermode=1
single-particle=1

