[System]
GroupPart1=structureGlow

[structureGlow]
e-rate=0.4
e-rgba=255 255 255 25
p-life=5
p-lifeP1=0 0.5
p-lifeP2=1 1
p-mesh=sru_structureglow.scb
p-meshtex=SRU_Order_Color.dds
p-postoffset=0 10 0
p-scale=0.6000000000000001 0.6000000000000001 0.6000000000000001
p-type=3
p-xrgba=1 1 1 1
p-xrgba1=0 1 1 1 0
p-xrgba2=0.5 1 1 1 1
p-xrgba3=1 1 1 1 0
rendermode=4

