[System]
GroupPart1=fireLine1
KeepOrientationAfterSpellCast=1
SimulateEveryFrame=1

[fireLine1]
e-rate=1
e-rateP1=0 0.8
e-rateP2=1 1
p-life=5
p-lifeP1=0 0.8
p-lifeP2=1 1.4000000000000001
p-offset=1 1 1
p-offsetXP1=0 -30
p-offsetXP2=1 30
p-offsetYP1=0 -30
p-offsetYP2=1 30
p-offsetZP1=0 -10
p-offsetZP2=1 10
p-postoffset=0 -100 0
p-quadrot=-90 45 90
p-quadrotYP1=0 -1
p-quadrotYP2=1 1
p-scale=150 150 0
p-scaleXP1=0 0.8
p-scaleXP2=1 0.9
p-scaleYP1=0 0.8
p-scaleYP2=1 0.9
p-texture=SRUAP_ChaosTurret1_ambientGlow.dds
p-vel=0 15 0
p-velYP1=0 0.5
p-velYP2=1 1
p-worldaccel=0 6 0
p-xrgba=0.2627449929714203 1 0.8156859874725342 1
p-xrgba1=0 1 1 1 0
p-xrgba2=0.1 1 1 1 0.525
p-xrgba3=0.25 1 1 1 0.775
p-xrgba4=0.35 1 1 1 0.625
p-xrgba5=0.5 1 1 1 0.375
p-xrgba6=0.75 1 1 1 0.125
p-xrgba7=1 1 1 1 0
p-xscale=1 1 1
p-xscale1=0 0 0 0
p-xscale2=0.15 0.525 0.525 0
p-xscale3=0.35 0.775 0.775 0
p-xscale4=0.55 0.9 0.9 0
p-xscale5=1 0.95 0.975 0
pass=-100
rendermode=4
uniformscale=1

