[System]
GroupPart1=domeshield1
GroupPart2=domeshield2
GroupPart3=domeshield-on
GroupPart4=domeshield-off
SimulateEveryFrame=1

[domeshield-off]
e-life=7
e-local-orient=0
e-rate=1
e-rgba=255 255 255 255
e-timeoffset=5.75
e-uvoffset=0 0
p-backfaceon=1
p-bindtoemitter=1 1
p-frameRate=0
p-life=0.5
p-linger=0.5
p-mesh=domeshield-slant.sco
p-meshtex=shield-off.tga
p-numframes=1
p-postoffset=0 300 0
p-quadrot=0 40 0
p-rotvel=0 0 0
p-scale=140 140 140
p-startframe=0
p-texdiv=1 1
p-type=3
p-uvscroll-rgb=0 -2
rendermode=0
single-particle=1

[domeshield-on]
e-local-orient=0
e-rate=1
e-rgba=255 255 255 255
e-uvoffset=0 0.2
p-backfaceon=1
p-bindtoemitter=1 1
p-frameRate=0
p-life=0.4
p-linger=0
p-mesh=domeshield-slant.sco
p-meshtex=shield-on.tga
p-numframes=1
p-postoffset=0 300 0
p-quadrot=0 40 0
p-rotvel=0 0 0
p-scale=140 140 140
p-startframe=0
p-texdiv=1 1
p-type=3
p-uvscroll-rgb=0 2
rendermode=0
single-particle=1

[domeshield1]
e-local-orient=0
e-rate=1
e-rgba=124 60 0 255
p-backfaceon=1
p-bindtoemitter=1 1
p-frameRate=0
p-life=10
p-linger=0
p-mesh=domeshield.sco
p-meshtex=domeshield.tga
p-numframes=1
p-postoffset=0 300 0
p-quadrot=0 1 0
p-quadrotYP1=0 0
p-quadrotYP2=1 360
p-rotvel=0 6 0
p-scale=140 140 140
p-startframe=0
p-texdiv=1 1
p-type=3
p-xrgba1=0 1 1 1 0
p-xrgba2=0.1 1 1 1 1
p-xrgba3=0.9 1 1 1 1
p-xrgba4=1 1 1 1 0
rendermode=0
single-particle=1

[domeshield2]
e-local-orient=0
e-rate=1
e-rgba=124 60 0 255
p-backfaceon=1
p-bindtoemitter=1 1
p-frameRate=0
p-life=10
p-linger=0
p-mesh=domeshield.sco
p-meshtex=domeshield.tga
p-numframes=1
p-postoffset=0 300 0
p-quadrot=0 0 0
p-rotvel=0 -6 0
p-scale=140 140 140
p-startframe=0
p-texdiv=1 1
p-type=3
p-xrgba1=0 1 1 1 0
p-xrgba2=0.1 1 1 1 1
p-xrgba3=0.9 1 1 1 1
p-xrgba4=1 1 1 1 0
rendermode=0
single-particle=1

[UNKNOWN_HASHES]
unk0D4E079A=0 1 1 0.2 0
unk0D4E079B=0.03 1 1 0.2 1
unk0D4E079C=0.06 1 1 0.4 1
unk0D4E079D=1 1 1 0.4 1
unk10125069=0
unk134CDF93=1
unk16413FD1=10
unk1A238F38=3
unk213C7FD8=0
unk2334741B=0 15 0
unk2E21B42F=0
unk33D25CEA=1
unk359F7E00=1
unk3881D694=255 255 255 255
unk42DCD5C2=geosphere.sco
unk49813B85=hex.tga
unk5993AD7F=1 1
unk666EEB5C=invulnerablecell.tga
unk66A72398=0
unk730A1001=0
unk73F2B737=1
unk7B7C4AD1=0 0 0
unk7BBE1D95=20 20 20
unk80D7EB8E=1
unk8346FBDB=0 0 0
unk9262C04F=3
unk93BB6310=0
unk986531FC=0.003000000026077032
unk9E020EBA=10
unkA034ABB2=0 0 0
unkA54A6653=0.003000000026077032
unkADD5097A=0
unkAE2A5E84=0 15 0
unkAF536F00=0
unkB2A8A627=0
unkB31A08EC=20 20 20
unkBD604CE9=1
unkC042A57D=255 255 255 80
unkC7660501=0
unkCA9DA4AB=geosphere.sco
unkCD3572EC=1 0
unkDA78F6E1=1 1
unkDF7FC391=0
unkE48997E8=1 1
unkE8142598=0
unkF0866068=0 0 0
unkFAFE7438=1 1
