[Silence]
e-life=1
e-linger=0
e-local-orient=0
e-rate=1
p-bindtoemitter=1 1
p-colorscale=1 1
p-colortype=1 0
p-flexoffset=0.004999999888241291
p-frameRate=0
p-life=3
p-linger=0
p-numframes=1
p-offset=0 100 0
p-postoffset=0 120 0
p-rgba=color-white32.tga
p-scale=50
p-startframe=0
p-texdiv=2 2
p-texture=Silence03.tga
p-type=0
p-vel=0 0 0
p-xscale1=0 0
p-xscale2=0.05000000074505806 1.2000000476837158
p-xscale3=0.1 0.8
p-xscale4=0.15000000596046448 1
p-xscale5=0.8500000238418579 1
p-xscale6=0.875 0.800000011920929
p-xscale7=0.949999988079071 1.2000000476837158
p-xscale8=1 0 0 0
rendermode=1
single-particle=1

[System]
GroupPart1=Silence
GroupPart1Type=Simple

