[System]
GroupPart1=flare
GroupPart1Type=Simple
GroupPart2=firecircle
GroupPart2Type=Simple
SimulateEveryFrame=1

[firecircle]
e-life=12
e-rate=5
e-timeoffset=0.25
p-bindtoemitter=1 1
p-flexoffset=0.004999999888241291
p-flexscale=0.0035000001080334187
p-life=1.25
p-life1=0 1.8
p-life2=1 1
p-offset=0 10 0
p-quadrot=20
p-quadrot1=0 0
p-quadrot2=1 360
p-rgba=alpha_02.tga
p-rotvel=-30 0 0
p-scale=120
p-simpleorient=2
p-texture=vlad_king_blood_nova.tga
p-type=1
p-xscale1=0 0
p-xscale2=0.3 0.85
p-xscale3=0.6499999761581421 1
p-xscale4=1 1
pass=50
rendermode=0

[flare]
e-life=-1
e-linger=0
e-rate=2
p-bindtoemitter=1 1
p-flexoffset=0.004999999888241291
p-life=2
p-linger=0
p-offset=0 15 0
p-rgba=alpha_20.tga
p-scale=150
p-simpleorient=2
p-texture=light-red_orange_01.tga
p-vel=0 0 0
p-xrgba=1 1 1 1
p-xrgba1=0 0 0 0 1
p-xrgba2=1 1 1 1 1
p-xscale=1 1 1
p-xscale1=0 0 0 0
p-xscale2=0.5 3 3 3
p-xscale3=1 1 1 1
pass=-10
rendermode=0

[UNKNOWN_HASHES]
unk084CF133=3 3 3
unk0CDD2C0C=linger=0
unk0FC23373=100
unk1A0E859B=0 0 0 0
unk1A0E859C=0.2 1 0 0
unk1A0E859D=0.9 2.5 0 0
unk1A0E859E=1 0 0 0
unk1A8FEB59=0 850 0
unk20B2235B=2
unk219380DE=0
unk278513D4=1 80 1
unk2A29AF20=1 1
unk2CB2BCA9=0 2
unk2CB2BCAA=1 0.5
unk2CBBF9E9=0 0 0
unk2D9E1A31=0 -0.10000000149011612
unk2E953E2D=0
unk32A0A567=0 20 0
unk3485A7BC=3
unk37F38496=1 1 1 1
unk3881E53D=0 0 0 0
unk3881E53E=0.3 0.5 0.5 0.5
unk3881E53F=1 1 1 1
unk3EE6A5F2=2
unk4508AD89=0 0.1
unk4508AD8A=1 1
unk470893A1=0
unk47A82895=0 100 0
unk4983A11B=0 1 1 1 1
unk4983A11C=0.15 1 1 1 1
unk4983A11D=1 1 1 1 0
unk49C21168=1 80 1
unk4AFE783D=-1
unk4B9DC9D2=1
unk4EAB59AE=0.004999999888241291
unk4FF5B6AD=1 1
unk500E84B4=1 1
unk5276B9F8=summonerteleport_beam.tga
unk52A81B00=1 1
unk55001DFE=0
unk550F6A6A=alpha_12.tga
unk56A275D8=summoner_battlecry_light.tga
unk57B59C1D=-1
unk5A30822A=1 1 1 1
unk5C049E33=1 1
unk5E44E421=1
unk5E9B5D0A=1 1
unk5FE78016=1
unk6118C609=0 10 0
unk62FD97D2=1
unk6AFC0801=2
unk6F9C7FFF=1
unk7040E552=circles_drag
unk7120AD29=0 100 0
unk7823DE42=0.004999999888241291
unk78395FC3=plane_01.sco
unk794C80C6=65
unk7BB4524A=1
unk8428E536=50
unk85C54477=color-teleportbeam.tga
unk8775539A=1 0
unk87858A2E=0
unk88E26D66=1
unk8EFABE2E=1
unk94D886E5=1
unk95D65257=summoner_battlecry_circle.tga
unk961271A9=0 0 0 0
unk961271AA=0.5 0.5 0.5 0.5
unk961271AB=1 1 1 1
unk97526155=0 0 0
unk986EB812=1 1
unk98B4F749=0
unk9CEEFE7A=0
unkA3471785=1
unkA5720060=0.75
unkA9C08A62=0.004999999888241291
unkAD337394=0
unkADCE6562=0 1
unkADCE6563=1 0.6000000000000001
unkADEAB92A=0
unkAE175FD0=0.004999999888241291
unkB189D2AB=1
unkB23DAF58=100
unkB31791CA=-20
unkB41A0887=0 1 1 1 0
unkB41A0888=0.15 1 1 1 1
unkB41A0889=1 1 1 1 0
unkB4330244=summoner_battlecry_light_blue.tga
unkB76E17D1=0 0.25
unkB76E17D2=1 1.2000000000000002
unkB864273E=1
unkB960E8E7=20
unkB9C1C977=0 -60 0
unkBB082670=1
unkBB9AC4D8=summoner_battlecry_circle_fade.tga
unkC0D07A45=Glows.tga
unkC47BF989=-1
unkC4D03E8F=12
unkC7BF4A50=3
unkC9538A48=0
unkCA261320=2 2
unkCC43CE77=1
unkCCBF9C19=1
unkCE4B24ED=2
unkCF0C71DD=0
unkCF38BD15=3
unkD460C7A0=linger=0
unkD650CE5F=1
unkD6AEED3C=0 0
unkD6AEED3D=0.30000000000000004 1
unkD6AEED3E=1 0.2
unkD7C2656D=2
unkDCB38B91=0
unkDD73FF40=1.5 80
unkDE762EC6=0
unkE2933FB4=200
unkE38AEE28=0
unkE4FFBD2F=plane_01.sco
unkE6E86996=0 500 0
unkE7FEAC92=0
unkEBBE007D=1
unkEC6FDD2A=-90 0 90
unkF4240A55=0
unkF91BA4FA=3
unkF9502CFB=0 70 0
