[System]
GroupPart1=purp_sparks
GroupPart1Importance=High
GroupPart1Type=Simple
PersistThruDeath=1
SimulateEveryFrame=1

[purp_sparks]
e-life=0.125
e-linger=1.5
e-rate=125
e-rotation1=1
e-rotation1P1=0 0
e-rotation1P2=1 360
p-bindtoemitter=1 ,8
p-life=0.4
p-lifeP1=0 0.15
p-lifeP2=1 1
p-offset=20 20 20
p-offsetXP1=0 0
p-offsetXP2=1 1
p-offsetYP1=0 0
p-offsetYP2=1 3
p-postoffset=0 30 0
p-quadrot=0
p-rgba=color-smoke32_07.tga
p-rotvel=1
p-rotvel1=0 0 0 0
p-rotvel2=1 0 0 180
p-scale=100
p-scaleP1=0 0.25
p-scaleP2=1 0.85
p-texture=flare-Rainbow_purp_03.tga
p-vel=265 265 265
p-velYP1=0 1.5499999523162842
p-velYP2=1 0.25
p-xscale=1
p-xscale1=0 1
p-xscale2=0.4 1
p-xscale3=1 0

[UNKNOWN_HASHES]
unk0C4B9FA2=0 0 0 0 255
unk0C4B9FA3=0.1226667 255 255 255 255
unk0C4B9FA4=0.2370705 211 255 212 255
unk0C4B9FA5=0.3477372 166 255 154 255
unk0C4B9FA6=0.7173334 0 255 0 255
unk0C4B9FA7=1 0 0 0 255
