[System]
GroupPart1=dist
GroupPart1Importance=High
GroupPart1Type=Simple
GroupPart2Importance=High
GroupPart2Type=Simple
GroupPart3Importance=High
GroupPart3Type=Simple
GroupPart6=dust_01
GroupPart6Importance=High
GroupPart6Type=Simple
SimulateEveryFrame=1

[dist]
e-life=1
e-local-orient=0
e-rate=1
flag-disable-z=1
p-bindtoemitter=1 1
p-coloroffset=0.30000000000000004 0
p-colorscale=0.7000000000000001 1
p-colortype=1 0
p-distortion-mode=2
p-distortion-power=0.009999999776482582
p-life=0.44999998807907104
p-normal-map=distort-ripples.tga
p-offset=0 0 0
p-postoffset=0 0 0
p-rgba=color-bellcurve32.tga
p-scale=100 0 0
p-simpleorient=2
p-texture=Aura_Self_02.tga
p-type=1
p-xscale=1
p-xscale1=0 0.25
p-xscale2=1 1
rendermode=1
single-particle=1

[drag_05]
f-drag=3
f-dragP1=0 0.75
f-dragP2=1 1.5
f-pos=0 0 0
f-radius=1000

[dust_01]
e-life=0.1
e-rate=200
e-rotation1=1
e-rotation1P1=0 0
e-rotation1P2=1 360
field-drag-1=drag_05
p-life=1
p-offset=40 10 40
p-postoffset=0 0 0
p-rgba=color-smoke32_03.tga
p-rotvel=45
p-rotvelP1=0 -1
p-rotvelP2=1 1
p-scale=43
p-scaleP1=0 0.5
p-scaleP2=1 1.6
p-texture=sand_04.tga
p-vel=100 50 100
p-velXP1=0 1.5
p-velXP2=1 0.6700000166893005
p-xscale=1
p-xscale1=0 0 0 0
p-xscale2=0.2 1.3
p-xscale3=0.25 1.399999976158142
p-xscale4=1 1.7000000000000002
rendermode=1

[UNKNOWN_HASHES]
unk09DB72D9=swain_grand_shockwave.tga
unk0A9F701D=0.3
unk0CD0BBFD=400
unk16B74268=0.2
unk18D9BC5C=0 0 0
unk20C83495=color-icenova.tga
unk21C36BCF=0 0
unk21C36BD0=1 8
unk23C87195=1 1
unk24BE951E=4
unk29FDAE4C=15
unk31DA27DD=0
unk3CBE1CE9=1 0.4
unk42AECDDB=0 0 0
unk4C92C48F=45
unk54044CAF=0
unk55C6EFE4=0
unk5CA6CAB4=1
unk5E392AB4=0 0 0
unk619E6559=2
unk678DBE5E=0.4
unk7074405A=swain_grand_shockwave.tga
unk73A590A9=0.15
unk7DB682D6=color-firefade.tga
unk86C0F09B=0
unk86EBFC8D=35
unk8E13A61D=0 0.35
unk8E13A61E=0.5 0.675
unk8E13A61F=1 1
unkA2AD8A70=0
unkA351C8FC=1 0
unkA4702DA5=0
unkA7D96A9F=7
unkACE26875=0 0 0
unkAF3E4028=1 0.4
unkCF380049=210 0 0
unkD490F594=1 1
unkD6C9ABFB=1 0
unkE3AF3EDC=0
unkE5F9F70E=45
unkE9F64129=0 0 0
unkEA4B3E73=1
unkEE4B88D0=0 0
unkEE4B88D1=1 8
unkEF42D918=2
unkF4AC739E=0 0.35
unkF4AC739F=0.5 0.675
unkF4AC73A0=1 1
unkFC1E4248=280 0 0
