[System]
GroupPart3=speed_02
GroupPart3Type=Simple
PersistThruDeath=1

[speed_02]
e-life=100
e-linger=0
e-local-orient=1
e-rate=8
p-bindtoemitter=1 1
p-colorscale=1 0.4
p-colortype=1 0
p-life=0.25
p-quadrot=180
p-rgba=color-rampdown.tga
p-rotvel=270
p-scale=95 0 0
p-startframe=1
p-texdiv=2 2
p-texture=AlphaStrike02.tga
p-xrgba=1 1 1 0.5
p-xrgba1=0 1 1 1 0
p-xrgba2=0.25 1 1 1 2
p-xrgba3=1 1 1 1 0
p-xscale=1
p-xscale1=0 0.7
p-xscale2=1 1.149999976158142
rendermode=0

[UNKNOWN_HASHES]
unk0672E37E=1 0
unk068B4016=2
unk0A5EA5B6=0
unk0FEF11B6=0.25
unk1C06E401=120
unk2222CB7E=1
unk2617D62E=color-smoke32_07.tga
unk2CE8490E=0
unk2E3E42CA=0.1
unk2E402181=flare-Rainbow_purp_03.tga
unk2EE5C626=1 1
unk2F4D4FE5=110
unk34EAB1C8=0
unk36A1531B=0.15000000596046448
unk3A561515=100
unk42B92566=0.1
unk433EFBDC=sharp_flash_02.tga
unk44670742=color-rampdown.tga
unk468A98DC=0
unk480B2483=295 295 295
unk4CCA1793=color-rampdown.tga
unk4D9C80F9=10
unk55FF914A=50
unk564890AD=0
unk57CFF34A=0
unk65FAD8DC=45
unk6BADFF6D=sharp_flash_02.tga
unk71CDA380=1
unk78853F55=1 1
unk7F9E806D=1
unk86ACDCCB=50
unk956668B1=0 0.25
unk956668B2=1 0.85
unkA16F6C79=0
unkA51B3CB1=0 0 0 0
unkA51B3CB2=1 0 0 180
unkA8F72E8F=1 0
unkAA5FC348=0
unkB03CB58F=0 0
unkB03CB590=1 360
unkB0BAC510=0 0
unkB0BAC511=1 360
unkB27854C5=0 1
unkB27854C6=0.4 1
unkB27854C7=1 0
unkB2C2D399=0
unkB9944B00=0 0 1
unkB9CCC3F8=1 1
unkBF69C4F0=100
unkC185B277=0 0.15
unkC185B278=1 0.9
unkC4232D8A=0
unkC7772F20=0 1.3
unkC7772F21=0.5 8
unkC7772F22=1 0
unkC98ABBC9=1 1
unkCD404CDB=0
unkCF6C941F=0
unkCFC0AC3F=0 1 0
unkD2D4469D=0 0.9
unkD2D4469E=1 1.2000000000000002
unkDD3D283C=0 0
unkE545466C=1
unkEFE632B1=0 1.3
unkEFE632B2=0.5 6
unkEFE632B3=1 0.3
unkFE6C20CE=1
unkFE6C20CF=1
