[System]
GroupPart1=flat
GroupPart1Importance=High
GroupPart1Type=Simple
SimulateEveryFrame=1

[flat]
e-life=0.15
e-linger=-1
e-local-orient=0
e-rate=16
p-colorscale=1 1
p-colortype=1 0
p-frameRate=0
p-life=0.15000000596046448
p-linger=-1
p-numframes=1
p-postoffset=0 200 0
p-quadrot=1
p-quadrotP1=0 0
p-quadrotP2=1 360
p-rgba=color-rampdown.tga
p-rotvel=90 90 0
p-scale=320
p-scaleP1=0 0.9
p-scaleP2=1 1
p-startframe=0
p-texdiv=1 1
p-texture=sharp_flash_02.tga
p-type=0
p-xscale1=0 1
p-xscale2=0.5 0.5
p-xscale3=1 0
rendermode=0

[UNKNOWN_HASHES]
unk011F2A2A=0
unk02ABBCE7=0 0 0 0 255
unk02ABBCE8=0.1226667 255 255 255 255
unk02ABBCE9=0.2370705 211 255 212 255
unk02ABBCEA=0.3477372 166 255 154 255
unk02ABBCEB=0.7173334 0 255 0 255
unk02ABBCEC=1 0 0 0 255
unk0351B6D8=slow
unk065B02F8=-1
unk081DA62D=-1
unk0A141C51=Poof_soot.tga
unk0A5EA5B6=0
unk0FEF11B6=0.4
unk108FE0FD=200 100 0
unk1434BF04=0 0 0
unk14383A2C=0 0
unk14383A2D=1 1
unk14B649AD=0 0
unk14B649AE=1 3
unk1620FAE6=0.4
unk1C06E401=0.125
unk1DC822F5=-0.5
unk2238CD31=0.15000000596046448
unk2617D62E=color-smoke32_07.tga
unk2780B662=4
unk2E402181=flare-Rainbow_purp_03.tga
unk2EE227C0=13
unk2F4D4FE5=125
unk34EAB1C8=1.5
unk357F3915=350
unk36AD54FD=-1
unk3A25003D=0 170 0
unk3F1F8FCD=20 20 20
unk40DBEF53=0 0 250
unk480B2483=155 155 155
unk5253DF0D=0 180 0
unk536EF73C=0
unk713A6381=0 0.30000000000000004
unk713A6382=1 1.2000000000000002
unk71CDA380=1
unk799D2E14=2 2
unk82807E28=0 0.5
unk82807E29=1 1
unk8B156384=2
unk8E4C4F95=0 0
unk8E4C4F96=0.30000000000000004 2
unk8E4C4F97=0.8 0.8
unk8E4C4F98=1 0
unk92549262=10000
unk92F603A7=0 0.8
unk92F603A8=1 1.350000023841858
unk956668B1=0 0.25
unk956668B2=1 0.85
unkA24FB39E=1
unkA51B3CB1=0 0 0 0
unkA51B3CB2=1 0 0 180
unkAE551973=1 3
unkB0140DF6=0 1.75
unkB0140DF7=1 0.25
unkB03CB58F=0 0
unkB03CB590=1 360
unkB0921D77=0 1.75
unkB0921D78=1 0.25
unkB1102CF8=0 1.75
unkB1102CF9=1 0.25
unkB27854C5=0 1
unkB27854C6=0.4 1
unkB27854C7=1 0
unkB5860D71=1 1
unkB81BCCFC=0 0
unkB81BCCFD=1 0.25
unkB899DC7D=0 0
unkB899DC7E=1 1
unkBC5BEB0C=0 0
unkBF69C4F0=100
unkC185B277=0 0.15
unkC185B278=1 1
unkD4D13DB8=1
unkDC2849A6=1
unkDD3D283C=0 0
unkDDE3E05F=0 0
unkDDE3E060=1 360
unkDE703A95=0
unkE545466C=1
unkE632A086=1
unkF94ED947=0 0
unkF94ED948=1 360
unkFE6C20CE=1
