[System]
GroupPart1=hand_glow
GroupPart1Importance=High
GroupPart1Type=Simple
GroupPart2=flash
GroupPart2Importance=High
GroupPart2Type=Simple
SimulateEveryFrame=1

[flash]
e-life=0.1
e-linger=0
e-local-orient=0
e-rate=10
p-colorscale=1 1
p-colortype=1 0
p-frameRate=0
p-life=0.1
p-linger=0
p-numframes=1
p-postoffset=0 0 0
p-quadrot=1
p-quadrotP1=0 0
p-quadrotP2=1 360
p-rgba=color-rampdown.tga
p-rotvel=90 90 0
p-scale=450
p-scaleP1=0 0.9
p-scaleP2=1 1
p-startframe=0
p-texdiv=1 1
p-texture=flare-Rainbow_yellow_10.tga
p-type=0
p-xscale1=0 1
p-xscale2=0.5 0.5
p-xscale3=1 0
rendermode=0

[hand_glow]
e-life=-1
e-linger=0
e-local-orient=0
e-rate=8
e-timeoffset=0.15
p-bindtoemitter=1 1
p-flexscale=0.0035000001080334187
p-life=0.2
p-linger=0
p-offset=1 1 1
p-quadrot=360
p-quadrotP1=0 0
p-quadrotP2=1 1
p-rgba=color-smoke32_07.tga
p-rotvel=100
p-rotvelP1=0 0.5
p-rotvelP2=1 -0.5
p-scale=105
p-scale1=0 0.7
p-scale2=0.30000001192092896 4.349999904632568
p-scale3=1 0.7
p-texture=flare-Rainbow_yellow_10.tga
p-type=1
p-vel=0 0 0
p-xrgba=1 1 1 1
p-xrgba1=0 0 0 0 1
p-xrgba2=1 1 1 1 1
p-xscale=1 1 1
p-xscale1=0 0 0 0
p-xscale2=0.5 1.5 1.5 1.5
p-xscale3=1 0 0 0
rendermode=0

[UNKNOWN_HASHES]
unk2B7BC545=1
unk35806A1D=1
unk49D8E747=0.3
unk5A158858=sword_of_divine.tga
unk689B2531=0
unk6A5DC866=0
unk72D00336=0 0 0
unk8F97AA68=0 0 0 0 0
unk8F97AA69=0.5 0 0 0 1
unk8F97AA6A=1 0 0 0 0
unkA57E16E9=-120
unkB95EE99F=8
unkBDE2CE9A=2
unkC576BBEA=-1
unkD8BD27CE=1
unkDB9F8062=1 1 1 1 1
unkDD7109AE=0.355
unkE0A44976=0 0 0
unkF2A7DC93=1 1
unkF888DF5F=0
