[Drag1]
f-drag=1
f-pos=0 300 0
f-radius=1000

[Gravity1]
f-accel=0 -1000 0

[System]
GroupPart1=blood_01
GroupPart1Importance=High
GroupPart2=blood_02
GroupPart2Importance=Low
GroupPart3=blood_03
GroupPart3Importance=Low
SimulateEveryFrame=1

[blood_01]
e-life=0.15000000596046448
e-rate=1300
e-rotation1=1
e-rotation1-axis=0 0 1
e-rotation1P1=0 0
e-rotation1P2=1 10
e-rotation2=1
e-rotation2P1=0 0
e-rotation2P2=1 360
p-colortype=1 3
p-drag=1 1 1
p-flexoffset=0.004999999888241291
p-frameRate=16
p-life=0.5
p-lifeP1=0 0.5
p-lifeP2=1 2
p-numframes=16
p-postoffset=0 20 0
p-rgba=color-bloodfade32.tga
p-scale=15 15 15
p-scale1=0 1 6 1
p-scale2=0.5 1 1 1
p-scale3=1 1 1 1
p-scaleXP1=0 0.4
p-scaleXP2=1 1.2000000000000002
p-texdiv=4 4
p-texture=BlurDrops.dds
p-vecalign=1
p-vel=0 750 0
p-velYP1=0 0.4
p-velYP2=1 2
p-worldaccel=0 -1000 0
rendermode=1

[blood_02]
e-life=0.30000000000000004
e-linger=-1
e-rate=450
e-rotation1=1
e-rotation1-axis=0 0 1
e-rotation1P1=0 0
e-rotation1P2=1 10
e-rotation2=1
e-rotation2P1=0 0
e-rotation2P2=1 360
p-bindtoemitter=1 1
p-colortype=1 3
p-drag=1 1 1
p-flexoffset=0.004999999888241291
p-frameRate=16
p-life=0.5
p-lifeP1=0 0.5
p-lifeP2=1 2
p-numframes=16
p-postoffset=0 20 0
p-rgba=color-bloodfade32.tga
p-scale=15 15 15
p-scale1=0 1 6 1
p-scale2=0.5 1 1 1
p-scale3=1 1 1 1
p-scaleXP1=0 0.4
p-scaleXP2=1 1.2000000000000002
p-texdiv=4 4
p-texture=BlurDrops.dds
p-vecalign=1
p-vel=0 800 0
p-velYP1=0 0.4
p-velYP2=1 2
p-worldaccel=0 -1000 0
rendermode=1

[blood_03]
e-life=6
e-rate=100
e-rotation1=1
e-rotation1-axis=0 0 1
e-rotation1P1=0 0
e-rotation1P2=1 10
e-rotation2=1
e-rotation2P1=0 0
e-rotation2P2=1 360
field-accel-1=Gravity1
field-drag-1=Drag1
p-bindtoemitter=1 0
p-colortype=1 3
p-flexoffset=0.004999999888241291
p-life=0.5
p-lifeP1=0 0.5
p-lifeP2=0.5 0.8
p-lifeP3=1 2
p-numframes=4
p-offset=0 50 0
p-quadrotP1=0 0
p-quadrotP2=1 360
p-randomstartframe=1
p-rgba=color-blooddrops32.tga
p-rotvelP1=0 -60
p-rotvelP2=1 60
p-scale=10 1 1
p-scaleXP1=0 0.4
p-scaleXP2=1 1.2000000000000002
p-shadow=1
p-texdiv=2 2
p-texture=blooddrops.dds
p-vel=0 600 0
p-velYP1=0 0.7
p-velYP2=1 1
p-xscale=1 1 1
p-xscale1=0 1 1 1
p-xscale2=0.8 1 1 1
p-xscale3=1 0 0 0
rendermode=1
uniformscale=1

