[System]
GroupPart1=large
GroupPart1Importance=High
GroupPart2=medium
GroupPart2Importance=High
GroupPart3=small
GroupPart3Importance=High
GroupPart4=sparkle_dust
GroupPart4Importance=High
GroupPart4Type=Simple
GroupPart5=sparkle_dust_02
GroupPart5Importance=High
GroupPart5Type=Simple
SimulateEveryFrame=1

[large]
e-rate=1
e-rgba=255 255 255 255
p-bindtoemitter=1 1
p-frameRate=0
p-life=1
p-linger=-1
p-mesh=spiral_01.sco
p-meshtex=invis_wisp_01.tga
p-numframes=1
p-postoffset=0 30 0
p-quadrot=0 90 0
p-scale=0.5 0.55 0.5
p-startframe=0
p-texdiv=1 1
p-type=3
p-uvscroll-rgb=0 0.8
p-xrgba=1 1 1 1
p-xrgba1=0 0.35 0.35 0.55 0
p-xrgba2=0.2 0.35 0.35 0.55 1
p-xrgba3=0.8 0.35 0.35 0.55 1
p-xrgba4=1 0.35 0.35 0.55 0
rendermode=0
single-particle=1

[medium]
e-rate=1
e-rgba=255 255 255 255
p-bindtoemitter=1 1
p-frameRate=0
p-life=1
p-linger=-1
p-mesh=spiral_01.sco
p-meshtex=invis_wisp_01.tga
p-numframes=1
p-postoffset=0 30 0
p-scale=0.5 0.5 0.5
p-startframe=0
p-texdiv=1 1
p-type=3
p-uvscroll-rgb=0 0.925000011920929
p-xrgba=1 1 1 1
p-xrgba1=0 0.35 0.35 0.55 0
p-xrgba2=0.2 0.35 0.35 0.55 1
p-xrgba3=0.8 0.35 0.35 0.55 1
p-xrgba4=1 0.35 0.35 0.55 0
rendermode=0
single-particle=1

[small]
e-rate=1
e-rgba=255 255 255 255
p-bindtoemitter=1 1
p-frameRate=0
p-life=1
p-linger=-1
p-mesh=spiral_01.sco
p-meshtex=invis_wisp_01.tga
p-numframes=1
p-postoffset=0 30 0
p-scale=0.5 0.35 0.5
p-startframe=0
p-texdiv=1 1
p-type=3
p-uvscroll-rgb=0 0.925000011920929
p-xrgba=1 1 1 1
p-xrgba1=0 0.35 0.35 0.55 0
p-xrgba2=0.2 0.35 0.35 0.55 1
p-xrgba3=0.8 0.35 0.35 0.55 1
p-xrgba4=1 0.35 0.35 0.55 0
rendermode=0
single-particle=1

[sparkle_dust]
e-life=0.85
e-linger=-1
e-rate=20
e-rotation1=1
e-rotation1P1=0 0
e-rotation1P2=1 360
p-bindtoemitter=1 1
p-life=0.3
p-lifeP1=0 0.8159999847412109
p-lifeP2=1 1.1122219562530518
p-offset=1 1 1
p-offsetXP1=0 0
p-offsetXP2=1 70
p-offsetYP1=0 0
p-offsetYP2=1 95
p-offsetZP1=0 0
p-offsetZP2=1 70
p-postoffset=0 60 0
p-rotvel=180
p-rotvelP1=0 -1
p-rotvelP2=1 1
p-scale=21
p-scaleP1=0 1.149999976158142
p-scaleP2=1 0.55
p-texture=Flare-Rainbow_blue_02.tga
p-vel=0 -20 0
p-velXP1=0 1.1
p-velXP2=1 0.6700000166893005
p-xscale=1
p-xscale1=0 0.75
p-xscale2=0.5 1.7
p-xscale3=1 0.15
rendermode=0

[sparkle_dust_02]
e-life=0.85
e-linger=-1
e-rate=20
e-rotation1=1
e-rotation1P1=0 0
e-rotation1P2=1 360
p-bindtoemitter=1 1
p-life=0.3
p-lifeP1=0 0.8159999847412109
p-lifeP2=1 1.1122219562530518
p-offset=1 1 1
p-offsetXP1=0 0
p-offsetXP2=1 70
p-offsetYP1=0 0
p-offsetYP2=1 95
p-offsetZP1=0 0
p-offsetZP2=1 70
p-postoffset=0 60 0
p-rotvel=180
p-rotvelP1=0 -1
p-rotvelP2=1 1
p-scale=21
p-scaleP1=0 1.149999976158142
p-scaleP2=1 0.55
p-texture=Flare-Rainbow_blue_05.tga
p-vel=0 -20 0
p-velXP1=0 1.1
p-velXP2=1 0.6700000166893005
p-xscale=1
p-xscale1=0 0.75
p-xscale2=0.5 1.7
p-xscale3=1 0.15
rendermode=0

