[System]
GroupPart1=blastring
GroupPart1Type=Simple
GroupPart2Type=Simple
GroupPart3Type=Simple
GroupPart4=outerring
GroupPart4Type=Simple
GroupPart5Type=Simple

[blastring]
e-life=1
e-rate=1
p-life=0.30000000000000004
p-offset=0 40 0
p-quadrot=45
p-rgba=TeemoBasicAttack_tar__blastring__p-rgba.tga
p-scale=80
p-texdiv=2 3
p-texture=GlobalTargetHit01.tga
p-xrgba=255 255 255 255
p-xscale=1
p-xscale1=0 0.6000000000000001
p-xscale2=1 1

[outerring]
e-life=1
e-rate=1
p-life=0.5
p-offset=0 40 0
p-quadrot=45
p-rgba=globalhit_blue_tar__outerring__p-rgba.tga
p-scale=60
p-startframe=4
p-texdiv=2 3
p-texture=GlobalTargetHit01.tga
p-xrgba=255 255 255 255
p-xscale=1
p-xscale1=0 0.7789999842643738
p-xscale2=1 1.1863700151443481

[UNKNOWN_HASHES]
unk009F6CE5=255 255 255 255
unk027403EC=1
unk0967DDC3=0.2
unk157FB00E=1
unk1D7EDBF9=1
unk1E312278=0 0.7789999842643738
unk1E312279=1 1.2234439849853516
unk1F90A23B=globalhit_blue_tar__blastring__p-rgba.tga
unk22E54E7F=2 3
unk28C61BF2=1
unk2BC466F3=1
unk2C4855FE=0 0.7789999842643738
unk2C4855FF=1 1.0010000467300415
unk2F641000=1
unk3AE55274=0 60 165 183 255
unk3AE55275=0.92 0 0 0 255
unk492ADD6E=0 60 165 183 255
unk492ADD6F=0.92 0 0 0 255
unk525401F2=1
unk577749EA=0 0.7789999842643738
unk577749EB=1 1.2234439849853516
unk5FFDB807=1
unk69F712A9=100
unk76177369=-45
unk7759255A=0 40 0
unk7A65836B=255 255 255 255
unk7D642E82=0 60 165 183 255
unk7D642E83=0.92 0 0 0 255
unk842EA6EF=45
unk859EB054=0 40 0
unk99F8EF34=GlobalTargetHit01.tga
unk9EF43C95=90
unkA57D1169=0 255 255 255 255
unkA57D116A=0.92 0 0 0 255
unkA81022BA=GlobalTargetHit01.tga
unkA89360D1=0.2
unkAF5D9ADB=45
unkAF62AD57=255 255 255 255
unkB4AB331C=1
unkB9D80168=0 40 0
unkBBA452EC=3
unkBEBC2549=globalhit_blue_tar__blastring__p-rgba.tga
unkC7F19F00=1
unkD33F16A6=GlobalTargetHit01.tga
unkE0667271=2 3
unkE315C5BD=0.2
unkEEABFD6B=2 3
unkEEB21C8C=0 222 234 168 255
unkEEB21C8D=0.92 0 0 0 255
unkEF2D9808=1
unkF030FC23=70
unkF93E8A35=globalhit_blue_tar__outerring__p-rgba.tga
