[System]
GroupPart4=flare
GroupPart4Type=Simple
GroupPart5=projected
GroupPart5Type=Simple
GroupPart6=shockwave
GroupPart7=shockwave_edge
GroupPart7Type=Simple
SimulateEveryFrame=1

[flare]
e-life=0.1
e-linger=0
e-rate=1
p-bindtoemitter=1 1
p-flexoffset=0.004999999888241291
p-life=0.15
p-linger=0
p-offset=1 1 1
p-postoffset=0 50 0
p-rgba=alpha_12.tga
p-scale=80
p-texture=Tiamat_Impact_Flare.dds
p-vel=0 0 0
p-xrgba=1 1 1 1
p-xrgba1=0 0 0 0 1
p-xrgba2=1 1 1 1 1
p-xscale=1 1 1
p-xscale1=0 1 1 1
p-xscale2=0.1 2 2 2
pass=100
rendermode=0
single-particle=1

[projected]
e-life=0.1
e-linger=0
e-rate=37
p-bindtoemitter=1 1
p-coloroffset=0 0.550000011920929
p-colorscale=1 0.44999998807907104
p-colortype=1 3
p-flexoffset=0.002
p-flexscale=0.0035000001080334187
p-frameRate=0
p-life=0.35
p-linger=0
p-numframes=1
p-offset=1 1 1
p-postoffset=0 0 0
p-rgba=kassadin-darkflame-purple.tga
p-scale=40
p-simpleorient=2
p-startframe=0
p-texdiv=2 2
p-texture=FireHit.tga
p-vel=0 0 0
p-xrgba=1 1 1 1
p-xrgba1=0 0 0 0 1
p-xrgba2=1 1 1 1 1
p-xrgba3=1 0 0 0 0
p-xscale=1 1 1
p-xscale1=0 0 0 0
p-xscale2=0.1 1 1 1
p-xscale3=1 3 3 3
pass=-100
rendermode=4

[shockwave]
e-life=0.1
e-rate=1
e-rotation1=1
e-rotation1P1=0 -360
e-rotation1P2=1 360
p-colorscale=1 1
p-colortype=1 0
p-life=0.65
p-quadrot=90 180 0
p-rgba=color-rampdown.tga
p-scale=130 130 130
p-texture=TEMP_Kassadin_R.dds
p-type=1
p-uvscroll-no-alpha=1
p-uvscroll-rgb=0.5 0.1
p-xrgba=1 1 1 1
p-xrgba1=0 1 1 1 0
p-xrgba2=0.3 1 1 1 0.5
p-xrgba3=1 0 0 0 0
p-xscale1=0 0 0 0
p-xscale2=0.1 2 2 2
p-xscale3=1 3 3 3
rendermode=4
single-particle=1

[shockwave_edge]
e-life=0.1
e-linger=0
e-rate=2
p-bindtoemitter=0
p-colorscale=1 1
p-colortype=1 0
p-frameRate=0
p-life=0.7
p-numframes=1
p-offset=0 10 0
p-quadrot=1
p-quadrotP1=0 0
p-quadrotP2=1 360
p-rgba=color-rampdown.tga
p-scale=0.45
p-simpleorient=2
p-startframe=0
p-texdiv=1 1
p-texture=TEMP_Kassadin_R_Inner.dds
p-type=1
p-xrgba=1 1 1 1
p-xrgba1=0 1 1 1 0
p-xrgba2=0.25 1 1 1 1
p-xrgba3=1 0 0 0 1
p-xscale1=0 60
p-xscale2=0.11999999731779099 700
p-xscale3=0.2199999988079071 830
p-xscale4=1 960
pass=-100
rendermode=4
single-particle=1

[UNKNOWN_HASHES]
unk00575C98=0 0.1
unk00575C99=1 1
unk112F61E5=160
unk18910377=0 1 1 1
unk18910378=1 5 5 5
unk199BCB3A=1 1 1
unk201F2CA2=130 130 130
unk29F6DAF5=1
unk308D9D64=1 1 1 1
unk32D5294D=1
unk360C1E02=3
unk36B19412=Tiamat_Swirl.dds
unk3A332F40=0 1 1 1 0
unk3A332F41=0.25 1 1 1 0.7
unk3A332F42=1 0 0 0 0
unk5579C4CB=1
unk56B53A6D=1
unk5F6B6CC4=0 0 0 0
unk5F6B6CC5=1 2 2 2
unk63E59944=8
unk64055DC8=0
unk6F2B6E8E=0 -360
unk6F2B6E8F=1 360
unk6FFF7837=4
unk70775468=0 1 0
unk903DBBCD=0 1 1 1 1
unk903DBBCE=0.3 1.2 1.2 1 1
unk903DBBCF=1 0 0 0 0
unk96F28E44=0
unk9BF6C656=1
unk9E261033=0
unkA4D9618F=1
unkA624284E=0 380 0
unkADD55A77=0.65
unkAE92E1EC=0 -1
unkAE92E1ED=1 1
unkB74AABEE=1 1
unkB751BDB5=90 180 0
unkB957DDDA=1
unkB9EA9D84=0.6
unkB9ED2CC2=0.1
unkBCFCABF6=1
unkC3FE1EEF=alpha_12.tga
unkC6026FCF=0.2
unkCD3398A6=31
unkD01361FC=alpha_20.tga
unkD650CE5F=1
unkD669C535=0 130 0
unkD948DBB3=120
unkDB333980=TEMP_Kassadin_R.dds
unkDBB404A9=0.5 0.1
unkDC8361B2=1 1
unkE3D6AC6F=90 90 90
unkE4E8A245=0 2
unkE4E8A246=1 -2
unkE6863375=Flat_Plane_geo.sco
unkEEE2F329=1
unkF2D1EDB6=0.1 0
unkF4451D31=1 1 1 1
unkF793D9D1=0 0
unkF793D9D2=1 360
unkF811E952=0 0
unkF811E953=1 360
unkF88FF8D3=0 0
unkF88FF8D4=1 360
