[System]
GroupPart2Importance=High
GroupPart3=chain_02
SimulateEveryFrame=1

[chain_02]
e-life=8
e-linger=0
e-local-orient=1
e-rate=1
e-tilesize=0 160 1
e-tilesizeYP1=0 1
e-tilesizeYP2=1 1.2000000000000002
p-bindtoemitter=1
p-colorscale=1 1
p-colortype=1 3
p-frameRate=0
p-life=5
p-linger=0
p-numframes=1
p-offset=0 0 0
p-quadrot=90 0 0
p-scale=80 1 1
p-startframe=0
p-texdiv=1 1
p-texture=TEMP_UrgotChain.tga
p-type=6
p-uvscroll-rgb=-3.5 0
pass=20
rendermode=1
single-particle=1

[UNKNOWN_HASHES]
unk0D5CDEB4=-1 -10
unk148BF768=0.5 1
unk16F92FB0=1 1
unk301CA9C6=1
unk3079FA70=1
unk34C30A82=5
unk3B1BA821=85 1 1
unk40DADCCD=8
unk46CA35C3=8
unk514A725A=0 1
unk514A725B=1 1.2000000000000002
unk542148B1=1
unk5423E205=0
unk56653D42=1
unk5C3DD2C3=6
unk651D0560=0 150 1
unk694DE322=1
unk7D89D09B=1
unk88E29AD7=0
unk8AA53E0C=0
unk931778DC=0 0 0
unkA17305EA=90 0 0
unkA3B70494=0
unkA579A7C9=0
unkADEBE299=0 0 0
unkB0E48B00=6
unkB6F10CD7=1 3
unkBF1C2E59=1
unkC1517C32=lightning_seq_08.tga
unkC55481B5=chain_magic_04.tga
unkC74AF30D=1 1
unkC85FFF24=90 1 1
unkD3E2CED8=1
unkDD667267=0
unkE01C5245=1
unkEC342490=10000
unkF0352031=0
unkF256696D=1
unkF413FE64=30
unkFC24C5F3=4 2
unkFF7A9074=1
