[System]
GroupPart3=frostspeed
GroupPart3Importance=High
GroupPart3Type=Simple
SimulateEveryFrame=1

[frostspeed]
e-life=1
e-local-orient=1
e-rate=4
p-bindtoemitter=1 1
p-colorscale=1 1
p-colortype=1 3
p-life=5
p-linger=5
p-local-orient=1
p-numframes=4
p-offset=0 0 1
p-offsetZP1=0 40
p-offsetZP2=1 -40
p-quadrot=45
p-quadrotP1=0 0
p-quadrotP2=1 360
p-randomstartframe=1
p-rgba=color-darkpath32.tga
p-rotvel=0
p-rotvelP1=0 0
p-rotvelP2=0 0
p-rotvelP3=0 0
p-rotvelP4=0 0
p-scale=275
p-shadow=0
p-simpleorient=2
p-startframe=0
p-texdiv=2 2
p-texture=darkpathfrost32.tga
p-type=1
p-vel=0 0 1
p-velZP1=0 -20
p-velZP2=1 20
pass=-10
rendermode=1
single-particle=1

[UNKNOWN_HASHES]
unk02F883AB=0 -100
unk02F883AC=0.5 -50
unk02F883AD=0.5099999904632568 50
unk02F883AE=1 100
unk05008B3C=color-smoke32_07.tga
unk0E3604F3=25
unk0E87883F=1
unk136E092A=0 0.8
unk136E092B=1 1.5
unk1446BEBE=0 10
unk1446BEBF=1 30
unk156ECAF5=0 0 0 0 255
unk156ECAF6=0.1226667 255 255 255 255
unk156ECAF7=0.2370705 211 255 212 255
unk156ECAF8=0.3477372 166 255 154 255
unk156ECAF9=0.7173334 0 255 0 255
unk156ECAFA=1 0 0 0 255
unk1E5411E0=0 -100
unk1E5411E1=1 100
unk1F5030E2=0 -100
unk1F5030E3=1 100
unk2287DA65=0 10
unk2287DA66=1 30
unk3158AAD2=0 0
unk3158AAD3=0.7000000000000001 0.8
unk3158AAD4=1 0.2
unk3254CBF0=0 0
unk333DD0A4=1
unk372D9D1F=1 1 1
unk3B02C3E7=4
unk3DF30E44=0 -100
unk3DF30E45=0.5 -50
unk3DF30E46=0.5099999904632568 50
unk3DF30E47=1 100
unk3F99C679=0 0
unk3F99C67A=0.7000000000000001 0.8
unk3F99C67B=1 0.2
unk4174DE23=0 0.25
unk4174DE24=1 0.85
unk47ADBFD6=1.5
unk49D941D3=0.1
unk4A5A51E9=0.6
unk4CBECA37=0 0 1
unk4E6893C3=0 0.8
unk4E6893C4=1 1.5
unk4FBC5362=100
unk5129B223=0 0 0 0
unk5129B224=1 0 0 180
unk51E29DDB=10 10 10
unk56722434=3.5
unk56BB9D58=1
unk576FBDA9=0
unk586A9AC9=0 0
unk58B2FD40=1
unk5E86CA37=0 1
unk5E86CA38=0.4 1
unk5E86CA39=1 0
unk5F871E2B=0 0
unk5F871E2C=1 360
unk6001917D=1
unk60831661=alpha_02_fade.tga
unk69B89018=10
unk6E7F169E=0 0
unk6E7F169F=1 1
unk6EFD261F=0 0
unk6EFD2620=1 3
unk722827B8=1 1 1
unk81972FAD=0
unk82B459B9=0 -100
unk82B459BA=1 100
unk83B078BB=0 -100
unk83B078BC=1 100
unk8490B18E=1
unk86D3087B=0
unk8895ABB0=0
unk893EFBC3=1
unk9107E680=1 50 1
unk926A52AE=1 1
unk9780176A=1
unkA26CA2C0=0 -40 0
unkA6E1F459=0 -40 0
unkAD20778E=blue_buf_05.tga
unkB66D1B28=0
unkBB619335=AbsoluteZero05.tga
unkBC91BA46=0
unkC1CD9314=0
unkC3903649=0
unkC3E76604=0 0
unkC3E76605=1 360
unkCC027119=1 50 1
unkD448C085=0 0.15
unkD448C086=1 1
unkD4F87901=0 0
unkD4F87902=1 360
unkDA4E96F3=mana_flare_01.tga
unkDDD8D902=0.45
unkE14DA790=0 0 1
unkE9F0AB4D=3.5
unkEED7C6C4=0.4
unkF4019D7A=alpha_02_fade.tga
unkF51C8BC2=0
unkF808547A=1
unkFAEF990F=0.2
unkFD371731=5
