[DustCloud]
e-life=0.5
e-linger=0
e-local-orient=1
e-rate=150
e-rotation1=1
e-rotation1-axis=0 0 1
e-rotation2=1
e-rotation2-axis=0 1 0
e-rotation2P1=0 0
e-rotation2P2=1 360
e-uvoffset=0 1
e-uvoffsetYP1=0 0
e-uvoffsetYP2=1 1
p-bindtoemitter=1
p-coloroffset=0.2 0
p-colorscale=0.8 0.1
p-colortype=1 3
p-drag=2 2 2
p-life=2
p-lifeP1=0 0.5
p-lifeP2=1 1.5
p-postoffset=0 -50 0
p-quadrot=1 0 0
p-quadrotXP1=0 -120
p-quadrotXP2=1 120
p-rgba=color-bellramp32.tga
p-rotvel=10 0 0
p-rotvelXP1=0 -1
p-rotvelXP2=1 1
p-scale=30 30 0
p-scaleXP1=0 1
p-scaleXP2=1 1.2000000000000002
p-texture=TowerDust32.tga
p-uvscroll-no-alpha=1
p-uvscroll-rgb=0 0.4
p-uvscroll-rgbYP1=0 0
p-uvscroll-rgbYP2=1 1
p-vecalign=1
p-vel=500 400 0
p-vel1=0 0.1 1 0
p-vel2=1 2 1 0
p-velXP1=0 0.5
p-velXP2=1 1
p-xscale1=0 1 1 0
p-xscale2=0.2 2 2 0
p-xscale3=1 4 4 0
pass=1
rendermode=1
uniformscale=1

[DustCloudAnim]
e-life=0.7000000000000001
e-linger=-1
e-local-orient=0
e-rate=20
e-rotation1=1
e-rotation1-axis=0 1 0
e-rotation1P1=0 50
e-rotation1P2=1 130
p-bindtoemitter=1
p-coloroffset=0 0
p-colorscale=1 1
p-colortype=1 0
p-drag=2 2 2
p-frameRate=60
p-life=1.059999942779541
p-numframes=64
p-offset=150 1 0
p-offsetYP1=0 0
p-offsetYP2=1 100
p-postoffset=0 100 0
p-quadrot=1 0 0
p-quadrotXP1=0 -30
p-quadrotXP2=1 30
p-rgba=color-dustfade32.tga
p-scale=60 60 0
p-scale1=0 0 0 0
p-scale2=0.5 0 0 0
p-scale3=0.5099999904632568 1 1 0
p-scale4=1 1 1 0
p-scaleXP1=0 1
p-scaleXP2=1 1.2000000000000002
p-startframe=0
p-texdiv=8 8
p-texture=TowerDustAnim32.tga
p-vel=100 0 0
p-velXP1=0 0.6000000000000001
p-velXP2=1 1
p-xscale1=0 1 1 0
p-xscale2=0.2 2 2 0
p-xscale3=1 3 3 0
pass=2
rendermode=1
uniformscale=1

[DustCloudCenter]
e-life=0.25
e-linger=0
e-local-orient=0
e-rate=20
e-rotation1=1
e-rotation1-axis=1 0 0
e-rotation1P1=0 40
e-rotation1P2=1 80
e-rotation2=90
e-rotation2-axis=0 1 0
p-bindtoemitter=1
p-coloroffset=0.2 0
p-colorscale=0.8 0.1
p-colortype=1 3
p-drag=2 2 2
p-life=2
p-lifeP1=0 1
p-lifeP2=1 1.2000000000000002
p-postoffset=0 100 -50
p-quadrot=1 0 0
p-quadrotXP1=0 0
p-quadrotXP2=1 360
p-rgba=color-bellramp32.tga
p-scale=60 60 0
p-scaleXP1=0 1
p-scaleXP2=1 1.2000000000000002
p-texture=TowerDust32.tga
p-vel=0 0 300
p-velZP1=0 -1
p-velZP2=1 1
p-worldaccel=0 10 0
p-worldaccelYP1=0 0
p-worldaccelYP2=1 1
p-xscale1=0 1 1 0
p-xscale2=0.2 2 2 0
p-xscale3=1 5 5 0
pass=2
rendermode=1
uniformscale=1

[Shadow]
e-life=1
e-linger=0
e-local-orient=0
e-rate=1
p-bindtoemitter=1 1
p-colorscale=1 0.5
p-colortype=1 0
p-life=2.5
p-projection-fading=200
p-projection-y-range=5
p-quadrot=1
p-rgba=color-bellramp.tga
p-scale=300
p-texture=towerdustshadow.tga
p-type=7
p-xscale1=0 0
p-xscale2=0.5 1.3
p-xscale3=1 2
pass=-1
rendermode=2
single-particle=1

[System]
GroupPart1=DustCloud
GroupPart2=DustCloudCenter
GroupPart3=Shadow
GroupPart3Type=Simple
GroupPart4=DustCloudAnim
PersistThruDeath=1
SimulateEveryFrame=1
group-vis=5000

