[System]
GroupPart1=skull
GroupPart1Type=Complex

[skull]
e-life=10
e-linger=0
e-local-orient=0
e-rate=1
e-rgba=255 255 255 255
p-bindtoemitter=1 1
p-frameRate=8
p-life=10
p-linger=0
p-numframes=4
p-offset=0 140 0
p-quadrot=50 0 90
p-scale=40 40 40
p-startframe=0
p-texdiv=2 2
p-texture=poisonskulls.tga
p-type=1
rendermode=1
single-particle=1

[UNKNOWN_HASHES]
unk0218041F=0.30000000000000004
unk09A48CC8=0 1
unk09A48CC9=1 2
unk0A37F8E6=0 -30
unk0A37F8E7=1 30
unk0E2FD66A=10
unk0F1BBBF1=1
unk13950BAB=1 1
unk1840C897=color-white32.tga
unk2164B74E=0 -30
unk2164B74F=1 30
unk2176424E=10
unk267CF285=0 -600 0
unk2714941E=0
unk276E02B6=0
unk2F4F22A0=0 0.5
unk2F4F22A1=1 1.5
unk3869D601=4
unk47DE9508=0 0.5
unk47DE9509=1 1.5
unk49E66CC7=4
unk4C610EB4=0 0
unk4C610EB5=0.4 1
unk4C610EB6=0.8 1
unk4C610EB7=1 0
unk4EAC86E9=0 0 1
unk4F969469=4
unk512C92E6=0
unk54BDC505=0
unk54DA465F=4
unk62625247=1
unk64B12ACD=2 2
unk64F0811C=0 0
unk64F0811D=0.4 1
unk64F0811E=0.8 1
unk64F0811F=1 0
unk70EEB12A=1 1
unk79CF4E75=0
unk7A48BEDD=0
unk7D098C19=0
unk7E0A0060=0 1
unk7E0A0061=1 2
unk7E39849D=0
unk8322C85E=0 140 0
unk854A6213=1 1
unk873E6A1E=0 10 0
unk99D8DE4E=0
unk9C79207E=0 0
unk9C79207F=1 360
unkA05D2AE6=0 -45
unkA05D2AE7=0.5 -45
unkA05D2AE8=0.5099999904632568 45
unkA05D2AE9=1 45
unkA4475FA5=1
unkB338D33D=1
unkBCD6D20D=1
unkBF3E3912=1 0
unkC13BAD8B=Gravity
unkC51FB7F3=Gravity
unkC828DB70=poisondrops.tga
unkCA6591A5=1
unkD66AF77A=1 0
unkD89C4487=0.30000000000000004
unkDEC1B74E=0
unkE01779DF=1
unkE0AFBA84=0 -1
unkE0AFBA85=0.5 -0.5
unkE0AFBA86=0.5009999871253967 0.5
unkE0AFBA87=1 1
unkE0B84DD8=poisondrops.tga
unkE4B416D2=10
unkE5B39EA2=0
unkEEC508FF=color-white32.tga
unkF04BB735=2 2
unkF16EFFB1=0
unkF58DA3F6=0 140 0
unkF7FA82B6=3
unkF82BC459=1
unkFBA3DDB6=0 30 0
unkFCA44351=0 0 1
unkFCE05D0A=0
unkFE83D592=1 1
