[System]
GroupPart1=trail
SimulateEveryFrame=1

[trail]
e-life=1000000
e-local-orient=0
e-rate=60
e-tilesize=60 -1 0
e-uvscroll=-1 0
p-coloroffset=0 0
p-colorscale=1 1
p-colortype=1 0
p-drag=0 1 0
p-life=2
p-rgba=color-hold.tga
p-scale=20 0 0
p-texdiv=1 1
p-texture=test-dot.tga
p-trailmode=0
p-type=4
p-worldaccel=0 200 0
p-xscale1=0 1 0 0
p-xscale2=0.4 0.30000000000000004 0 0
p-xscale3=0.5 1 0 0
p-xscale4=0.6000000000000001 0.9 0 0
p-xscale5=0.7000000000000001 0.30000000000000004 0 0
p-xscale6=0.9 0 0 0
p-xscale7=1 0 0 0
rendermode=0

