[System]
GroupPart1=flame
GroupPart1Importance=Low
GroupPart1Type=Simple
GroupPart2=molten_rock_02
GroupPart2Importance=High
GroupPart2Type=Simple
GroupPart3=spark_rain
GroupPart3Importance=High
GroupPart3Type=Simple
PersistThruDeath=1

[flame]
e-active=0.05000000074505806
e-life=1
e-period=1
e-rate=100
p-coloroffset=0 0.550000011920929
p-colorscale=1 0.44999998807907104
p-colortype=1 3
p-frameRate=0
p-life=0.30000000000000004
p-lifeP1=0 0.5
p-lifeP2=1 1
p-numframes=1
p-offset=5 5 5
p-offsetXP1=0 -1
p-offsetXP2=1 1
p-offsetYP1=0 -1
p-offsetYP2=1 1
p-offsetZP1=0 -1
p-offsetZP2=1 1
p-postoffset=0 20 0
p-quadrot=1
p-quadrotP1=0 0
p-quadrotP2=1 360
p-rgba=color-incinerate.tga
p-scale=165
p-scaleP1=0 0.3
p-scaleP2=1 1
p-startframe=0
p-texdiv=2 2
p-texture=FireHit.tga
p-type=0
p-xscale=1
p-xscale1=0 0.6
p-xscale2=1 1.1
rendermode=0

[gravity_02]
f-accel=0 -3450 0
f-localspace=0

[gravity_04]
f-accel=0 -2300 0
f-localspace=0

[molten_rock_02]
e-life=0.25
e-linger=0
e-local-orient=0
e-rate=180
e-rotation1=1
e-rotation1-axis=0 0 1
e-rotation1P1=0 0
e-rotation1P2=1 360
e-rotation2=1
e-rotation2-axis=0 1 0
e-rotation2P1=0 0
e-rotation2P2=1 360
field-accel-1=gravity_04
p-bindtoemitter=0 0
p-colorscale=1 1
p-colortype=1 0
p-frameRate=0
p-life=0.25
p-numframes=4
p-offset=1 0 0
p-offsetXP1=0 0
p-offsetXP2=1 20
p-randomstartframe=1
p-rgba=color-hold.tga
p-rotvel=1
p-rotvelP1=0 -1000
p-rotvelP2=1 1000
p-scale=10.5
p-scaleP1=0 0.75
p-scaleP2=0.8 1
p-scaleP3=1 2
p-startframe=0
p-texdiv=2 2
p-texture=DirtBits_fire_glow.tga
p-type=0
p-vel=0 940 0
p-velYP1=0 0.6
p-velYP2=1 0.8
p-xscale=1
p-xscale1=0 1
p-xscale2=0.7 1
p-xscale3=1 0
rendermode=1

[spark_rain]
e-life=0.15000000596046448
e-rate=100
e-rotation1=1
e-rotation1-axis=0 0 1
e-rotation1P1=0 0
e-rotation1P2=1 20
e-rotation2=1
e-rotation2P1=0 0
e-rotation2P2=1 360
field-accel-1=gravity_02
p-bindtoemitter=0 0
p-drag=1 1 1
p-flexoffset=0.004999999888241291
p-life=0.3499999940395355
p-lifeP1=0 0.5
p-lifeP2=1 1.5
p-offset=0 50 0
p-postoffset=0 30 0
p-rgba=color-smoke32_07.tga
p-scale=105
p-scaleP1=0 0.25
p-scaleP2=1 0.85
p-texture=flare-Rainbow_orange_08.tga
p-vecalign=1
p-vel=200 1050 200
p-velYP1=0 0.6499999761581421
p-velYP2=1 1.350000023841858
p-worldaccel=0 -1000 0
p-xscale=1
p-xscale1=0 1
p-xscale2=0.5 0.75
p-xscale3=1 0
rendermode=0

[UNKNOWN_HASHES]
unk267CF285=0 -500 0[Drag]
unk2714941E=0
unk2E1D51F7=1
unk64ACCC9E=0 0 0 0 255
unk64ACCC9F=0.15 255 255 255 255
unk64ACCCA0=0.25 211 255 212 255
unk64ACCCA1=0.35 166 255 154 255
unk64ACCCA2=0.75 0 255 0 255
unk64ACCCA3=1 0 0 0 255
unk8B8B03D1=0 0 0
unk8CE67755=500
