[Firering]
KeywordsExcluded=FirefighterTristana
e-life=1
e-local-orient=1
e-rate=50
e-rotation1=20
e-rotation1-axis=1 0 0
e-rotation2=1
e-rotation2-axis=0 0 1
e-rotation2P1=0 0
e-rotation2P2=1 360
p-bindtoemitter=0
p-bindtoemitter1=0 0.30000000000000004
p-bindtoemitter2=0.30000000000000004 0
p-bindtoemitter3=1 0
p-coloroffset=0 0.5
p-colorscale=1 0.5
p-colortype=1 3
p-drag=1.2000000000000002 1.2000000000000002 1.2000000000000002
p-dragXP1=0 0.9
p-dragXP2=1 1
p-dragYP1=0 0.9
p-dragYP2=1 1
p-dragZP1=0 0.9
p-dragZP2=1 1
p-life=1
p-lifeP1=0 0.9
p-lifeP2=1 1.1
p-local-orient=1
p-numframes=12
p-offset=0 0 50
p-postoffset=0 20 0
p-quadrot=1 1 1
p-quadrotXP1=0 0
p-quadrotXP2=1 360
p-quadrotYP1=0 0
p-quadrotYP2=1 360
p-randomstartframe=1
p-rgba=color-summonerdot.tga
p-scale=10 10 10
p-scaleXP1=0 1
p-scaleXP2=1 2
p-startframe=0
p-texdiv=4 4
p-texture=summoner_dot.tga
p-type=0
p-vel=0 0 200
p-velZP1=0 0.9
p-velZP2=1 1.1
p-xscale1=0 0 0 0
p-xscale2=0.1 1 2 1
p-xscale3=0.8 1 1 1
p-xscale4=1 0 0 0
rendermode=0
single-particle=1

[Flash]
e-life=1
e-rate=3
p-bindtoemitter=1 1
p-colorscale=1 1
p-colortype=1 0
p-frameRate=0
p-life=0.1
p-numframes=1
p-offset=0 0 50
p-quadrot=1
p-quadrotP1=0 0
p-quadrotP2=1 360
p-rgba=color-rampdown.tga
p-scale=200
p-startframe=0
p-texdiv=2 3
p-texture=TristanaShot.tga
p-type=0
p-xscale1=0 1
p-xscale2=1 0.5
rendermode=0
single-particle=1

[System]
GroupPart1=Flash
GroupPart1Type=Simple
GroupPart2Type=Simple
GroupPart3=Firering
GroupPart4Type=Simple
GroupPart5Importance=Medium
GroupPart5Type=Simple
GroupPart6Importance=High
GroupPart6Type=Simple

[UNKNOWN_HASHES]
unk01458D2C=SparksNoise_02
unk01AED73C=4
unk0A91428B=0
unk0AA4ADCF=0 1
unk0AA4ADD0=1 2
unk0F14626A=flames02.tga
unk158DD9CE=1
unk1A25EE6C=0 0 600
unk1FDC390E=2.5
unk2690537F=Drag
unk27B699E3=0 1
unk27B699E4=0.9 1
unk27B699E5=1 0
unk310D7FFB=1
unk40CBE05A=0 0
unk42CEB9B0=1
unk48EAA69F=0
unk531F84A4=20 20 20
unk556FDDF7=SparksNoise
unk56293696=0
unk5D5289CD=0
unk6533452A=0
unk6F68232F=25 25 25
unk7106DDA3=1 0.6000000000000001
unk763AA99A=0 1
unk763AA99B=1 2
unk8E6FC20D=2
unk916C2A59=2
unk934C95AE=0 1
unk934C95AF=0.9 1
unk934C95B0=1 0
unk99F10AC7=4
unk9A879458=0.4
unkA37E669F=flames02.tga
unkA4988685=color-addflame.tga
unkADCE003C=200
unkB7E1E30C=1 0
unkBC2CD1BB=2 3
unkBED2870A=Drag
unkC1A89695=0 -1
unkC1A89696=1 1
unkC226A616=0 -1
unkC226A617=1 1
unkC2A4B597=0 -1
unkC2A4B598=1 1
unkC49947A1=0 0 700
unkC51021CF=0 0.2
unkC51021D0=1 1.5
unkC9A31CC1=1 0
unkD369D04A=0 -1
unkD369D04B=1 1
unkD3E7DFCB=0 -1
unkD3E7DFCC=1 1
unkD426CE6E=1
unkD465EF4C=0 -1
unkD465EF4D=1 1
unkD585A74E=0 0.2
unkD585A74F=0.8999999761581421 0.25
unkD585A750=1 0.4
unkD8757046=2 3
unkD8C4AA18=1 0.6000000000000001
unkDA07B618=0.35
unkDB5BB063=1
unkDE57489C=0
unkE158C05A=0 0.1
unkE158C05B=1 2.5
unkE61F8863=0.15000000596046448
unkE79E92D8=0
unkE8C47BA5=1 1
unkF0188251=0
unkF0307A90=color-addflame.tga
unkF1CE45D9=0 0.2
unkF1CE45DA=0.8999999761581421 0.25
unkF1CE45DB=1 0.4
unkF5A5D06F=0 -30 0
unkF9453B43=1
unkF965F447=850
