[Body]
e-life=-1
e-linger=0
e-local-orient=1
e-rate=1
p-backfaceon=1
p-bindtoemitter=1 1
p-life=1
p-linger=0
p-local-orient=1
p-mesh=TT_Ghost_Body_Geo_01.sco
p-meshtex=TT_Ghost_Base.tga
p-postoffset=0 450 0
p-quadrot=-90 -90 0
p-scale=400 400 400
p-shadow=0
p-type=3
p-vel=0 50 0
p-xrgba=1 1 1 1
p-xrgba1=0 1 1 1 0
p-xrgba2=0.25 1 1 1 0.5
p-xrgba3=1 1 1 1 0
pass=20
rendermode=0
single-particle=1
uniformscale=1

[Ghost_Wings]
e-life=1
e-linger=0
e-rate=60
e-uvoffset=1 1
e-uvoffsetXP1=0 0
e-uvoffsetXP2=1 1
e-uvoffsetYP1=0 0
e-uvoffsetYP2=1 1
p-backfaceon=1
p-bindtoemitter=1 1
p-life=0.5
p-lifeP1=0 1
p-lifeP2=1 2
p-linger=0
p-mesh=Varus_Wings.sco
p-meshtex=Varus_Asc_Wings.tga
p-offset=0 1 0
p-offset1=0 0 1 0
p-offset2=1 0 100 0
p-postoffset=0 450 0
p-quadrot=0 -90 90
p-scale=300 200 200
p-scaleXP1=0 0.8
p-scaleXP2=1 1.2000000000000002
p-scaleZP1=0 1
p-scaleZP2=1 1.5
p-shadow=0
p-type=3
p-uvscroll-no-alpha=1
p-uvscroll-rgb=-0.2 0
p-uvscroll-rgbXP=1 2
p-uvscroll-rgbXP1=0 1
p-uvscroll-rgbYP1=0 1
p-uvscroll-rgbYP2=1 2
p-vecalign=1
p-vel=100 -100 0
p-velXP1=0 -1
p-velXP2=1 1
p-velYP1=0 -1
p-velYP2=1 1
p-xrgba=0.05 0.4 0.5 1
p-xrgba1=0 1 1 1 0
p-xrgba2=0.25 1 1 1 1
p-xrgba3=0.75 1 1 1 0.5
p-xrgba4=1 1 1 1 0
p-xscale1=0 0 0 0
p-xscale2=0.23000000417232513 0.7279999852180481 0.7279999852180481 0.7279999852180481
p-xscale3=0.3569999933242798 0.8659999966621399 0.8659999966621399 0.8659999966621399
p-xscale4=0.492000013589859 0.9110000133514404 0.9110000133514404 0.9110000133514404
p-xscale5=0.6990000009536743 0.9649999737739563 0.9649999737739563 0.9649999737739563
p-xscale6=1 1 1 1
rendermode=4
single-particle=1

[Hair]
e-life=0.1
e-linger=0
e-local-orient=1
e-rate=3
e-uvoffset=1 0
e-uvoffsetXP1=0 0
e-uvoffsetXP2=1 1
p-backfaceon=1
p-bindtoemitter=1 1
p-life=1
p-linger=0
p-local-orient=1
p-mesh=TT_Ghost_Hair_Geo_01.sco
p-meshtex=TT_Ghost_Hair.tga
p-offset=0 100 0
p-offsetYP1=0 -1
p-offsetYP2=1 1
p-postoffset=0 450 0
p-quadrot=-90 -90 0
p-scale=300 300 300
p-scaleXP1=0 1
p-scaleXP2=1 3
p-shadow=0
p-type=3
p-uvscroll-no-alpha=1
p-uvscroll-rgb=0 -0.2
p-uvscroll-rgbXP1=0 1
p-uvscroll-rgbXP2=1 2
p-uvscroll-rgbYP=1 2
p-uvscroll-rgbYP1=0 1
p-vel=0 50 0
p-xrgba=0.05 0.4 0.5 1
p-xrgba1=0 1 1 1 0
p-xrgba2=0.25 1 1 1 1
p-xrgba3=0.75 1 1 1 0.5
p-xrgba4=1 1 1 1 0
p-xscale1=0 0 0 0
p-xscale2=0.23000000417232513 0.7279999852180481 0.7279999852180481 0.7279999852180481
p-xscale3=0.3569999933242798 0.8659999966621399 0.8659999966621399 0.8659999966621399
p-xscale4=0.492000013589859 0.9110000133514404 0.9110000133514404 0.9110000133514404
p-xscale5=0.6990000009536743 0.9649999737739563 0.9649999737739563 0.9649999737739563
p-xscale6=1 1 1 1
pass=100
rendermode=4
single-particle=1
uniformscale=1

[Rays]
e-life=0.1
e-rate=20
p-life=1
p-linger=0
p-postoffset=0 450 0
p-quadrot=360 360 360
p-quadrotXP1=0 -1
p-quadrotXP2=1 1
p-quadrotYP1=0 -1
p-quadrotYP2=1 1
p-quadrotZP1=0 -1
p-quadrotZP2=1 1
p-rgba=Color-Hold.tga
p-rotvel=0 20 0
p-rotvelYP1=0 -1
p-rotvelYP2=0.5 -1
p-rotvelYP3=0.5099999904632568 1
p-rotvelYP4=1 1
p-scale=600 600 50
p-simpleorient=2
p-texture=Light_Rays_01.tga
p-type=2
p-xrgba=0.05 0.4 0.5 0.25
p-xrgba1=0 1 1 1 0
p-xrgba2=0.25 1 1 1 1
p-xrgba3=0.75 1 1 1 0.5
p-xrgba4=1 1 1 1 0
pass=30
rendermode=4
single-particle=1

[System]
GroupPart1=Body
GroupPart2=Hair
GroupPart3=Ghost_Wings
GroupPart4=Rays
SimulateEveryFrame=1

