[System]
GroupPart1=Web_01
GroupPart1Importance=High
SimulateEveryFrame=1

[Web_01]
e-life=10
e-linger=0
e-rate=20
p-bindtoemitter=1
p-frameRate=0
p-life=1
p-lifeP1=0 1
p-lifeP2=1 1.25
p-linger=0
p-mesh=TT_Spider_Web_AOE.sco
p-meshtex=TT_Spider_Web_AOE.tga
p-numframes=4
p-postoffset=0 425 0
p-quadrot=0 1 0
p-quadrotYP1=0 10
p-quadrotYP2=0.2 10
p-quadrotYP3=0.4 -40
p-quadrotYP4=0.6 -40
p-quadrotYP5=0.8 -85
p-quadrotYP6=1 -85
p-randomstartframe=1
p-scale=300 300 300
p-startframe=0
p-texdiv=4 1
p-type=3
p-xscale1=0 0 0 0
p-xscale2=0.15199999511241913 0.7609999775886536 0.9079999923706055 0.8529999852180481
p-xscale3=0.21299999952316284 0.8669999837875366 0.9300000071525574 0.8880000114440918
p-xscale4=0.25999999046325684 0.8849999904632568 0.9589999914169312 0.9760000109672546
p-xscale5=0.3109999895095825 0.9739999771118164 0.9549999833106995 0.9860000014305115
p-xscale6=0.38100001215934753 0.8980000019073486 0.9679999947547913 0.9110000133514404
p-xscale7=0.5170000195503235 0.9819999933242798 0.9100000262260437 0.8859999775886536
p-xscale8=0.5789999961853027 0.9290000200271606 0.9559999704360962 0.9200000166893005
p-xscale9=0.625 0.9449999928474426 0.9139999747276306 0.9879999756813049
pass=100
rendermode=1
single-particle=1

[UNKNOWN_HASHES]
unk491E572C=0.7110000252723694 0.9869999885559082 0.8999999761581421 0.9459999799728394
unk491E572D=0.8429999947547913 0.9670000076293945 0.9779999852180481 0.9319999814033508
unk491E572E=1 0.004 0 0
unkA3D172BE=1
