[Cocoon]
e-life=1
e-linger=0
e-local-orient=1
e-rate=5
e-uvoffset=1 1
e-uvoffsetXP1=0 0
e-uvoffsetXP2=1 1
e-uvoffsetYP1=0 0
e-uvoffsetYP2=1 1
p-backfaceon=1
p-bindtoemitter=1
p-flexoffset=0.005
p-flexscale=0.005
p-life=0.5
p-mesh=Sphere_01.sco
p-meshtex=TT_SpiderSpit.tga
p-offset=20 20 20
p-offsetXP1=0 -1
p-offsetXP2=1 1
p-offsetYP1=0 -2
p-offsetYP2=1 2
p-offsetZP1=0 -1
p-offsetZP2=1 1
p-scale=3 3 3
p-scaleXP1=0 1
p-scaleXP2=1 2
p-scaleYP1=0 1
p-scaleYP2=1 2
p-scaleZP1=0 1
p-scaleZP2=1 2
p-type=3
p-uvscroll-rgb=0.25 0.25
p-uvscroll-rgbXP1=0 -1
p-uvscroll-rgbXP2=1 1
p-uvscroll-rgbYP1=0 -1
p-uvscroll-rgbYP2=1 1
p-xrgba=1 1 1 1
p-xrgba1=0 1 1 1 1
p-xrgba2=0.2 1 1 1 1
p-xrgba3=1 1 1 1 0
p-xscale1=0 0.5 0.5 0.5
p-xscale2=0.23000000417232513 0.7279999852180481 0.7279999852180481 0.7279999852180481
p-xscale3=0.3569999933242798 0.8659999966621399 0.8659999966621399 0.8659999966621399
p-xscale4=0.492000013589859 0.9110000133514404 0.9110000133514404 0.9110000133514404
p-xscale5=0.6990000009536743 0.9649999737739563 0.9649999737739563 0.9649999737739563
p-xscale6=1 1 1 1
rendermode=1

[Cocoon_Instant]
e-life=0.1
e-linger=0
e-local-orient=1
e-rate=5
e-uvoffset=1 1
e-uvoffsetXP1=0 0
e-uvoffsetXP2=1 1
e-uvoffsetYP1=0 0
e-uvoffsetYP2=1 1
p-backfaceon=1
p-bindtoemitter=0
p-flexoffset=0.005
p-flexscale=0.005
p-life=0.5
p-mesh=Sphere_01.sco
p-meshtex=TT_SpiderSpit.tga
p-offset=20 20 20
p-offsetXP1=0 -1
p-offsetXP2=1 1
p-offsetYP1=0 -1
p-offsetYP2=1 1
p-offsetZP1=0 -1
p-offsetZP2=1 1
p-scale=3 3 3
p-scaleXP1=0 1
p-scaleXP2=1 2
p-scaleYP1=0 1
p-scaleYP2=1 2
p-scaleZP1=0 1
p-scaleZP2=1 2
p-type=3
p-uvscroll-rgb=0.25 0.25
p-uvscroll-rgbXP1=0 -1
p-uvscroll-rgbXP2=1 1
p-uvscroll-rgbYP1=0 -1
p-uvscroll-rgbYP2=1 1
p-xrgba=1 1 1 1
p-xrgba1=0 1 1 1 0
p-xrgba2=0.2 1 1 1 1
p-xrgba3=1 1 1 1 0
rendermode=1
single-particle=1

[Flash]
e-life=1
e-linger=0
e-local-orient=0
e-rate=1
p-bindtoemitter=1 1
p-flexoffset=0.005
p-flexscale=0.005
p-life=0.2
p-linger=0.2
p-rgba=color-rampdown.tga
p-scale=230
p-texture=Flare-omnimax.tga
p-type=0
p-xscale1=0 1
p-xscale2=1 0
rendermode=0
single-particle=1

[System]
GroupPart1=Flash
GroupPart1Type=Simple
GroupPart3=Cocoon_Instant
GroupPart4=Cocoon
SimulateEveryFrame=1

[UNKNOWN_HASHES]
unk52E0AC7B=0.5 0.5
unkEF52FC3D=0.5 0.5
