[System]
GroupPart1=core
GroupPart1Type=Simple
GroupPart2=reddots
GroupPart2Type=Simple
GroupPart3=red
GroupPart3Type=Simple
SimulateEveryFrame=1

[core]
e-rate=1
p-bindtoemitter=1 1
p-colorscale=1 0
p-colortype=1 1
p-frameRate=0
p-life=5
p-linger=0
p-numframes=1
p-offset=0 0 0
p-rgba=color-hold.tga
p-rotvel=60
p-scale=80
p-startframe=1
p-texdiv=2 2
p-texture=turret_mis.tga
p-vel=0 0 0
single-particle=1

[red]
e-rate=120
p-bindtoemitter=0 0
p-coloroffset=0.8 0
p-colorscale=0.2 0.2
p-colortype=1 1
p-frameRate=0
p-life=0.5
p-lifeP1=0 1
p-lifeP2=0.8 1
p-lifeP3=1 2
p-linger=0
p-numframes=1
p-offset=0 50 0
p-offsetYP1=0 -1
p-offsetYP2=1 0
p-quadrot=1
p-quadrotP1=0 0
p-quadrotP2=1 360
p-rgba=color-turretcrystal.tga
p-scale=30
p-startframe=2
p-texdiv=2 2
p-texture=turret_mis.tga
p-vel=0 0 0
p-xscale1=0 1
p-xscale2=1 0.1

[reddots]
e-rate=120
p-bindtoemitter=0 0
p-coloroffset=0.8 0
p-colorscale=0.2 0.2
p-colortype=1 1
p-frameRate=0
p-life=0.5
p-linger=0
p-numframes=1
p-offset=0 50 0
p-offsetYP1=0 -1
p-offsetYP2=1 0
p-quadrot=1
p-quadrotP1=0 0
p-quadrotP2=1 360
p-rgba=color-turretcrystal.tga
p-scale=60
p-startframe=3
p-texdiv=2 2
p-texture=turret_mis.tga
p-vel=0 0 0

[UNKNOWN_HASHES]
unk1C1C7DBA=0.25
unk23715576=0.7000000000000001 0
unk294EC9F0=1
unk2A9B59EC=12
unk2CDCFF01=-1
unk2DA56C46=0 0 1
unk32035328=0 0
unk32035329=1 1
unk32454232=color-firemissile.tga
unk328162A9=0 0
unk328162AA=1 1
unk32FF722A=0 0
unk32FF722B=1 1
unk354F39D1=3 3 3
unk3B7ABBE9=100
unk3BAC1245=1 0.4
unk459001FC=0.5
unk4A1D7CB2=1
unk4D3045BB=disintegrate02.tga
unk559DC538=0.9 0
unk5BB8C674=color-firemissile.tga
unk5ECE0A2A=2 3
unk62AB1387=1 0.5
unk64EE402B=120
unk67334ABD=0 0
unk67334ABE=1 1
unk6DFEF87D=disintegrate02.tga
unk73365F73=0 0
unk73365F74=1 360
unk7826DFBD=0 0.8
unk7826DFBE=1 2
unk7C19C808=1
unk7C19C809=1
unk80165FC9=0 0
unk80165FCA=1 360
unk80946F4A=0 0
unk80946F4B=1 360
unk881F2DDD=1 3
unk8B9540AB=4
unk91E5E166=0 0
unk91E5E167=1 1
unk9263F0E7=0 0
unk9263F0E8=1 1
unk92E20068=0 0
unk92E20069=1 1
unk9BE673B2=1
unk9E5C86E8=2 3
unkB4568CEB=0 0.30000000000000004
unkB4568CEC=1 1
unkBAC8E6F6=0 0.5
unkD16878FF=0 1
unkD1687900=0.5 1
unkD1687901=1 0
unkD318EDB1=0 0
unkD318EDB2=1 360
unkD5253FAD=0 0.9
unkD5253FAE=1 1.1
unkDB74F070=1
unkE0CBC2BD=0 40 0
unkE24AE62A=6
unkED4E8243=-1
unkF2372BC1=0 0.4
unkF2372BC2=0.5 1.5
unkF2372BC3=0.7000000000000001 0.8
unkF2372BC4=0.949999988079071 0.4000000059604645
unkF2372BC5=1 0.2
unkF5C0BD13=5 5 5
