[System]
GroupPart1=purple_platform
GroupPart1Importance=High
SimulateEveryFrame=1
group-vis=100000

[purple_platform]
e-life=-1
e-local-orient=0
e-rate=0.25
e-rgba=255 255 255 255
p-bindtoemitter=1 1
p-life=4
p-mesh=Tutorial_purple_platform_runes.sco
p-meshtex=rune_platform_tutorial32.tga
p-offset=0 -28 0
p-quadrot=0 180 0
p-scale=1.0399999618530273 1 1.0399999618530273
p-type=3
p-xrgba1=0 1 0.8 1 1 1
p-xrgba2=0.1 1 0.7 1 1
p-xrgba3=0.3 1 0.5 1 1
p-xrgba4=0.7 1 0.5 1 1
p-xrgba5=0.9 1 0.7 1 1 1
p-xrgba6=1 1 0.8 1 1 1
pass=-100
rendermode=1

