[UNKNOWN_HASHES]
unk02272AF8=2
unk1FAC39C4=1 0 0
unk216331E8=0 1
unk216331E9=0.2 1.8
unk216331EA=1 2.2
unk2A8BA40D=0 1
unk2A8BA40E=1 2
unk39461F05=1 0.2
unk3B7BCBC1=0
unk3F0DB74E=2
unk43EE0691=0 20 0
unk580B8F01=0 0 0 0
unk580B8F02=1 1.3717410564422607 0 0
unk5BBC33CB=0 0
unk5BBC33CC=1 1
unk5C3A434C=0 0
unk5C3A434D=1 1
unk5D2FC393=40
unk60B5ADC3=0 1 1 1 1
unk60B5ADC4=0.5 1 1 1 0.6
unk60B5ADC5=1 1 0 0 0
unk63103A53=0.5
unk67BD5D2C=40 0 0
unk6CEE595E=1 0.2
unk6F280C9E=0.05999999865889549
unk782BCDEE=1 1 1 1
unk7938FECB=color-rampdown.tga
unk794982D9=1
unk826E7882=1
unk8605AA7A=0.30000000000000004
unk921D7CC5=0.1
unk9C2E6EF2=color-overload.tga
unk9D2AFEA4=cardhit.tga
unkA4EB20DF=1 1
unkA563E8A9=1000
unkA846413D=255 255 255 255
unkAFF1DFF2=1 1 1
unkB78DFD0A=0
unkB78DFD0B=0
unkB7A1F089=1
unkBB9E15C7=0 0
unkBB9E15C8=1 360
unkBC1C2548=0 0
unkBC1C2549=1 360
unkBC9A34C9=0 0
unkBC9A34CA=1 360
unkBDE511D1=0 30 0
unkD3D35BBD=streak.tga
unkD3F3C21A=0 0
unkD3F3C21B=1 360
unkD8918EAC=0 0.5
unkDDBF0991=1
unkDF31BAD1=1
unkE2694878=1
unkEA13BD30=1 0 0
