[System]
GroupPart1Type=Simple
GroupPart2=cardbunch
GroupPart2Type=Complex
SimulateEveryFrame=1

[cardbunch]
e-life=0.1
e-rate=60
p-bindtoemitter=1
p-coloroffset=0 0
p-colorscale=1 1
p-colortype=1 0
p-frameRate=0
p-life=2
p-linger=0
p-numframes=2
p-offset=1 1 1
p-offsetXP1=0 -5
p-offsetXP2=1 5
p-offsetYP1=0 0
p-offsetYP2=1 10
p-offsetZP1=0 -5
p-offsetZP2=1 5
p-quadrot=360 360 360
p-quadrotXP1=0 0
p-quadrotXP2=1 1
p-quadrotYP1=0 0
p-quadrotYP2=1 1
p-quadrotZP1=0 0
p-quadrotZP2=1 1
p-randomstartframe=1
p-rgba=color-hold.tga
p-rotvel=1000 1000 1000
p-rotvelXP1=0 -1
p-rotvelXP2=0.5 -0.5
p-rotvelXP3=0.5009999871253967 0.5
p-rotvelXP4=1 1
p-rotvelYP1=0 -1
p-rotvelYP2=0.5 -0.5
p-rotvelYP3=0.5009999871253967 0.5
p-rotvelYP4=1 1
p-rotvelZP1=0 -1
p-rotvelZP2=0.5 -0.5
p-rotvelZP3=0.5009999871253967 0.5
p-rotvelZP4=1 1
p-scale=18 12 0
p-shadow=1
p-texdiv=2 1
p-texture=cardmasterjoker.tga
p-type=1
p-vel=20 40 20
p-velXP1=0 -2
p-velXP2=0.20000000298023224 -1
p-velXP3=0.8 1
p-velXP4=1 2
p-velYP1=0 -10
p-velYP2=1 10
p-velZP1=0 -2
p-velZP2=1 2
rendermode=1

[UNKNOWN_HASHES]
unk002A9D45=60
unk04C9FADC=1
unk04EDA21C=0.2
unk05EB575C=0.7000000000000001 0
unk06409C77=1
unk0A4B96E1=-1
unk0D3F187A=0
unk11E58D9B=1
unk12BDD1B1=0 40 0
unk191D9A4A=2 2
unk1B166694=color-rampdown32.tga
unk1C442761=1.5 1
unk1D7D8B1C=playingcard.tga
unk1F01205A=1
unk2420D459=1
unk244BE04B=60
unk2BDDD2BE=1 1
unk2C6A744F=0 -30 60
unk2D417DD6=1
unk2F5403B3=10
unk31679EA7=0 0 700
unk3AEBBF1C=1
unk3DF211E2=1
unk3F797ED6=0.7000000000000001 0
unk40A8CA0C=10 16 1
unk44F08DE5=-1
unk456BE564=0 0 280
unk485F66FD=700
unk4B11059A=0.2
unk4E746F7F=1 1
unk4EB241E2=1
unk504BF01A=playingcard.tga
unk5376A6E6=0.2 0
unk58F4D4A2=-1
unk5CEDDF94=1
unk5F55B5BD=1 1
unk6034DCD2=0 -30 -60
unk6139CA12=color-rampdown32.tga
unk61670F72=0 30 0
unk61DBF05D=0.2
unk67C6D80B=2 2
unk6A6F43C9=60
unk6B3E5233=12
unk6D8F0C0B=10 16 1
unk6DEB55DD=0 1
unk6DEB55DE=1 0.5
unk6E766068=0.2 0
unk6E996056=0 -30 60
unk733FCF90=10 16 1
unk7804B4D5=color-rampdown32.tga
unk7B250554=0 0
unk7BCB1EC8=2 2
unk7EBEA061=1 1
unk8010DC68=700
unk810F229A=1
unk813A2E8C=60
unk82F9F25D=10
unk8416589D=playingcard.tga
unk87485831=1
unk8B6C2D2D=0 1 0
unk90412B57=0.7000000000000001 0
unk927ADC21=playingcard.tga
unk92CD98BC=1 1
unk930341D0=0 -30 -60
unk94152325=0 0 280
unk9A754E0A=10 16 1
unk9BBAC179=-30
unk9DEA25D4=0.7000000000000001 0
unkA79E1263=-1
unkA7FF53DB=0.2
unkA99B6573=1
unkAB758431=1
unkAF749C8C=1.5 1
unkB0104D33=0 20 0
unkB67015CC=1 1
unkB6E4BD9B=playingcard.tga
unkBCE829A1=0.2 0
unkBE1A40E0=0 0 700
unkBE281853=color-rampdown32.tga
unkBECA3E9E=0.2
unkBF9C3D44=cardmastercard.tga
unkC5D1A6CE=0
unkC5F6CA25=0.2 0
unkC6457BBB=1 1
unkC7328618=1
unkC75B9009=10 16 1
unkC75D920A=60
unkCA745C89=2 2
unkCAE210E9=0.5
unkD4F30316=color-rampdown32.tga
unkD7B8F143=1 1
unkDDFD70DB=1
unkDE287CCD=120
unkE0CC5F16=0.2
unkE0F683A7=0.2 0
unkE108D7D8=0.7000000000000001 0
unkE2BE60E6=0 0 280
unkE570596E=1
unkE9B32299=cardmastercard.tga
unkEA92D55E=1
unkECE43161=0.5
unkEEB1D255=0.7000000000000001 0
unkF441D208=12
unkF4797A44=2 2
unkF6475024=-1
unkF6F5238E=color-rampdown32.tga
unkF7AE681D=1
unkF865EFBF=1 1
unkF99C0F51=0 -30 -60
unkFBF63D29=0.2 0
unkFEB98AF4=0 25 0
