[Attract2]
f-accel=1400
f-pos=0 0 -20
f-radius=1000

[Drag]
f-drag=0.7000000000000001
f-pos=0 650 0
f-radius=10000

[Noise]
f-period=2
f-pos=0 1 0
f-radius=10000
f-veldelta=70

[SmokeDrag3]
f-drag=3.5
f-pos=0 0 0
f-radius=1000

[System]
GroupPart1=flies
GroupPart1Importance=Medium
GroupPart1Type=Simple
GroupPart2=stink
GroupPart2Importance=High
GroupPart2Type=Simple

[flies]
e-life=-1
e-linger=0
e-rate=20
e-rotation1=1
e-rotation1-axis=1 0 0
e-rotation1P1=0 0
e-rotation1P2=1 360
e-rotation2=1
e-rotation2-axis=0 1 0
e-rotation2P1=0 0
e-rotation2P2=1 360
field-attract-1=Attract2
field-drag-1=Drag
field-noise-1=Noise
p-bindtoemitter=1 0.5
p-colorscale=1 1
p-colortype=1 3
p-frameRate=8
p-life=1.75
p-lifeP1=0 1
p-lifeP2=0.9 1
p-lifeP3=1 2
p-linger=0
p-numframes=2
p-offset=80 30 30
p-offsetYP1=0 0
p-offsetYP2=1 1
p-postoffset=0 0 0
p-quadrot=0 0 1
p-scale=15
p-scaleP1=0 0.35
p-scaleP2=1 1
p-startframe=2
p-texdiv=2 2
p-texture=beetles_04.tga
p-vel=240 240 240
p-velXP1=0 -1
p-velXP2=0.5 -0.699999988079071
p-velXP3=0.5099999904632568 0.699999988079071
p-velXP4=1 1
p-xscale1=0 0.4
p-xscale2=0.5 1
p-xscale3=1 0
rendermode=1

[stink]
e-life=-1
e-local-orient=0
e-rate=23
e-rotation1=360
e-rotation1-axis=1 0 0
e-rotation1P1=0 0
e-rotation1P2=1 1
e-rotation2=360
e-rotation2-axis=0 1 0
e-rotation2P1=0 0
e-rotation2P2=1 1
field-drag-1=SmokeDrag3
p-bindtoemitter=1 0
p-colorscale=1 0.4
p-colortype=1 0
p-life=1.2000000000000002
p-lifeP1=0 0.75
p-lifeP2=0.800000011920929 0.75
p-lifeP3=1 1
p-offset=22 30 22
p-postoffset=0 5 0
p-quadrot=1
p-quadrotP1=0 0
p-quadrotP2=1 360
p-rgba=color-smoke32_garbage_03.tga
p-rotvel=1
p-rotvelP1=0 -60
p-rotvelP2=1 60
p-scale=85
p-scaleP1=0 0.8
p-scaleP2=1 1.4000000000000001
p-texture=Smoke_02.tga
p-type=0
p-vel=10 15 10
p-velYP1=0 0.35
p-velYP2=1 1.1
p-xscale=1
p-xscale1=0 0.5
p-xscale2=0.5 0.75
p-xscale3=1 1
rendermode=1

[UNKNOWN_HASHES]
unk90F9BDF5=0 1 0
unkC4690725=0
