[System]
GroupPart1=star
GroupPart1Type=Simple

[smoke]
f-drag=7
f-pos=0 0 0
f-radius=2500

[star]
e-life=3
e-rate=200
e-rotation1=1
e-rotation1P1=0 0
e-rotation1P2=1 360
e-timeoffset=0
field-drag-1=smoke
p-bindtoemitter=1 1
p-colortype=1 3
p-fixedorbittype=1
p-life=2
p-lifeP1=0 0.5
p-lifeP2=1 1.2000000000000002
p-offset=0 1 0
p-offsetXP1=0 -1
p-offsetXP2=1 1
p-offsetYP1=0 -50
p-offsetYP2=1 50
p-offsetZP1=0 -1
p-offsetZP2=1 1
p-quadrot=1
p-quadrotP1=0 0
p-quadrotP2=1 180
p-randomstartframe=1
p-rgba=color-unleashthebeast32.tga
p-rotvel=10
p-scale=40
p-texdiv=2 1
p-texture=UnleashtheBeast02.tga
p-vel=800 80 0
p-vel1=0 1.7795560359954834 1.815999984741211 0.7775555849075317
p-vel2=0 1.7795560359954834 1.815999984741211 0.7775555849075317
p-vel3=0 1.7795560359954834 1.815999984741211 0.7775555849075317
p-vel4=0 1.7795560359954834 1.815999984741211 0.7775555849075317
p-vel5=0 1.7795560359954834 1.815999984741211 0.7775555849075317
p-vel6=0 1.7795560359954834 1.815999984741211 0.7775555849075317
p-vel7=0 1.7795560359954834 1.815999984741211 0.7775555849075317
p-vel8=0 1.7795560359954834 1.815999984741211 0.7775555849075317
p-vel9=0 1.7795560359954834 1.815999984741211 0.7775555849075317
p-velXP1=0 0
p-velXP2=0.3259260058403015 0.9268519282341003
p-velXP3=1 1.2224440574645996
p-xscale=1
p-xscale1=0 1.9649250507354736
p-xscale2=0.1555556058883667 2.928852081298828
p-xscale3=0.7407407164573669 2.669332981109619
p-xscale4=1 3.502000093460083
rendermode=1

[UNKNOWN_HASHES]
unkCCF696E7=0.5037037134170532 1.1492960453033447 1.70701003074646 0.8527036905288696
unkCCF696E8=0.5037037134170532 1.1492960453033447 1.70701003074646 0.8527036905288696
unkCCF696E9=0.5037037134170532 1.1492960453033447 1.70701003074646 0.8527036905288696
unkCCF696EA=0.5037037134170532 1.1492960453033447 1.70701003074646 0.8527036905288696
unkCCF696EB=0.5037037134170532 1.1492960453033447 1.70701003074646 0.8527036905288696
unkCCF696EC=0.5037037134170532 1.1492960453033447 1.70701003074646 0.8527036905288696
unkCCF696ED=0.5111110806465149 1.1274880170822144 1.7054070234298706 0.8443490266799927
unkCCF696EE=0.5111110806465149 1.1274880170822144 1.7054070234298706 0.8443490266799927
unkCCF696EF=0.5111110806465149 1.1274880170822144 1.7054070234298706 0.8443490266799927
unkCCF696F0=0.6888889074325562 0.604089081287384 0.6302592158317566 0.643835723400116
unkCCF79726=0.6888889074325562 0.604089081287384 0.6302592158317566 0.643835723400116
unkCCF79727=0.6888889074325562 0.604089081287384 0.6302592158317566 0.643835723400116
unkCCF79728=0.7555555105209351 0.40781480073928833 0.5380609035491943 0.5686432123184204
unkCCF79729=0.7555555105209351 0.40781480073928833 0.5380609035491943 0.5686432123184204
unkCCF7972A=0.7555555105209351 0.40781480073928833 0.5380609035491943 0.5686432123184204
unkCCF7972B=0.7666667103767395 0.4010741114616394 0.5226945281028748 0.5561110973358154
unkCCF7972C=0.7666667103767395 0.4010741114616394 0.5226945281028748 0.5561110973358154
unkCCF7972D=0.7666667103767395 0.4010741114616394 0.5226945281028748 0.5561110973358154
unkCCF7972E=0.9925925731658936 0.2640123963356018 0.2102442979812622 0.22200000286102295
unkCCF7972F=0.9925925731658936 0.2640123963356018 0.2102442979812622 0.22200000286102295
unkCCF89765=0.9925925731658936 0.2640123963356018 0.2102442979812622 0.22200000286102295
unkCCF89766=1 0.25951850414276123 0.20000000298023224 0.22200000286102295
unkCCF89767=1 0.25951850414276123 0.20000000298023224 0.22200000286102295
unkCCF89768=1 0.25951850414276123 0.20000000298023224 0.22200000286102295
unkCCF89769=1 0.25951850414276123 0.20000000298023224 0.22200000286102295
unkCCF8976A=1 0.25951850414276123 0.20000000298023224 0.22200000286102295
unkCCF8976B=1 0.25951850414276123 0.20000000298023224 0.22200000286102295
