[System]
GroupPart1=star
GroupPart1Type=Simple
GroupPart2=flash
GroupPart2Type=Simple

[flash]
e-life=1
e-rate=1
p-life=1
p-offset=0 100 0
p-rgba=color-unleashthebeastflash32.tga
p-scale=150
p-texture=UnleashtheBeast03.tga
p-xscale=1 1 1
p-xscale1=0 1
p-xscale2=0.20370370149612427 3.262518882751465
p-xscale3=1 3.1137781143188477
single-particle=1

[star]
e-life=3
e-rate=30
e-timeoffset=0
p-bindtoemitter=1 1
p-colortype=1 3
p-fixedorbit=1
p-fixedorbittype=1
p-life=2
p-lifeP1=0 0.5
p-lifeP2=1 1.2000000000000002
p-offset=50 50 50
p-offsetXP1=0 -1
p-offsetXP2=1 1
p-offsetYP1=0 -1
p-offsetYP2=1 1
p-offsetZP1=0 -1
p-offsetZP2=1 1
p-quadrot=1
p-quadrotP1=0 0
p-quadrotP2=1 180
p-randomstartframe=1
p-rgba=color-unleashthebeast32.tga
p-rotvel=10
p-scale=65
p-texdiv=2 1
p-texture=UnleashtheBeast02.tga
p-vel=50 50 50
p-vel1=0 1.7795560359954834 1.815999984741211 0.7775555849075317
p-vel2=0 1.7795560359954834 1.815999984741211 0.7775555849075317
p-vel3=0 1.7795560359954834 1.815999984741211 0.7775555849075317
p-vel4=0.5037037134170532 1.1492960453033447 1.70701003074646 0.8527036905288696
p-vel5=0.5037037134170532 1.1492960453033447 1.70701003074646 0.8527036905288696
p-vel6=0.5111110806465149 1.1274880170822144 1.7054070234298706 0.8443490266799927
p-vel7=0.6888889074325562 0.604089081287384 0.6302592158317566 0.643835723400116
p-vel8=0.7555555105209351 0.40781480073928833 0.5380609035491943 0.5686432123184204
p-vel9=0.7666667103767395 0.4010741114616394 0.5226945281028748 0.5561110973358154
p-xscale=1
p-xscale1=0 1.9649250507354736
p-xscale2=0.1555556058883667 2.928852081298828
p-xscale3=0.7407407164573669 2.669332981109619
p-xscale4=1 3.502000093460083
rendermode=1

[UNKNOWN_HASHES]
unk73CD460C=20 20 20
unk92B34957=0
unkCCF696E7=0.9925925731658936 0.2640123963356018 0.2102442979812622 0.22200000286102295
unkCCF696E8=1 0.25951850414276123 0.20000000298023224 0.22200000286102295
unkCCF696E9=1 0.25951850414276123 0.20000000298023224 0.22200000286102295
