[System]
GroupPart1=beam1
GroupPart2=beam2

[beam1]
KeywordsExcluded=CrabUrgot BattlecastUrgot
e-framerate=1
e-framerateP1=0 1
e-framerateP2=1 3
e-life=-1
e-linger=0
e-local-orient=1
e-rate=0.7000000000000001
e-tilesize=0 50 0
e-tilesizeYP1=0 1
e-tilesizeYP2=0.9 3
e-tilesizeYP3=1 4
e-uvoffset=1 0
e-uvoffsetXP1=0 0
e-uvoffsetXP2=1 1
p-bindtoemitter=1
p-coloroffset=0 0
p-colorscale=1 1
p-colortype=1 3
p-frameRate=8
p-life=0.8
p-lifeP1=0 0.2
p-lifeP2=1 1
p-linger=0
p-numframes=3
p-randomstartframe=1
p-rgba=color-greenlightning.tga
p-scale=20 1 1
p-scaleXP1=0 -2
p-scaleXP2=0.5 -1.5
p-scaleXP3=0.5009999871253967 1.5
p-scaleXP4=1 2
p-texdiv=1 3
p-texture=lightning_beam_thick.tga
p-type=6
p-uvscroll-rgb=1 0.5
rendermode=0

[beam2]
KeywordsExcluded=CrabUrgot BattlecastUrgot
e-framerate=1
e-framerateP1=0 1
e-framerateP2=1 3
e-life=-1
e-linger=0
e-local-orient=1
e-rate=1.3
e-tilesize=0 50 0
e-tilesizeYP1=0 1
e-tilesizeYP2=0.9 3
e-tilesizeYP3=1 4
e-uvoffset=1 0
e-uvoffsetXP1=0 0
e-uvoffsetXP2=1 1
p-bindtoemitter=1
p-coloroffset=0 0
p-colorscale=1 1
p-colortype=1 3
p-frameRate=8
p-life=0.8
p-lifeP1=0 0.2
p-lifeP2=1 1
p-linger=0
p-numframes=3
p-randomstartframe=1
p-rgba=color-greenlightning.tga
p-scale=20 1 1
p-scaleXP1=0 -2
p-scaleXP2=0.5 -1.5
p-scaleXP3=0.5009999871253967 1.5
p-scaleXP4=1 2
p-texdiv=1 3
p-texture=lightning_beam_thick.tga
p-type=6
p-uvscroll-rgb=-1 -0.5
rendermode=0

[UNKNOWN_HASHES]
unk034A5CE5=lightning_beam.tga
unk07425E13=0 0.2
unk07425E14=0.9 0.30000000000000004
unk07425E15=1 1
unk07B0EFA8=1
unk11040DA0=1
unk14C8C484=0 0
unk14C8C485=1 1
unk1B26CB52=2
unk1EF07BDD=1 1
unk273E9D9D=-1
unk312936CD=0 1
unk312936CE=1 3
unk314F8FCA=color-electricity.tga
unk317E4375=1 0
unk394C5007=1 3
unk3A850981=2
unk3BBC7254=20 1 1
unk3BE3F6ED=CrabUrgot
unk412AFF84=0.1 0
unk4BD34A24=1
unk568F7F79=1
unk5FC1B597=1
unk6BD71D8A=0 1
unk6BD71D8B=0.9 2
unk6BD71D8C=1 4
unk71162E12=0
unk78339420=0 0
unk7C6A0099=0
unk7FCDF630=0 200 0
unk84DC3B69=0 0 0
unk87829029=0 1 0 0
unk8782902A=1 4 0 0
unk97484BD0=6
unkB277ECF6=6
unkD9FCECE5=0 -3
unkD9FCECE6=0.5 -2
unkD9FCECE7=0.5009999871253967 2
unkD9FCECE8=1 3
unkEDE98880=3 2
unkEFF6B1F8=1
unkF730E10C=1
