[Drag]
f-drag=5
f-pos=0 0 0
f-radius=1000

[Sparks]
e-life=0.1
e-linger=0
e-local-orient=1
e-rate=30
field-drag-1=Drag
p-bindtoemitter=1 0.5
p-colorscale=1 0.2
p-colortype=1 1
p-frameRate=0
p-life=1
p-lifeP1=0 0.2
p-lifeP2=0.9 0.4
p-lifeP3=1 0.6000000000000001
p-numframes=2
p-offset=0 0 0
p-postoffset=-10 -10 0
p-randomstartframe=1
p-rgba=color-darkflame-green.tga
p-scale=80
p-scaleP1=0 1
p-scaleP2=1 2
p-scalebias=1 1
p-texdiv=2 3
p-texture=flames02.tga
p-type=0
p-vel=200 0 0
p-xscale=1
p-xscale1=0 1
p-xscale2=0.5 1
p-xscale3=1 0
rendermode=0

[System]
GroupPart1=Sparks
GroupPart1Type=Simple
SimulateEveryFrame=1

[UNKNOWN_HASHES]
unk02259F35=1
unk0328ADC6=0 0 0
unk03AC9BCF=0 -60
unk03AC9BD0=1 60
unk045145D4=0 1
unk045145D5=1 3
unk061C21CF=1 1
unk0AC82C6E=1
unk0BDA6072=2 2
unk0F17CD69=0 0
unk0F17CD6A=1 360
unk14BDB086=0 0.99
unk14BDB087=1 1.0099999904632568
unk15A005A8=1
unk25333605=0 0.9
unk25333606=1 1.1
unk2A267CC2=0
unk2F064EF3=0
unk38EF661F=500
unk39818173=clouds.tga
unk3C0BB675=0 0 200
unk3D49AA84=4
unk47DF2542=2
unk48F2C9FA=1
unk522C9B08=50
unk53E7CB36=SmokeDrag
unk5A157D2E=1 0
unk5D2FC393=40
unk63103A53=0.1
unk6CEE595E=1 1
unk6F280C9E=1
unk7938FECB=color-rampdown.tga
unk794982D9=1
unk7A898701=2 3
unk826E7882=2
unk88FA0246=1 0
unk8ABB149B=0 20 0
unk915C7DE2=10
unk92E965E0=1
unk95D88682=0
unk98983556=0
unk9D2AFEA4=TristanaShot.tga
unkA0A7C8A3=0 1
unkA0A7C8A4=1 2
unkA2CD135B=0 0 0
unkA4EB20DF=1 1
unkA7A1888E=0.1
unkAE04FC44=1
unkAF6F67D6=0
unkB818A7C0=60
unkB818A7C1=1
unkBA1CCE8F=1
unkBDB9B4B7=0 0
unkBDB9B4B8=0.1 1
unkBDB9B4B9=1 2
unkC084BC9A=1
unkC41E0D95=1 0
unkC42DC0BC=color-rampdown.tga
unkC7AEF302=0 0
unkC7AEF303=1 360
unkC7C3328E=1 0 0
unkCD633A73=20
unkD3F3C21A=0 0
unkD3F3C21B=1 360
unkD57B270E=1
unkDDBF0991=1
unkDDEF93CD=0 0 1
unkDF31BAD1=0
unkE1DD5520=1000
unkE2CCE516=1
unkEA937325=0
unkED362D04=2
unkEF553D87=0 100 0
unkF11CFC13=0
unkF18D4C2A=0 30 0
