[System]
GroupPart1=flash
GroupPart1Type=Simple
GroupPart2=spinlines1
GroupPart3=spinlines2
SimulateEveryFrame=1

[flash]
e-life=1
e-linger=0
e-local-orient=0
e-rate=2
p-bindtoemitter=1 1
p-colorscale=0.30000000000000004 1
p-colortype=1 0
p-flexoffset=0.004999999888241291
p-flexscale=0.004999999888241291
p-frameRate=0
p-life=0.2
p-numframes=1
p-offset=0 40 0
p-quadrot=1
p-quadrotP1=0 0
p-quadrotP2=1 360
p-rgba=color-rampdown32.tga
p-scale=100
p-startframe=0
p-texdiv=1 1
p-texture=flash32.tga
p-type=0
p-xscale1=0 1
p-xscale2=1 0
rendermode=1
single-particle=1

[spinlines1]
e-life=0.1
e-local-orient=0
e-rate=200
e-rotation1=1
e-rotation1-axis=0 1 0
e-rotation1P1=0 0
e-rotation1P2=0.33000001311302185 40
e-rotation1P3=0.3310000002384186 120
e-rotation1P4=0.6600000262260437 160
e-rotation1P5=0.6610000133514404 240
e-rotation1P6=1 280
p-accel=-2000 0 -1000
p-bindtoemitter=1
p-drag=8 0 8
p-flexoffset=0.004999999888241291
p-flexscale=0.004999999888241291
p-frameRate=0
p-life=0.5
p-offset=0 1 0
p-offsetYP1=0 0 1
p-offsetYP2=1 10
p-rgba=color-reddown32.tga
p-scale=40 40 0
p-startframe=0
p-texdiv=1 1
p-texture=sliver.tga
p-type=0
p-vecalign=1
p-vel=0 0 1000
p-xscale1=0 4 1 0
p-xscale2=0.5 0.2 1 0
p-xscale3=1 0.2 1 0
rendermode=0

[spinlines2]
e-life=0.30000000000000004
e-local-orient=0
e-rate=50
e-rotation1=1
e-rotation1-axis=0 1 0
e-rotation1P1=0 180
e-rotation1P2=0.33000001311302185 220
e-rotation1P3=0.3310000002384186 300
e-rotation1P4=0.6600000262260437 340
e-rotation1P5=0.6610000133514404 420
e-rotation1P6=1 460
e-timeoffset=0.2
p-accel=-2000 0 -1000
p-bindtoemitter=1
p-drag=8 0 8
p-flexoffset=0.004999999888241291
p-flexscale=0.004999999888241291
p-frameRate=0
p-life=0.5
p-offset=0 1 0
p-offsetYP1=0 21
p-offsetYP2=1 30
p-rgba=color-reddown32.tga
p-scale=40 40 0
p-startframe=0
p-texdiv=1 1
p-texture=sliver.tga
p-type=0
p-vecalign=1
p-vel=0 0 1000
p-xscale1=0 4 1 0
p-xscale2=0.5 0.2 1 0
p-xscale3=1 0.2 1 0
rendermode=0

[UNKNOWN_HASHES]
unk004AAC2D=0
unk02A7C4EB=0
unk16B948C5=8 0 8
unk1BC7BE3C=0
unk21563FF9=40 40 0
unk315B5145=1
unk3C68241B=1 1
unk5BACAF37=-2000 0 -1000
unk639572C3=0
unk7445DB4E=0 4 1 0
unk7445DB4F=0.5 0.2 1 0
unk7445DB50=1 0.2 1 0
unk7E30D562=1
unk8686446D=0.7000000000000001
unk929E16B8=0.5
unk92F07060=0.004999999888241291
unk95FBC99C=0
unk96096437=0 1 0
unk98431318=0 0
unk98431319=0.33000001311302185 40
unk9843131A=0.3310000002384186 120
unk9843131B=0.6600000262260437 160
unk9843131C=0.6610000133514404 240
unk9843131D=1 280
unk9868D40C=0 0 1000
unk9CAF08E5=color-reddown32.tga
unkA5E4829C=50
unkD35AD704=0 1 0
unkD553B1FC=0.4
unkE94CF2D7=1
unkF00DA80A=sliver.tga
unkF8B3C05D=0.004999999888241291
unkFF971BB6=0 41
unkFF971BB7=1 50
