[Arctic_flash]
e-life=1
e-linger=0
e-local-orient=0
e-rate=2
p-bindtoemitter=1 1
p-colorscale=0.30000000000000004 1
p-colortype=1 0
p-flexoffset=0.004999999888241291
p-flexscale=0.004999999888241291
p-frameRate=0
p-life=0.2
p-numframes=1
p-offset=0 40 0
p-quadrot=1
p-quadrotP1=0 0
p-quadrotP2=1 360
p-rgba=color-icyhot.dds
p-scale=100
p-startframe=0
p-texdiv=1 1
p-texture=flash32.tga
p-type=0
p-xscale1=0 1
p-xscale2=1 0
rendermode=1
single-particle=1

[Arctic_spinlines1]
e-life=0.1
e-local-orient=0
e-rate=200
e-rotation1=1
e-rotation1-axis=0 1 0
e-rotation1P1=0 0
e-rotation1P2=0.33000001311302185 40
e-rotation1P3=0.3310000002384186 120
e-rotation1P4=0.6600000262260437 160
e-rotation1P5=0.6610000133514404 240
e-rotation1P6=1 280
p-accel=-2000 0 -1000
p-bindtoemitter=1
p-drag=8 0 8
p-flexoffset=0.004999999888241291
p-flexscale=0.004999999888241291
p-life=0.5
p-offset=0 1 0
p-offsetYP1=0 0 1
p-offsetYP2=1 10
p-scale=40 40 0
p-texture=sliver.tga
p-type=0
p-vecalign=1
p-vel=0 0 1000
p-xrgba1=0 0.8 0.8 0.8 0
p-xrgba2=0.25 0.3 0.8 0.8 1
p-xrgba3=0.75 0.1 0.6 0.8 1
p-xrgba4=1 0.1 0.2 0.2 0
p-xscale1=0 4 1 0
p-xscale2=0.5 0.2 1 0
p-xscale3=1 0.2 1 0
rendermode=0

[Arctic_spinlines2]
e-life=0.30000000000000004
e-local-orient=0
e-rate=50
e-rotation1=1
e-rotation1-axis=0 1 0
e-rotation1P1=0 180
e-rotation1P2=0.33000001311302185 220
e-rotation1P3=0.3310000002384186 300
e-rotation1P4=0.6600000262260437 340
e-rotation1P5=0.6610000133514404 420
e-rotation1P6=1 460
e-timeoffset=0.2
p-accel=-2000 0 -1000
p-bindtoemitter=1
p-drag=8 0 8
p-flexoffset=0.004999999888241291
p-flexscale=0.004999999888241291
p-life=0.5
p-offset=0 1 0
p-offsetYP1=0 21
p-offsetYP2=1 30
p-scale=40 40 0
p-texture=sliver.tga
p-type=0
p-vecalign=1
p-vel=0 0 1000
p-xrgba1=0 0.8 0.8 0.8 0
p-xrgba2=0.25 0.3 0.8 0.8 1
p-xrgba3=0.75 0.1 0.6 0.8 1
p-xrgba4=1 0.1 0.2 0.2 0
p-xscale1=0 4 1 0
p-xscale2=0.5 0.2 1 0
p-xscale3=1 0.2 1 0
rendermode=0

[System]
GroupPart1=Arctic_flash
GroupPart1Type=Simple
GroupPart2=Arctic_spinlines1
GroupPart3=Arctic_spinlines2
SimulateEveryFrame=1
SoundOnCreate=Play_sfx_VarusSkin03_VarusW_detonate

[UNKNOWN_HASHES]
unk17363C28=0
unk20983000=0
unk218752F4=0 1 0
unk2B47C002=8 0 8
unk310C369B=0 0
unk310C369C=0.33000001311302185 40
unk310C369D=0.3310000002384186 120
unk310C369E=0.6600000262260437 160
unk310C369F=0.6610000133514404 240
unk310C36A0=1 280
unk31FA7DB9=0.4
unk38277FC1=0 1 0
unk543AEF9F=1
unk54EF26F3=0 0.8 0.8 0.8 0
unk54EF26F4=0.25 0.3 0.8 0.8 1
unk54EF26F5=0.75 0.1 0.6 0.8 1
unk54EF26F6=1 0.1 0.2 0.2 0
unk555A8C1A=0.004999999888241291
unk59A9E563=0.004999999888241291
unk67282E8D=sliver.tga
unk7244E348=1
unk9917BD8F=0 0 1000
unk9B14BBAA=0.7000000000000001
unkA72C8DF5=0.5
unkA7A297FC=40 40 0
unkB00667DA=1
unkBA72F9D9=50
unkC65090B9=0 41
unkC65090BA=1 50
unkD654C66A=0
unkE1F9073A=-2000 0 -1000
unkEB6061D1=0 4 1 0
unkEB6061D2=0.5 0.2 1 0
unkEB6061D3=1 0.2 1 0
