[Arctic_Flash]
e-life=1
e-linger=0
e-local-orient=0
e-rate=2
p-bindtoemitter=1 1
p-colorscale=0.30000000000000004 1
p-colortype=1 0
p-flexoffset=0.004999999888241291
p-flexscale=0.004999999888241291
p-frameRate=0
p-life=0.2
p-numframes=1
p-offset=0 40 0
p-quadrot=1
p-quadrotP1=0 0
p-quadrotP2=1 360
p-rgba=color-rampdown32.tga
p-scale=100
p-startframe=0
p-texdiv=1 1
p-texture=flash32.tga
p-type=0
p-xscale1=0 1
p-xscale2=1 0
rendermode=1
single-particle=1

[Arctic_Splines_01]
e-life=0.1
e-local-orient=0
e-rate=200
e-rotation1=1
e-rotation1-axis=0 1 0
e-rotation1P1=0 0
e-rotation1P2=0.33000001311302185 40
e-rotation1P3=0.3310000002384186 120
e-rotation1P4=0.6600000262260437 160
e-rotation1P5=0.6610000133514404 240
e-rotation1P6=1 280
p-accel=-2000 0 -1000
p-bindtoemitter=1
p-drag=8 0 8
p-flexoffset=0.004999999888241291
p-flexscale=0.004999999888241291
p-frameRate=0
p-life=0.5
p-offset=0 1 0
p-offsetYP1=0 0 1
p-offsetYP2=1 10
p-rgba=color-icyhot.dds
p-scale=40 40 0
p-startframe=0
p-texdiv=1 1
p-texture=sliver.tga
p-type=0
p-vecalign=1
p-vel=0 0 1000
p-xscale1=0 4 1 0
p-xscale2=0.5 0.2 1 0
p-xscale3=1 0.2 1 0
rendermode=0

[System]
GroupPart1=flash
GroupPart1Type=Simple
GroupPart2=spinlines1
GroupPart3=Arctic_Flash
GroupPart3Type=Simple
GroupPart4=Arctic_Splines_01
SimulateEveryFrame=1

[flash]
KeywordsExcluded=VarusAscended VarusSkin03
e-disabled=1
e-life=1
e-linger=0
e-local-orient=0
e-rate=2
p-bindtoemitter=1 1
p-colorscale=0.30000000000000004 1
p-colortype=1 0
p-flexoffset=0.004999999888241291
p-flexscale=0.004999999888241291
p-frameRate=0
p-life=0.2
p-numframes=1
p-offset=0 40 0
p-quadrot=1
p-quadrotP1=0 0
p-quadrotP2=1 360
p-rgba=color-rampdown32.tga
p-scale=100
p-startframe=0
p-texdiv=1 1
p-texture=flash32.tga
p-type=0
p-xscale1=0 1
p-xscale2=1 0
rendermode=1
single-particle=1

[spinlines1]
KeywordsExcluded=VarusAscended VarusSkin03
e-life=0.1
e-local-orient=0
e-rate=200
e-rotation1=1
e-rotation1-axis=0 1 0
e-rotation1P1=0 0
e-rotation1P2=0.33000001311302185 40
e-rotation1P3=0.3310000002384186 120
e-rotation1P4=0.6600000262260437 160
e-rotation1P5=0.6610000133514404 240
e-rotation1P6=1 280
p-accel=-2000 0 -1000
p-bindtoemitter=1
p-drag=8 0 8
p-flexoffset=0.004999999888241291
p-flexscale=0.004999999888241291
p-frameRate=0
p-life=0.5
p-offset=0 1 0
p-offsetYP1=0 0 1
p-offsetYP2=1 10
p-rgba=color-reddown32.tga
p-scale=40 40 0
p-startframe=0
p-texdiv=1 1
p-texture=sliver.tga
p-type=0
p-vecalign=1
p-vel=0 0 1000
p-xscale1=0 4 1 0
p-xscale2=0.5 0.2 1 0
p-xscale3=1 0.2 1 0
rendermode=0

[UNKNOWN_HASHES]
unk004AAC2D=0
unk02A7C4EB=0
unk02D2D0DD=50
unk0DAD0DCD=0 4 1 0
unk0DAD0DCE=0.5 0.2 1 0
unk0DAD0DCF=1 0.2 1 0
unk16B948C5=8 0 8
unk1BC7BE3C=0
unk1CC4D5D6=1
unk21563FF9=40 40 0
unk220414C5=0 1 0
unk237BA65D=0
unk315B5145=1
unk330EFEB5=0 21
unk330EFEB6=1 30
unk3C68241B=1 1
unk477B6697=0 180
unk477B6698=0.33000001311302185 220
unk477B6699=0.3310000002384186 300
unk477B669A=0.6600000262260437 340
unk477B669B=0.6610000133514404 420
unk477B669C=1 460
unk4E3C81F8=40 40 0
unk4F3FA13B=0
unk5BACAF37=-2000 0 -1000
unk5F96132C=0
unk62D38EBD=0.2
unk639572C3=0
unk711542A3=1
unk73A79706=8 0 8
unk7445DB4E=0 4 1 0
unk7445DB4F=0.5 0.2 1 0
unk7445DB50=1 0.2 1 0
unk7E30D562=1
unk86339D1E=0.004999999888241291
unk8686446D=0.7000000000000001
unk8892F136=-2000 0 -1000
unk8974DA89=sliver.tga
unk8B1161DC=1 1
unk929E16B8=0.5
unk92F07060=0.004999999888241291
unk95FBC99C=0
unk96096437=0 1 0
unk98431318=0 0
unk98431319=0.33000001311302185 40
unk9843131A=0.3310000002384186 120
unk9843131B=0.6600000262260437 160
unk9843131C=0.6610000133514404 240
unk9843131D=1 280
unk9868D40C=0 0 1000
unk9B60DFF8=0 1 0
unk9CAF08E5=color-reddown32.tga
unkA5E4829C=50
unkC23DE58B=0 0 1000
unkC668535F=0.004999999888241291
unkD35AD704=0 1 0
unkD553B1FC=0.4
unkD5F0FF04=0
unkE223D544=1
unkE37492AE=0.5
unkE94CF2D7=1
unkEF8C64F9=0.30000000000000004
unkF00DA80A=sliver.tga
unkF32F196E=0
unkF8B3C05D=0.004999999888241291
unkF99D5726=color-reddown32.tga
unkFF971BB6=0 41
unkFF971BB7=1 50
