[System]
GroupPart1=flash
GroupPart1Type=Simple
GroupPart2=spinlines1
GroupPart3=spinlines2
GroupPart4=spinlines3
SimulateEveryFrame=1

[flash]
e-life=1
e-linger=0
e-local-orient=0
e-rate=2
flag-disable-z=1
p-bindtoemitter=1 1
p-colorscale=0.30000000000000004 1
p-colortype=1 0
p-flexoffset=0.004999999888241291
p-flexscale=0.004999999888241291
p-frameRate=0
p-life=0.2
p-numframes=1
p-offset=0 40 0
p-quadrot=1
p-quadrotP1=0 0
p-quadrotP2=1 360
p-rgba=color-rampdown32.tga
p-scale=100
p-startframe=0
p-texdiv=1 1
p-texture=flash32.tga
p-type=0
p-xscale1=0 1
p-xscale2=1 0
rendermode=1
single-particle=1

[spinlines1]
e-life=0.1
e-local-orient=0
e-rate=200
e-rotation1=1
e-rotation1-axis=0 1 0
e-rotation1P1=0 0
e-rotation1P2=0.33000001311302185 40
e-rotation1P3=0.3310000002384186 120
e-rotation1P4=0.6600000262260437 160
e-rotation1P5=0.6610000133514404 240
e-rotation1P6=1 280
p-accel=-2000 0 -1000
p-bindtoemitter=1
p-drag=8 0 8
p-flexoffset=0.004999999888241291
p-flexscale=0.004999999888241291
p-frameRate=0
p-life=0.5
p-offset=0 1 0
p-offsetYP1=0 0 1
p-offsetYP2=1 10
p-rgba=color-reddown32.tga
p-scale=40 40 0
p-startframe=0
p-texdiv=1 1
p-texture=sliver.tga
p-type=0
p-vecalign=1
p-vel=0 0 1000
p-xscale1=0 4 1 0
p-xscale2=0.5 0.2 1 0
p-xscale3=1 0.2 1 0
rendermode=0

[spinlines2]
e-life=0.30000000000000004
e-local-orient=0
e-rate=50
e-rotation1=1
e-rotation1-axis=0 1 0
e-rotation1P1=0 180
e-rotation1P2=0.33000001311302185 220
e-rotation1P3=0.3310000002384186 300
e-rotation1P4=0.6600000262260437 340
e-rotation1P5=0.6610000133514404 420
e-rotation1P6=1 460
e-timeoffset=0.2
p-accel=-2000 0 -1000
p-bindtoemitter=1
p-drag=8 0 8
p-flexoffset=0.004999999888241291
p-flexscale=0.004999999888241291
p-frameRate=0
p-life=0.5
p-offset=0 1 0
p-offsetYP1=0 21
p-offsetYP2=1 30
p-rgba=color-reddown32.tga
p-scale=40 40 0
p-startframe=0
p-texdiv=1 1
p-texture=sliver.tga
p-type=0
p-vecalign=1
p-vel=0 0 1000
p-xscale1=0 4 1 0
p-xscale2=0.5 0.2 1 0
p-xscale3=1 0.2 1 0
rendermode=0

[spinlines3]
e-life=0.5
e-local-orient=0
e-rate=50
e-rotation1=1
e-rotation1-axis=0 1 0
e-rotation1P1=0 0
e-rotation1P2=0.33000001311302185 40
e-rotation1P3=0.3310000002384186 120
e-rotation1P4=0.6600000262260437 160
e-rotation1P5=0.6610000133514404 240
e-rotation1P6=1 280
e-timeoffset=0.4
p-accel=-2000 0 -1000
p-bindtoemitter=1
p-drag=8 0 8
p-flexoffset=0.004999999888241291
p-flexscale=0.004999999888241291
p-frameRate=0
p-life=0.7000000000000001
p-offset=0 1 0
p-offsetYP1=0 41
p-offsetYP2=1 50
p-rgba=color-reddown32.tga
p-scale=40 40 0
p-startframe=0
p-texdiv=1 1
p-texture=sliver.tga
p-type=0
p-vecalign=1
p-vel=0 0 1000
p-xscale1=0 4 1 0
p-xscale2=0.5 0.2 1 0
p-xscale3=1 0.2 1 0
rendermode=0

[UNKNOWN_HASHES]
unk03339B2A=2 2
unk0B98DBBD=0 0
unk0B98DBBE=1 2
unk14E1F9CC=4
unk1B144A8F=0 -2
unk1B144A90=0.5 -1
unk1B144A91=0.5009999871253967 1
unk1B144A92=1 2
unk1C8C70BD=0 0.5
unk1C8C70BE=0.7000000000000001 1
unk1C8C70BF=1 1.5
unk2808D3CE=1
unk3013B4F1=1
unk344DC65A=0 0
unk344DC65B=1 1
unk39547491=0.004999999888241291
unk532EF4BB=varuscurls3.tga
unk539AB029=0.1
unk560F937A=0
unk5CA8FD46=0 0 1
unk5D060EC9=0 0
unk5D060ECA=1 360
unk5D841E4A=0 0
unk5D841E4B=1 360
unk63DFA487=0.8 1
unk6A211754=1 1 1
unk7295A11F=1 0
unk7671152A=50 50 0
unk7ED971BD=0 50 0
unk86FA0870=1
unk8AB59740=0
unk8FB0F708=-1
unk8FB0F709=1
unk8FF1700E=0
unk97B895F6=0.2 0
unk9A264E13=0 10 0
unk9BB65CDD=1 3
unkA5798476=0
unkB22D8BBC=4
unkCB426352=1
unkD76727FF=0 0.5 0.5 0
unkD7672800=0.5 0.8 0.8 0
unkD7672801=0.8 0.9 0.9 0
unkD7672802=1 1 1 0
unkD9EE12FC=0.5
unkDCDD0AFE=1
unkDE4D6D28=1
unkE605E547=1
unkE87E9753=0 50 0
unkEF81C86C=0.004999999888241291
unkF016D774=color-purple-red32.tga
unkF94C512B=30
