[Asc_flash]
e-life=1
e-linger=0
e-local-orient=0
e-rate=2
p-bindtoemitter=1 1
p-colorscale=0.30000000000000004 1
p-colortype=1 0
p-flexoffset=0.004999999888241291
p-flexscale=0.004999999888241291
p-frameRate=0
p-life=0.2
p-numframes=1
p-offset=0 40 0
p-quadrot=1
p-quadrotP1=0 0
p-quadrotP2=1 360
p-rgba=color-rampdown32.tga
p-scale=100
p-startframe=0
p-texdiv=1 1
p-texture=flash32.tga
p-type=0
p-xscale1=0 1
p-xscale2=1 0
rendermode=1
single-particle=1

[Asc_spinlines1]
e-life=0.1
e-local-orient=0
e-rate=200
e-rotation1=1
e-rotation1-axis=0 1 0
e-rotation1P1=0 0
e-rotation1P2=0.33000001311302185 40
e-rotation1P3=0.3310000002384186 120
e-rotation1P4=0.6600000262260437 160
e-rotation1P5=0.6610000133514404 240
e-rotation1P6=1 280
p-accel=-2000 0 -1000
p-bindtoemitter=1
p-drag=8 0 8
p-flexoffset=0.004999999888241291
p-flexscale=0.004999999888241291
p-life=0.5
p-offset=0 1 0
p-offsetYP1=0 0 1
p-offsetYP2=1 10
p-scale=40 40 0
p-texture=sliver.tga
p-type=0
p-vecalign=1
p-vel=0 0 1000
p-xrgba1=0 0.8 0.8 0.8 0
p-xrgba2=0.25 0.8 0.8 0.5 1
p-xrgba3=0.75 0.8 0.8 0.3 1
p-xrgba4=1 0.8 0.8 0.2 0
p-xscale1=0 4 1 0
p-xscale2=0.5 0.2 1 0
p-xscale3=1 0.2 1 0
rendermode=0

[System]
GroupPart1=Asc_flash
GroupPart1Type=Simple
GroupPart2=Asc_spinlines1
SimulateEveryFrame=1

[UNKNOWN_HASHES]
unk043FEDE5=1
unk0DAFAA78=8 0 8
unk158CCA18=sliver.tga
unk1A8A16C4=0 41
unk1A8A16C5=1 50
unk1CC50907=40 40 0
unk208E57DF=0.7000000000000001
unk230D6590=0.004999999888241291
unk2CA62A2A=0.5
unk332C2FDB=0 4 1 0
unk332C2FDC=0.5 0.2 1 0
unk332C2FDD=1 0.2 1 0
unk37B7D0E4=1
unk3FEC960E=50
unk43290252=1
unk49AB4B06=40 40 0
unk4A89AE76=0
unk4E01F9C3=0 21
unk4E01F9C4=1 30
unk4F867AE0=0
unk571B7845=-2000 0 -1000
unk5CA20D9F=0
unk722D7A6E=0.4
unk7CAC5176=0 1 0
unk7D7CA620=0.5
unk8401BA44=-2000 0 -1000
unk8994786B=0.30000000000000004
unk8EEAC41A=0 0 1000
unk92607E53=1
unk958D88CF=0.004999999888241291
unk9973F8A8=0 0.8 0.8 0.8 0
unk9973F8A9=0.25 0.8 0.8 0.5 1
unk9973F8AA=0.75 0.8 0.8 0.3 1
unk9973F8AB=1 0.8 0.8 0.2 0
unk99C4FD5C=0 4 1 0
unk99C4FD5D=0.5 0.2 1 0
unk99C4FD5E=1 0.2 1 0
unk9CAFD85D=0
unk9CDAE44F=50
unkA35D7AA9=0 1 0
unkA8B4F66A=0 1 0
unkA985BAA5=0 180
unkA985BAA6=0.33000001311302185 220
unkA985BAA7=0.3310000002384186 300
unkA985BAA8=0.6600000262260437 340
unkA985BAA9=0.6610000133514404 420
unkA985BAAA=1 460
unkADE36B6E=0.004999999888241291
unkAEF3FC97=sliver.tga
unkB0C15C37=8 0 8
unkB8BFD599=0 0 1000
unkCB558F37=0 1 0
unkCD6CA415=1
unkD82E2235=0
unkDA8836D4=1
unkE15B4E6D=0.004999999888241291
unkE81D3669=0 0.8 0.8 0.8 0
unkE81D366A=0.25 0.8 0.8 0.5 1
unkE81D366B=0.75 0.8 0.8 0.3 1
unkE81D366C=1 0.8 0.8 0.2 0
unkF99E269E=0
unkFA4D6726=0 0
unkFA4D6727=0.33000001311302185 40
unkFA4D6728=0.3310000002384186 120
unkFA4D6729=0.6600000262260437 160
unkFA4D672A=0.6610000133514404 240
unkFA4D672B=1 280
unkFFAD572F=0.2
