[System]
GroupPart1=spinlines
GroupPart1Type=Complex
GroupPart2=flash
GroupPart2Type=Simple

[flash]
e-life=1
e-linger=0
e-local-orient=0
e-rate=2
p-bindtoemitter=1 1
p-colorscale=0.30000000000000004 1
p-colortype=1 0
p-flexoffset=0.004999999888241291
p-flexscale=0.004999999888241291
p-frameRate=0
p-life=0.2
p-numframes=1
p-offset=0 40 0
p-quadrot=1
p-quadrotP1=0 0
p-quadrotP2=1 360
p-rgba=color-rampdown32.tga
p-scale=250
p-startframe=0
p-texdiv=1 1
p-texture=flash32.tga
p-type=0
p-xscale1=0 1
p-xscale2=1 0
rendermode=1
single-particle=1

[spinlines]
e-life=0.1
e-local-orient=0
e-rate=600
e-rotation1=1
e-rotation1-axis=0 1 0
e-rotation1P1=0 0
e-rotation1P2=1 360
p-accel=-8000 0 0
p-bindtoemitter=1
p-drag=10 0 10
p-flexoffset=0.004999999888241291
p-flexscale=0.004999999888241291
p-frameRate=0
p-life=0.30000000000000004
p-offset=0 1 20
p-offsetYP1=0 0 1
p-offsetYP2=1 100
p-rgba=color-reddown32.tga
p-scale=60 60 60
p-startframe=0
p-texdiv=1 1
p-texture=sliver.tga
p-type=0
p-vecalign=1
p-vel=0 0 800
p-xscale1=0 10 1 1
p-xscale2=0.5 1 1 1
p-xscale3=1 1 0.2 1
rendermode=0

