[System]
GroupPart1=flash
GroupPart1Importance=High
GroupPart1Type=Simple
GroupPart2=curls-yellow
PersistThruDeath=1
SimulateEveryFrame=1
SoundOnCreate=Play_sfx_Varus_VarusQ_hit_minion

[curls-yellow]
e-life=1
e-linger=0
e-local-orient=1
e-rate=100
e-rotation1=-1
e-rotation1-axis=0 0 1
e-rotation1P1=0 0
e-rotation1P2=1 90
e-rotation2=1
e-rotation2P1=0 0
e-rotation2P2=1 360
p-alphaslicerange=0.1
p-bindtoemitter=0
p-coloroffset=0.2 0
p-colorscale=0.8 1
p-colortype=1 3
p-drag=1 1 1
p-life=1
p-lifeP1=0 0.5
p-lifeP2=0.7000000000000001 1
p-lifeP3=1 1.5
p-numframes=4
p-offset=0 100 0
p-randomstartframe=1
p-rgba=color-yellow-red32.tga
p-scale=20 20 0
p-scaleXP1=0 -2
p-scaleXP2=0.5 -1
p-scaleXP3=0.5009999871253967 1
p-scaleXP4=1 2
p-shadow=0
p-texdiv=2 2
p-texture=varuscurls3.tga
p-texture-pixelate=1
p-type=0
p-vecalign=1
p-vel=0 100 0
p-velYP1=0 0
p-velYP2=1 2
rendermode=4
single-particle=1

[flash]
e-life=1
e-linger=0
e-rate=1
flag-disable-z=1
p-bindtoemitter=1 1
p-colorscale=1 1
p-colortype=1 0
p-life=0.30000000000000004
p-offset=0 40 0
p-quadrot=1
p-quadrotP1=0 0
p-quadrotP2=1 360
p-rgba=color-rampdown.tga
p-scale=100
p-texdiv=1 1
p-texture=crystal-flash.tga
p-type=0
p-xscale1=0 1
p-xscale2=1 2
rendermode=0
single-particle=1

[UNKNOWN_HASHES]
unk07CF3EA3=0 100 0
unk0DFBCA0D=0 1 0
unk15275C4F=FlameAccel
unk157FD239=0 0
unk157FD23A=1 360
unk15FDE1BA=0 0
unk15FDE1BB=1 360
unk193E1083=0
unk1BCBE49E=5
unk273C7898=1
unk298B289A=0 50 0
unk2B17566F=0 0
unk2EE9D371=2 2
unk310D986F=0 0
unk3338EECF=1000
unk36D10483=0 0.30000000000000004
unk36D10484=1 1
unk4007CC17=0
unk4052282B=hotspot.tga
unk4147344C=0
unk43FC42B8=noise
unk4559AE7E=Drag
unk4842A904=0 0.2
unk4842A905=1 1
unk4D4DCE34=RhyzeBasicAttack01.tga
unk50325966=0 0
unk551330D7=0 0 0
unk5AECCDD6=0 0 1
unk5B4A4B8C=2
unk614A576A=0 0 0
unk65C55B23=5
unk67621DD7=1
unk6876CB5D=0 0 0
unk69E18121=1
unk6F917278=1
unk6F917279=1
unk71192F15=0 1 0
unk71731004=color-flamesword.tga
unk7188A401=1
unk7188A402=1
unk79BFDBCE=0 0
unk79BFDBCF=1 1
unk7AA889BB=100
unk7B96D84D=1 0
unk7D8E09D6=1 0
unk833028FC=0.004999999888241291
unk84B3009A=10
unk85DB9B57=0 0.3
unk85DB9B58=1 1
unk8754BD5F=0 0.8
unk8754BD60=1 1
unk87D2CCE0=0 0.30000000000000004
unk87D2CCE1=1 1
unk8A35614D=0 0.5
unk8A35614E=1 1
unk8DCBBEC3=2
unk8E3A18C9=1000
unk9402010D=0
unk99E3910E=1
unk9CF498B2=60
unkA3F4833B=color-rampdown.tga
unkA4EC35CE=1 1
unkA7786F5B=0 0.30000000000000004
unkA7786F5C=1 1.2000000000000002
unkAD29FCF2=100
unkB381534C=0 1000 0
unkB4741564=0 0.8
unkB4741565=1 2
unkBAA8267C=1000
unkBBA7A855=0
unkC48A5B6F=0 0.2
unkC48A5B70=0.5 1
unkC48A5B71=1 0
unkC5DC865A=20 0 0
unkCA12E78D=1 0 0
unkCDD662F2=0
unkCE140A95=1
unkD1860178=0 1
unkD1860179=0.5 1
unkD186017A=1 0
unkD76BCC0A=0
unkE03F48CC=0 1 0
unkE3716436=800 0 0
unkF016152D=0 0 -800
unkF064CF42=0 -20
unkF064CF43=1 90
unkF0E2DEC3=0 0
unkF0E2DEC4=1 360
unkF2B7DF35=FlameDrag
unkF3A66671=6
unkF6B9A6C5=3
unkF78E0517=0.6000000000000001 1
unkFCEC3B38=0.2
unkFD9A609E=0
unkFF5D03D3=0
