[System]
GroupPart1=bolt
SimulateEveryFrame=1

[bolt]
e-rate=1
p-bindtoemitter=1
p-life=5
p-linger=0
p-local-orient=1
p-mesh=crossbow_arrow_01.sco
p-meshtex=vayne_props_01.tga
p-postoffset=0 0 0
p-quadrot=0 0 0
p-scale=1.5 1.5 1.5
p-shadow=1
p-type=3
rendermode=1

[UNKNOWN_HASHES]
unk05D4439E=0 0.30000000000000004
unk05D4439F=1 1.4000000000000001
unk08239EA2=5 5 5
unk0834F8E2=0 -25 0
unk1A46864E=0 0 0
unk1AD3AE00=1
unk1EA515EE=160 70 0
unk2C47EA77=5
unk30A64BC5=0 -60 0
unk31E20837=1
unk364C08DA=1
unk36748279=1
unk40AA7E27=0 0
unk41627E77=0.35
unk4A056D5F=vayne_valentine_particles.dds
unk4AF2FEC4=1
unk4BA628A6=1
unk4DFE41B9=1
unk4DFE41BA=1
unk528DAEFE=0 0 90
unk52DF99B5=0 0 90
unk5792886F=90 3 3
unk57BF79B5=-1
unk58E38068=vayne_valentine_arrow.sco
unk5A03A78E=1 3
unk5C25613B=1
unk5E8E54A6=1
unk5FAFD0B2=0
unk60C0BCA6=120
unk61E6126E=0.35
unk6323DD3E=0
unk63A3153A=255 255 255 255
unk66009C82=1
unk6C34713E=-1
unk6D32C1BB=1
unk70B075CB=0 0 0
unk7130EBB9=4 4
unk74835547=VayneValentine
unk766F2AC9=AirSpiritStreak.tga
unk76C11580=AirSpiritStreak.tga
unk79962C4C=0 0.7000000000000001
unk79962C4D=1 2
unk7A7F18CD=1
unk7AE52DBB=0 0.4
unk7CF95BB7=0 0 0 0 0.025
unk7CF95BB8=0.2 0 0 0 0.025
unk7CF95BB9=0.3 0 0 0 0.05
unk7CF95BBA=1 0 0 0 0
unk80790D1E=16
unk8144509D=120
unk83960616=1 1
unk83CB2DB5=180 0 0
unk8426A931=255 255 255 255
unk87676FD5=0 0 1
unk8A89C14C=0 0.5
unk8A89C14D=1 2.2
unk8C7710FA=0 0
unk8C7710FB=1 4
unk8CF5207B=0 0
unk8CF5207C=1 360
unk916E5340=0 0.45 0.05 0.65 0.35
unk916E5341=0.1 0.45 0.05 0.65 0.15
unk916E5342=0.3 0.45 0.05 0.65 0.05
unk916E5343=1 0.45 0.05 0.65 0
unk92081C6F=22 22 22
unk93E89C37=0
unk9508D92E=1
unk9CED84CB=1
unk9E442BC1=0 720 0
unkA8696AF5=3
unkA8FB8616=0 1 3 1
unkA8FB8617=0.4 1 1 1
unkA8FB8618=1 1 1 1
unkAC80333A=0
unkACFAC85D=1
unkAD61C584=0 0.4
unkB22FAFC5=0 -590 0
unkB2660811=1
unkB514C7EC=silver_drops.tga
unkBA431A4E=0 -60 0
unkBACBB0DB=17 17 17
unkBD83FEF5=1
unkC56D2FAA=1
unkC93F019C=2 2
unkD13C7B0B=0.25
unkD1AB7782=0 0 0
unkD32F447D=16
unkD4F1861D=1
unkDD544D56=0.05
unkDDB3F925=2 2
unkDE0792EC=1
unkE395D17B=0
unkE7653F83=color-bloodfade32.tga
unkEBEAF238=90 1 1
unkF09AB93A=720
unkFAA75E0D=0 1 1 1
unkFAA75E0E=0.2 1 1 1
unkFAA75E0F=1 0.1 0.1 0.1
unkFAF948C4=0 1 1 1
unkFAF948C5=0.2 1 1 1
unkFAF948C6=1 0.1 0.1 0.1
