[Asc_flash]
e-life=1
e-linger=0
e-local-orient=0
e-rate=2
p-bindtoemitter=1 1
p-colorscale=0.30000000000000004 1
p-colortype=1 0
p-flexoffset=0.004999999888241291
p-flexscale=0.004999999888241291
p-frameRate=0
p-life=0.2
p-numframes=1
p-offset=0 40 0
p-quadrot=1
p-quadrotP1=0 0
p-quadrotP2=1 360
p-rgba=color-rampdown32.tga
p-scale=100
p-startframe=0
p-texdiv=1 1
p-texture=flash32.tga
p-type=0
p-xscale1=0 1
p-xscale2=1 0
rendermode=1
single-particle=1

[Asc_spinlines1]
e-life=0.1
e-local-orient=0
e-rate=200
e-rotation1=1
e-rotation1-axis=0 1 0
e-rotation1P1=0 0
e-rotation1P2=0.33000001311302185 40
e-rotation1P3=0.3310000002384186 120
e-rotation1P4=0.6600000262260437 160
e-rotation1P5=0.6610000133514404 240
e-rotation1P6=1 280
p-accel=-2000 0 -1000
p-bindtoemitter=1
p-drag=8 0 8
p-flexoffset=0.004999999888241291
p-flexscale=0.004999999888241291
p-life=0.5
p-offset=0 1 0
p-offsetYP1=0 0 1
p-offsetYP2=1 10
p-scale=40 40 0
p-texture=sliver.tga
p-type=0
p-vecalign=1
p-vel=0 0 1000
p-xrgba1=0 0.8 0.8 0.8 0
p-xrgba2=0.25 0.8 0.8 0.5 1
p-xrgba3=0.75 0.8 0.8 0.3 1
p-xrgba4=1 0.8 0.8 0.2 0
p-xscale1=0 4 1 0
p-xscale2=0.5 0.2 1 0
p-xscale3=1 0.2 1 0
rendermode=0

[Asc_spinlines2]
e-life=0.30000000000000004
e-local-orient=0
e-rate=50
e-rotation1=1
e-rotation1-axis=0 1 0
e-rotation1P1=0 180
e-rotation1P2=0.33000001311302185 220
e-rotation1P3=0.3310000002384186 300
e-rotation1P4=0.6600000262260437 340
e-rotation1P5=0.6610000133514404 420
e-rotation1P6=1 460
e-timeoffset=0.2
p-accel=-2000 0 -1000
p-bindtoemitter=1
p-drag=8 0 8
p-flexoffset=0.004999999888241291
p-flexscale=0.004999999888241291
p-life=0.5
p-offset=0 1 0
p-offsetYP1=0 21
p-offsetYP2=1 30
p-scale=40 40 0
p-texture=sliver.tga
p-type=0
p-vecalign=1
p-vel=0 0 1000
p-xrgba1=0 0.8 0.8 0.8 0
p-xrgba2=0.25 0.8 0.8 0.5 1
p-xrgba3=0.75 0.8 0.8 0.3 1
p-xrgba4=1 0.8 0.8 0.2 0
p-xscale1=0 4 1 0
p-xscale2=0.5 0.2 1 0
p-xscale3=1 0.2 1 0
rendermode=0

[System]
GroupPart1=Asc_flash
GroupPart1Type=Simple
GroupPart2=Asc_spinlines1
GroupPart3=Asc_spinlines2
SimulateEveryFrame=1

[UNKNOWN_HASHES]
unk043FEDE5=1
unk158CCA18=sliver.tga
unk1A8A16C4=0 41
unk1A8A16C5=1 50
unk1CC50907=40 40 0
unk208E57DF=0.7000000000000001
unk2CA62A2A=0.5
unk3FEC960E=50
unk571B7845=-2000 0 -1000
unk5CA20D9F=0
unk722D7A6E=0.4
unk7CAC5176=0 1 0
unk8EEAC41A=0 0 1000
unk92607E53=1
unk958D88CF=0.004999999888241291
unk9973F8A8=0 0.8 0.8 0.8 0
unk9973F8A9=0.25 0.8 0.8 0.5 1
unk9973F8AA=0.75 0.8 0.8 0.3 1
unk9973F8AB=1 0.8 0.8 0.2 0
unk99C4FD5C=0 4 1 0
unk99C4FD5D=0.5 0.2 1 0
unk99C4FD5E=1 0.2 1 0
unk9CAFD85D=0
unkA35D7AA9=0 1 0
unkADE36B6E=0.004999999888241291
unkB0C15C37=8 0 8
unkD82E2235=0
unkDA8836D4=1
unkFA4D6726=0 0
unkFA4D6727=0.33000001311302185 40
unkFA4D6728=0.3310000002384186 120
unkFA4D6729=0.6600000262260437 160
unkFA4D672A=0.6610000133514404 240
unkFA4D672B=1 280
