[Arctic_Flash]
e-life=1
e-linger=0
e-local-orient=0
e-rate=2
p-bindtoemitter=1 1
p-colorscale=0.30000000000000004 1
p-colortype=1 0
p-flexoffset=0.004999999888241291
p-flexscale=0.004999999888241291
p-frameRate=0
p-life=0.2
p-numframes=1
p-offset=0 40 0
p-quadrot=1
p-quadrotP1=0 0
p-quadrotP2=1 360
p-rgba=color-rampdown32.tga
p-scale=100
p-startframe=0
p-texdiv=1 1
p-texture=flash32.tga
p-type=0
p-xscale1=0 1
p-xscale2=1 0
rendermode=1
single-particle=1

[Arctic_Splines_01]
e-life=0.1
e-local-orient=0
e-rate=200
e-rotation1=1
e-rotation1-axis=0 1 0
e-rotation1P1=0 0
e-rotation1P2=0.33000001311302185 40
e-rotation1P3=0.3310000002384186 120
e-rotation1P4=0.6600000262260437 160
e-rotation1P5=0.6610000133514404 240
e-rotation1P6=1 280
p-accel=-2000 0 -1000
p-bindtoemitter=1
p-drag=8 0 8
p-flexoffset=0.004999999888241291
p-flexscale=0.004999999888241291
p-frameRate=0
p-life=0.5
p-offset=0 1 0
p-offsetYP1=0 0 1
p-offsetYP2=1 10
p-rgba=color-icyhot.dds
p-scale=40 40 0
p-startframe=0
p-texdiv=1 1
p-texture=sliver.tga
p-type=0
p-vecalign=1
p-vel=0 0 1000
p-xscale1=0 4 1 0
p-xscale2=0.5 0.2 1 0
p-xscale3=1 0.2 1 0
rendermode=0

[System]
GroupPart1=Arctic_Flash
GroupPart1Type=Simple
GroupPart2=Arctic_Splines_01
SimulateEveryFrame=1
SoundOnCreate=Play_sfx_VarusSkin03_VarusW_detonate

