[System]
GroupPart5=whizrays

[whizrays]
e-life=100
e-linger=0
e-local-orient=1
e-rate=60
e-uvoffset=1 0
e-uvoffsetXP1=0 0
e-uvoffsetXP2=1 1
p-bindtoemitter=1 1
p-colorscale=1 0.30000000000000004
p-colortype=1 0
p-life=0.30000000000000004
p-local-orient=1
p-offset=0 1 -30
p-offsetYP1=0 0
p-offsetYP2=1 150
p-quadrot=90 90 0
p-rgba=color-speedlines.tga
p-scale=70 50 0
p-scaleXP1=0 1
p-scaleXP2=0.5 1.2000000000000002
p-scaleXP3=1 2
p-scaleYP1=0 1
p-scaleYP2=0.5 1.2000000000000002
p-scaleYP3=1 2
p-texdiv=1 3
p-texture=speedlines.tga
p-type=1
p-uvscroll-rgb=0 3

[UNKNOWN_HASHES]
unk08637F62=Movequick01.tga
unk101F0A44=0 0.5
unk101F0A45=1 1
unk20D3A691=1 1
unk23715576=0 0
unk2740A49D=0 0
unk294EC9F0=1
unk2C6A8C88=2 2
unk2D30F658=0 1
unk2D30F659=1 0
unk2DA56C46=0 0 1
unk3587604B=1
unk3D820404=1 3
unk43979798=1 1
unk4530DF12=1
unk459001FC=0.5
unk4748B78D=0 0
unk4748B78E=1 1
unk477B535A=0.5
unk47C6C70E=0 0
unk47C6C70F=1 1
unk4844D68F=0 0
unk4844D690=1 1
unk4D3045BB=Movequick01.tga
unk539325A5=25000
unk5BB8C674=color-movequick.tga
unk5D284351=22
unk5DA417D2=color-movequick.tga
unk5DEC1019=1 1 1
unk5ECE0A2A=2 1
unk62AB1387=1 0.5
unk64EE402B=300
unk66D99189=20
unk67334ABD=0 0
unk67334ABE=1 1
unk69125ADD=WujuStyle01.tga
unk6982F610=1 1 1
unk6F89C692=0 0.9
unk6F89C693=1 1.1
unk73AF821D=1
unk747521E3=0.30000000000000004
unk7826DFBD=0 0.8
unk7826DFBE=1 2
unk7C19C808=1
unk7C19C809=1
unk80165FC9=0 0
unk80165FCA=1 360
unk808CF42E=1
unk80946F4A=0 0
unk80946F4B=1 360
unk815F7EDE=2
unk84464E8A=0 0
unk84464E8B=1 360
unk85174749=1
unk86EF6EDC=0
unk881F2DDD=1 3
unk887BC3D8=0 0
unk887BC3D9=1 360
unk8A9DE65B=color-hold.tga
unk8B9540AB=1
unk8C94C003=500
unk8C9BB2A6=0 0.5
unk8C9BB2A7=0.2 1
unk8C9BB2A8=0.7000000000000001 0.5
unk8C9BB2A9=0.949999988079071 0.10000000149011612
unk8C9BB2AA=1 0.1
unk8F61A9AC=3 25 3
unk91E5E166=0 0
unk91E5E167=1 0.5
unk9263F0E7=0 0
unk9263F0E8=1 4
unk92E20068=0 0
unk92E20069=1 0.5
unk93D36012=1
unk9BE673B2=1
unkA145EB15=0.25
unkA8F8C314=shadow_step_04.tga
unkAC91EC4C=250
unkB4568CEB=0 0.30000000000000004
unkB4568CEC=1 1
unkB76EAF8D=color-movequick.tga
unkB7C6597A=0 10 0
unkBAC8E6F6=0 0.5
unkBE9B3D4F=1 1
unkC0A42944=150
unkC35D3F71=0 10 0
unkC39CD3D8=1
unkD038A20D=0 0.5
unkD038A20E=1 1
unkD16878FF=0 1
unkD1687900=0.5 1
unkD1687901=1 0
unkD318EDB1=0 0
unkD318EDB2=1 360
unkD6BB0255=2
unkDC24C720=1 0.25
unkE0CBC2BD=0 40 0
unkE24AE62A=12
unkE4820397=1
unkE618E59F=0 90
unkE618E5A0=1 270
unkED4A8E21=0 0
unkED4A8E22=1 1
unkED4E8243=0.5
unkF096A261=1
unkF5C0BD13=5 25 5
unkF76F2601=1
unkF86EF6C3=2 1
