[Drag2]
f-drag=2
f-pos=0 300 0
f-radius=1000

[Gravity2]
f-accel=0 -800 0
f-localspace=0

[HitJuice]
e-alpharef=30
e-life=0.1
e-rate=200
e-rotation1=1
e-rotation1-axis=0 0 1
e-rotation1P1=0 -10
e-rotation1P2=1 -20
e-rotation2=1
e-rotation2P1=0 0
e-rotation2P2=1 360
field-accel-1=Gravity2
field-drag-1=Drag2
p-bindtoemitter=0 0
p-colorscale=1 1
p-colortype=1 3
p-drag=2 2 2
p-flexoffset=0.004999999888241291
p-life=1
p-lifeP1=0 1
p-lifeP2=1 2
p-offset=-20 50 0
p-quadrot=1 0 0
p-quadrotXP1=0 0
p-quadrotXP2=1 360
p-randomstartframe=1
p-rgba=color-bloodspray32.tga
p-scale=7 7 0
p-scaleXP1=0 1
p-scaleXP2=1 1.2000000000000002
p-scaleYP1=0 1
p-scaleYP2=1 1.2000000000000002
p-texdiv=2 2
p-texture=webblood32.tga
p-vel=0 500 0
p-velYP1=0 1
p-velYP2=1 1.2000000000000002
p-worldaccel=0 -300 0
p-xscale1=0 1 1 0
p-xscale2=0.4 5 5 0
p-xscale3=1 10 10 0
rendermode=3

[System]
GroupPart1=HitJuice
GroupPart1Type=Simple
GroupPart2Type=Simple
SimulateEveryFrame=1

[UNKNOWN_HASHES]
unk0764FFB0=Drag
unk0F011588=1
unk22B87E7E=1
unk24CD07BE=2
unk267CF285=0 -800 0
unk2714941E=0
unk277ACD87=0 0
unk277ACD88=1 -25
unk27F8DD08=0 0
unk27F8DD09=1 360
unk2C0FB5AE=1
unk30E4DA09=1
unk3338EECF=1000
unk34A4B4C6=1
unk34A4B4C7=1
unk392EED49=0 -60
unk392EED4A=1 60
unk3AF5CC36=color-hold.tga
unk3E384915=0 0 0
unk4031AD08=0 0 1
unk40AA1A9B=1 0
unk442B45ED=100
unk45604EEC=2 2
unk4A70CE24=0 10
unk4A70CE25=1 30
unk4AEEDDA5=0 0
unk4AEEDDA6=1 30
unk4C3D5A94=Gravity
unk4DC58F7F=0 300
unk4DC58F80=1 600
unk4FF13179=aciddrops32.tga
unk53B1C290=1
unk54F7DF60=4
unk551330D7=0 0 0
unk565E0E47=0 1 0
unk5CBB5414=1
unk5EB9247F=0 0.1
unk5EB92480=0.9 0.2
unk5EB92481=1 0.5
unk62FEC434=0.1 0
unk671F802B=0
unk8BA3DA6F=0 0
unk8BA3DA70=1 360
unk9BD2ACE6=1
unkA0EE883C=0
unkB71778A9=0 1
unkB71778AA=1 3
unkB9995649=1 1
unkB9D5B78A=4
unkC2272C7B=0 1 0
unkCCE24B02=1
unkD21E23D0=0
unkD42964BD=0 1
unkD42964BE=1 0
unkD81150E8=10
unkDC5301D5=1 1 0
unkE283836D=0
unkF3A66671=0.30000000000000004
