[SlowSparks]
e-life=1
e-rate=70
p-bindtoemitter=0.3 0
p-drag=3 3 3
p-life=0.5
p-lifeP1=0 0.5
p-lifeP2=1 1
p-linger=1
p-offset=5 10 5
p-offsetXP1=0 -1
p-offsetXP2=1 1
p-offsetYP1=0 -1
p-offsetYP2=1 1
p-offsetZP1=0 -1
p-offsetZP2=1 1
p-scale=25 50 0
p-scaleXP1=0 0.7
p-scaleXP2=1 1
p-texture=Vladimir_Skin06_Z_SoulSparksSub.dds
p-vecalign=1
p-vel=0 190 0
p-xrgba=1 1 1 1
p-xrgba1=0 1 1 1 1
p-xrgba2=0.6 1 0 0 0.5
p-xrgba3=1 1 0 1 0.3
p-xscale=1 1 1
p-xscale1=0 1 1 1
p-xscale2=1 0 0 0
pass=20
rendermode=2

[SoulTrail]
e-framerate=0
e-life=1
e-rate=40
p-drag=2 2 2
p-life=0.30000000000000004
p-lifeP1=0 0.5
p-lifeP2=1 1.3
p-linger=2
p-numframes=16
p-offset=0 -40 0
p-offsetXP1=0 -1
p-offsetXP2=1 1
p-offsetYP1=0 0.5
p-offsetYP2=1 1
p-randomstartframe=1
p-scale=35 70 0
p-scaleXP1=0 1
p-scaleXP2=1 1.25
p-scaleYP1=0 1
p-scaleYP2=1 1.25
p-texdiv=4 4
p-texture=Vladimir_Skin06_Z_SoulWisps.dds
p-vecalign=1
p-vel=0 220 0
p-velXP1=0 0.7
p-velXP2=1 1
p-velZP1=0 -1
p-velZP2=1 1
p-xrgba=1 1 1 1
p-xrgba1=0 1 1 1 1
p-xrgba2=0.5 0 0.67451 0.619608 1
p-xrgba3=1 0 0 1 0
p-xscale=1 1 1
p-xscale1=0 0.2 0.5 1
p-xscale2=1 1 1 1
pass=1

[System]
GroupPart1=SoulTrail
GroupPart1Importance=High
GroupPart2=SlowSparks
GroupPart2Importance=High
SimulateEveryFrame=1

[UNKNOWN_HASHES]
unk0826FF60=1
unk267CF285=0 -500 0
unk3338EECF=1000
unk7AC159DA=1
unkF3A66671=2
