[System]
GroupPart1=spinlines
GroupPart2Type=Simple
GroupPart3=flash
GroupPart3Type=Simple
SimulateEveryFrame=1

[flash]
e-life=1
e-linger=0
e-rate=1
flag-disable-z=1
p-bindtoemitter=1 1
p-colorscale=1 1
p-colortype=1 0
p-flexoffset=0.004999999888241291
p-flexscale=0.004999999888241291
p-life=0.30000000000000004
p-offset=0 40 0
p-quadrot=1
p-quadrotP1=0 0
p-quadrotP2=1 360
p-rgba=color-hit-physical.tga
p-scale=150
p-texdiv=1 1
p-texture=flare-sun.tga
p-type=0
p-xscale1=0 1
p-xscale2=1 0
rendermode=0
single-particle=1

[spinlines]
e-life=0.2
e-local-orient=0
e-rate=500
e-rgba=255 255 255 255
e-rotation1=1
e-rotation1-axis=1 0 0
e-rotation1P1=0 0
e-rotation1P2=1 -50
e-rotation2=1
e-rotation2-axis=0 1 0
e-rotation2P1=0 0
e-rotation2P2=1 360
p-accel=-1800 0 -4000
p-bindtoemitter=1
p-drag=8 8 8
p-flexoffset=0.004999999888241291
p-frameRate=0
p-life=0.5
p-lifeP1=0 0.2
p-lifeP2=0.7000000000000001 0.4
p-lifeP3=1 1
p-offset=0 0 20
p-offsetYP1=0 1
p-offsetYP2=1 50
p-postoffset=0 100 0
p-scale=20 20 20
p-startframe=0
p-texdiv=1 1
p-texture=sliver.tga
p-type=0
p-vecalign=1
p-vel=0 0 1200
p-velYP1=0 0.5
p-velYP2=1 1
p-xrgba1=0 1 0.3 0.3 0
p-xrgba2=0.3 1 0 0 1
p-xrgba3=0.4 1 0 0 1
p-xrgba4=1 1 0 0 0
p-xscale1=0 10 1 1
p-xscale2=0.2 1 0.8 1
p-xscale3=1 1 0 0
rendermode=0

