[BlackFlash]
e-life=1
e-rate=1
e-rotation1=1
e-rotation1-axis=1 0 0
e-rotation1P1=0 0
e-rotation1P2=1 360
e-rotation2=1
e-rotation2-axis=0 1 0
e-rotation2P1=0 0
e-rotation2P2=1 360
p-life=0.30000000000000004
p-linger=0
p-quadrot=90 0 0
p-scale=140 140 0
p-texture=ball32_02.dds
p-type=1
p-xrgba=0 0.039216 0.039216 1
p-xrgba1=0 1 1 1 1
p-xrgba2=1 1 1 1 0
pass=-10
rendermode=1
single-particle=1

[Shockwave]
e-life=0.30000000000000004
e-local-orient=0
e-rate=18
e-rotation1=1
e-rotation1-axis=0 1 0
e-rotation1P1=0 0
e-rotation1P2=1 360
flag-disable-z=1
p-drag=5 5 5
p-life=0.30000000000000004
p-lifeP1=0 0.5
p-lifeP2=1 1
p-numframes=4
p-offset=30 70 0
p-quadrot=90 0 0
p-randomstartframe=1
p-scale=130 60 100
p-scaleXP1=0 0.5
p-scaleXP2=1 1
p-scaleYP1=0 1
p-scaleYP2=1 1
p-startframe=1
p-texdiv=2 2
p-texture=Vladimir_Skin06_Z_EnergyStreaksAdd.dds
p-type=1
p-vecalign=1
p-vel=600 0 0
p-xrgba=1 1 1 1
p-xrgba1=0 1 1 1 1
p-xrgba2=0.3 1 0.780392 0.780392 1
p-xrgba3=0.7 1 0.494118 0.603922 1
p-xrgba4=1 0 0 1 0
p-xscale=1 1 1
p-xscale1=0 0.4 2 1
p-xscale2=1 1 0 1
pass=1112
rendermode=2
single-particle=1

[SoulMotes]
e-life=0.2
e-rate=20
p-bindtoemitter=0.3 0
p-drag=3 3 3
p-life=0.6000000000000001
p-lifeP1=0 0.5
p-lifeP2=1 1
p-linger=0
p-offset=40 40 40
p-offsetXP1=0 -1
p-offsetXP2=1 1
p-offsetYP1=0 -1
p-offsetYP2=1 1
p-offsetZP1=0 -1
p-offsetZP2=1 1
p-postoffset=0 80 0
p-scale=25 30 0
p-scaleXP1=0 0.3
p-scaleXP2=0.9 1
p-scaleXP3=1 1.25
p-texture=Vladimir_Skin06_Z_SoulSparks.dds
p-vecalign=1
p-vel=0 200 0
p-velXP1=0 -1
p-velXP2=1 1
p-velYP1=0 0
p-velYP2=1 1
p-velZP1=0 -1
p-velZP2=1 1
p-xrgba=1 1 1 1
p-xrgba1=0 0 0 0 0
p-xrgba2=0.2 0.3 1 0.7 0.7
p-xrgba3=1 0 0 0.6 0.5
p-xscale=1 1 1
p-xscale1=0 1 1 1
p-xscale2=1 0 0 0
pass=20
uniformscale=1

[System]
GroupPart1=flash
GroupPart2=BlackFlash
GroupPart3=Shockwave
GroupPart4=SoulMotes
PersistThruDeath=1
SimulateEveryFrame=1

[flash]
e-life=1
e-rate=1
flag-disable-z=1
p-bindtoemitter=1 1
p-flexoffset=0.004999999888241291
p-flexscale=0.004999999888241291
p-life=0.30000000000000004
p-offset=0 80 0
p-quadrot=1 0 0
p-quadrotXP1=0 0
p-quadrotXP2=1 360
p-scale=160 160 1
p-texture=flare-omnimax.dds
p-xrgba=1 1 1 1
p-xrgba1=0 1 1 1 1
p-xrgba2=1 0 0.7 1 1
p-xscale=1 1 1
p-xscale1=0 0 0 0
p-xscale2=0.30000000000000004 1 1 1
p-xscale3=0.6000000000000001 0.2 0.2 0.2
p-xscale4=1 0 0 0
single-particle=1

[UNKNOWN_HASHES]
unk0826FF60=1
unk267CF285=0 -200 0
unk62ACEBF9=2000
unk7A84D89B=8
unkCAB56204=1
