[BlackMotes]
e-rate=3
p-bindtoemitter=1 1
p-drag=2 2 2
p-flexoffset=0.004999999888241291
p-life=2
p-lifeP1=0 0.5
p-lifeP2=0.9 1
p-lifeP3=1 2
p-linger=0
p-offset=17 17 17
p-offsetXP1=0 -1
p-offsetXP2=1 1
p-offsetYP1=0 0
p-offsetYP2=1 1
p-offsetZP1=0 -1
p-offsetZP2=1 1
p-orbitvel=0 1 0
p-quadrot=0 0 90
p-scale=8 8 0
p-scaleXP1=0 0.5
p-scaleXP2=1 2
p-texture=Vladimir_Skin06_Z_SoulSparkssub.dds
p-vel=10 20 10
p-velXP1=0 -1
p-velXP2=1 1
p-velYP1=0 0.3
p-velYP2=1 1
p-velZP1=0 -1
p-velZP2=1 1
p-xrgba=1 1 1 1
p-xrgba1=0 1 0 0 1
p-xrgba2=0.5 1 0.823529 0.823529 1
p-xrgba3=1 1 1 1 1
p-xscale=1 1 1
p-xscale1=0 0 1 1
p-xscale2=0.2 1 0.30000000000000004 1
p-xscale3=1 0 0 0
pass=20
rendermode=2
uniformscale=1

[SoulAdd]
e-framerate=0
e-rate=6
e-rotation1=1
e-rotation1-axis=0 1 0
e-rotation1P1=0 0
e-rotation1P2=1 360
p-bindtoemitter=1 1
p-life=2
p-lifeP1=0 0.5
p-lifeP2=0.9 1
p-lifeP3=1 1.3
p-linger=0
p-numframes=16
p-offset=10 1 0
p-offsetYP1=0 0
p-offsetYP2=1 1
p-orbitvel=0 0.3 0
p-orbitvelXP1=0 -1
p-orbitvelXP2=1 1
p-orbitvelYP1=0 -1
p-orbitvelYP2=1 1
p-randomstartframe=1
p-scale=25 20 0
p-scaleXP1=0 0.3
p-scaleXP2=1 1.25
p-scaleYP1=0 0.5
p-scaleYP2=1 1.25
p-texdiv=4 4
p-texture=Vladimir_Skin06_Z_SoulWisps.dds
p-vecalign=1
p-vel=0 40 0
p-velXP1=0 0.7
p-velXP2=1 1
p-velYP1=0 0.3
p-velYP2=1 1
p-velZP1=0 -1
p-velZP2=1 1
p-xrgba=1 1 1 1
p-xrgba1=0 1 1 1 0
p-xrgba2=0.2 0.780392 1 0.968627 1
p-xrgba3=0.5 0 1 0.8 1
p-xrgba4=1 0 0.2 1 0
p-xscale=1 1 1
p-xscale1=0 1 0.5 1
p-xscale2=1 0.2 2 1
pass=2

[SoulGlow]
e-rate=0.5
p-bindtoemitter=1 0
p-life=4
p-linger=0
p-quadrot=90 0 0
p-scale=60 60 0
p-texture=Vladimir_Skin06_Z_Softlight.dds
p-xrgba=1 1 1 0.48799899220466614
p-xrgba1=0 0 0.423529 0.266667 0
p-xrgba2=0.5 0 0.384314 0.317647 1
p-xrgba3=1 0 0.254902 0.223529 0
pass=-1
rendermode=4

[SoulSub]
e-framerate=0
e-rate=36
e-rotation1=1
e-rotation1-axis=0 1 0
e-rotation1P1=0 0
e-rotation1P2=1 360
p-bindtoemitter=1 1
p-life=1
p-lifeP1=0 0.5
p-lifeP2=0.9 1
p-lifeP3=1 1.3
p-linger=0
p-numframes=16
p-offset=10 1 0
p-offsetYP1=0 0
p-offsetYP2=1 1
p-orbitvel=0 0.3 0
p-orbitvelXP1=0 -1
p-orbitvelXP2=1 1
p-orbitvelYP1=0 -1
p-orbitvelYP2=1 1
p-randomstartframe=1
p-scale=25 20 0
p-scaleXP1=0 0.3
p-scaleXP2=1 1.25
p-scaleYP1=0 0.5
p-scaleYP2=1 1.25
p-texdiv=4 4
p-texture=Vladimir_Skin06_Z_SoulWispsAlpha.dds
p-vecalign=1
p-vel=0 40 0
p-velXP1=0 0.7
p-velXP2=1 1
p-velYP1=0 0.3
p-velYP2=1 1
p-velZP1=0 -1
p-velZP2=1 1
p-xrgba=1 1 1 1
p-xrgba1=0 0.74902 0 1 0
p-xrgba2=0.2 0.196078 0.098039 0.239216 1
p-xrgba3=0.5 0 0.117647 0.094118 1
p-xrgba4=1 0 0 0 0
p-xscale=1 1 1
p-xscale1=0 1 0.5 1
p-xscale2=1 0.2 2 1
pass=-10
rendermode=1

[System]
GroupPart1=BlackMotes
GroupPart2=SoulGlow
GroupPart3=SoulAdd
GroupPart4=SoulSub
SimulateEveryFrame=1

