[BackGlow]
e-life=1
e-rate=40
p-life=0.4
p-linger=2
p-offset=0 10 0
p-scale=30 150 0
p-scale1=0 1 1 1
p-scale2=0.2 1 1 1
p-scale3=1 1 1 1
p-texture=ball32_02.dds
p-type=1
p-xrgba=1 1 1 0.4117650091648102
p-xrgba1=0 0 1 0.74902 0
p-xrgba2=0.2 0 0.254902 0.180392 1
p-xrgba3=1 0 0.164706 0.137255 0
p-xscale=1 1 1
p-xscale1=0 2 1 1
p-xscale2=1 2 1 1
pass=-20
rendermode=4

[BrightTip]
e-life=1
e-rate=120
e-rotation1=1
e-rotation1-axis=0 1 0
e-rotation11=0 0
e-rotation12=1 1200
p-life=0.2199999988079071
p-linger=2
p-offset=10 0 0
p-scale=40 40 0
p-scale1=0 1 1 1
p-scale2=0.2 1 1 1
p-scale3=1 1 1 1
p-texture=ball32_02.dds
p-type=1
p-xrgba=1 1 1 1
p-xrgba1=0 0 1 0.74902 1
p-xrgba2=0.2 0 0.254902 0.180392 1
p-xrgba3=1 0 0.164706 0.137255 0
p-xscale=1 1 1
p-xscale1=0 0 1 1
p-xscale2=0.1 1 1 1
p-xscale3=1 0 1 1
pass=-20
rendermode=4

[SlowSparks]
e-life=1
e-rate=20
p-drag=3 3 3
p-life=1
p-lifeP1=0 0.5
p-lifeP2=1 1
p-linger=0.30000000000000004
p-offset=10 40 10
p-offsetXP1=0 -1
p-offsetXP2=1 1
p-offsetYP1=0 -1
p-offsetYP2=1 1
p-offsetZP1=0 -1
p-offsetZP2=1 1
p-scale=10 40 0
p-scaleXP1=0 0.7
p-scaleXP2=1 1
p-texture=Vladimir_Skin06_Z_SoulSparks.dds
p-vecalign=1
p-vel=0 790 0
p-xrgba=1 1 1 1
p-xrgba1=0 0 0 0 0
p-xrgba2=0.2 0.3 1 0.7 0.5
p-xrgba3=1 0 0 0.6 0.3
p-xscale=1 1 1
p-xscale1=0 1 1 1
p-xscale2=1 0 0 0
pass=10

[SoulTrail]
e-framerate=0
e-life=1
e-rate=40
p-drag=2 2 2
p-life=0.4
p-lifeP1=0 0.5
p-lifeP2=0.9 1
p-lifeP3=1 1.3
p-linger=2
p-numframes=16
p-offset=20 -40 20
p-offsetXP1=0 -1
p-offsetXP2=1 1
p-offsetYP1=0 0.5
p-offsetYP2=1 1
p-offsetZP1=0 -1
p-offsetZP2=1 1
p-randomstartframe=1
p-scale=15 50 0
p-scaleXP1=0 1
p-scaleXP2=1 1.25
p-scaleYP1=0 1
p-scaleYP2=1 1.25
p-texdiv=4 4
p-texture=Vladimir_Skin06_Z_SoulWisps.dds
p-vecalign=1
p-vel=0 220 0
p-velXP1=0 0.7
p-velXP2=1 1
p-velZP1=0 -1
p-velZP2=1 1
p-xrgba=1 1 1 1
p-xrgba1=0 1 1 1 0
p-xrgba2=0.2 0.760784 0.905882 1 1
p-xrgba3=0.5 0 1 0.8 1
p-xrgba4=1 0 0 1 0
p-xscale=1 1 1
p-xscale1=0 1 0.5 1
p-xscale2=1 0.2 1 1
pass=3

[SoulTrailSub]
e-framerate=0
e-life=1
e-rate=150
e-rotation1=1
e-rotation1-axis=0 1 0
e-rotation1P1=0 0
e-rotation1P2=1 360
p-life=0.4
p-lifeP1=0 1
p-lifeP2=0.9 1
p-lifeP3=1 1.3
p-linger=2
p-numframes=16
p-offset=25 -40 0
p-offsetXP1=0 0.8
p-offsetXP2=1 1
p-offsetYP1=0 0.5
p-offsetYP2=1 1
p-offsetZP1=0 -1
p-offsetZP2=1 1
p-quadrot=90 0 0
p-randomstartframe=1
p-scale=35 50 0
p-scaleXP1=0 1
p-scaleXP2=1 1.25
p-scaleYP1=0 1
p-scaleYP2=1 1.25
p-texdiv=4 4
p-texture=Vladimir_Skin06_Z_SoulWispsAlpha.dds
p-type=1
p-vecalign=1
p-vel=-10 320 0
p-velXP1=0 0.7
p-velXP2=1 1
p-velZP1=0 -1
p-velZP2=1 1
p-xrgba=1 1 1 1
p-xrgba1=0 0.615686 0 1 0
p-xrgba2=0.2 0.003922 0.172549 0.145098 1
p-xrgba3=0.5 0 0.086275 0.066667 1
p-xrgba4=1 0 0 0 0
p-xscale=1 1 1
p-xscale1=0 1 0.5 1
p-xscale2=1 0.1 2 1
pass=25
rendermode=1

[SparkSouls]
e-life=1
e-rate=180
e-rotation1=1
e-rotation1-axis=0 1 0
e-rotation11=0 0
e-rotation12=1 1200
p-drag=3 3 3
p-life=0.15000000596046448
p-lifeP1=0 1
p-lifeP2=1 1
p-linger=2
p-offset=10 0 0
p-scale=20 40 0
p-texture=Vladimir_Skin06_Z_SoulSparksSub.dds
p-type=1
p-vel=0 290 0
p-xrgba=1 1 1 1
p-xrgba1=0 1 1 1 1
p-xrgba2=0.2 1 0.831373 0.831373 1
p-xrgba3=0.7 1 0.619608 0.85098 1
p-xrgba4=1 0.72549 0.341176 1 1
p-xscale=1 1 1
p-xscale1=0 1 1 1
p-xscale2=0.15000000596046448 2 1 1
p-xscale3=1 0.5 0.7 0
pass=120
rendermode=2

[System]
GroupPart1=SoulTrailSub
GroupPart2=SoulTrail
GroupPart3=BackGlow
GroupPart4=BrightTip
GroupPart5=SlowSparks
GroupPart5Importance=High
GroupPart6=SparkSouls
GroupPart6Importance=High
SimulateEveryFrame=1

