[BlackFlash]
e-life=4
e-rate=6
p-bindtoemitter=1 1
p-life=1
p-linger=0
p-quadrot=90 0 0
p-scale=100 100 0
p-scale1=0 0.5 0.5 1
p-scale2=1 1 1 1
p-texture=ball32_02.dds
p-xrgba=0 0.282353 0.164706 1
p-xrgba1=0 1 1 1 0
p-xrgba2=0.5 1 1 1 1
p-xrgba3=1 1 1 1 0
pass=10
rendermode=4

[Slash]
e-life=4
e-local-orient=0
e-rate=23
p-flexoffset=0.004999999888241291
p-life=0.2
p-linger=0
p-quadrot=0 0 90
p-scale=140 50 0
p-texture=Vladimir_Skin06_Z_SoulSparkssub.dds
p-type=1
p-xrgba=1 1 1 1
p-xrgba1=0 1 1 1 1
p-xrgba2=0.5 0 1 0.501961 1
p-xrgba3=1 0 0.121569 0.239216 0
p-xscale=1 1 1
p-xscale1=0 0.4 1 1
p-xscale2=0.5 2 0.30000000000000004 1
p-xscale3=1 2.5 0 1
pass=20
rendermode=2

[SoulAdd]
e-framerate=0
e-life=4
e-rate=30
e-rate1=0 1
e-rate2=1 4
e-rotation1=1
e-rotation1-axis=0 1 0
e-rotation1P1=0 0
e-rotation1P2=1 360
e-rotation2=1
e-rotation2-axis=0 0 1
e-rotation2P1=0 0
e-rotation2P2=1 360
p-bindtoemitter=1 1
p-life=1
p-life1=0 1
p-life2=1 0.15000000596046448
p-lifeP1=0 0.5
p-lifeP2=0.9 1
p-lifeP3=1 1.3
p-linger=0
p-numframes=16
p-offset=1 0 0
p-orbitvel=0 0.3 0
p-orbitvelXP1=0 -1
p-orbitvelXP2=1 1
p-orbitvelYP1=0 -1
p-orbitvelYP2=1 1
p-randomstartframe=1
p-scale=25 20 0
p-scaleXP1=0 0.3
p-scaleXP2=1 1.25
p-scaleYP1=0 0.5
p-scaleYP2=1 1.25
p-texdiv=4 4
p-texture=Vladimir_Skin06_Z_SoulWispsBold.dds
p-vecalign=1
p-vel=0 40 0
p-velXP1=0 0.7
p-velXP2=1 1
p-velYP1=0 0.3
p-velYP2=1 1
p-velZP1=0 -1
p-velZP2=1 1
p-xrgba=1 1 1 1
p-xrgba1=0 1 1 1 0
p-xrgba2=0.2 0.780392 1 0.968627 1
p-xrgba3=0.5 0 1 0.8 1
p-xrgba4=1 0 0.2 1 0
p-xscale=1 1 1
p-xscale1=0 1 0.5 1
p-xscale2=1 0.2 2 1
pass=12

[SoulSub]
e-framerate=0
e-life=4
e-rate=50
e-rate1=0 1
e-rate2=1 3
e-rotation1=1
e-rotation1-axis=0 1 0
e-rotation1P1=0 0
e-rotation1P2=1 360
e-rotation2=1
e-rotation2-axis=0 0 1
e-rotation2P1=0 0
e-rotation2P2=1 360
p-bindtoemitter=1 1
p-life=1
p-lifeP1=0 0.5
p-lifeP2=0.9 1
p-lifeP3=1 1.3
p-linger=0
p-numframes=16
p-offset=1 0 0
p-orbitvel=0 0.3 0
p-orbitvelXP1=0 -1
p-orbitvelXP2=1 1
p-orbitvelYP1=0 -1
p-orbitvelYP2=1 1
p-randomstartframe=1
p-scale=25 20 0
p-scale1=0 2 2 1
p-scale2=0.30000000000000004 2 2 1
p-scale3=0.8 3 3 1
p-scaleXP1=0 0.3
p-scaleXP2=1 1.25
p-scaleYP1=0 0.5
p-scaleYP2=1 1.25
p-texdiv=4 4
p-texture=Vladimir_Skin06_Z_SoulWispsAlpha.dds
p-vecalign=1
p-vel=0 180 0
p-vel1=0 0 0 0
p-vel2=1 0 1 0
p-velXP1=0 0.7
p-velXP2=1 1
p-velYP1=0 0.3
p-velYP2=1 1
p-velZP1=0 -1
p-velZP2=1 1
p-xrgba=1 1 1 1
p-xrgba1=0 0 0 0 0
p-xrgba2=0.2 0 0 0 1
p-xrgba3=0.5 0 0 0 1
p-xrgba4=1 0 0 0 0
p-xscale=1 1 1
p-xscale1=0 1 0.5 1
p-xscale2=1 0.2 2 1
pass=12
rendermode=1

[System]
GroupPart1=SoulAdd
GroupPart2=SoulSub
GroupPart3=distort
GroupPart3Type=Simple
GroupPart4=Slash
GroupPart5=BlackFlash
SimulateEveryFrame=1

[distort]
e-life=1
e-rate=1
flag-disable-z=1
p-bindtoemitter=1 1
p-coloroffset=0.4 0
p-colorscale=0.6000000000000001 1
p-distortion-power=0.009999999776482582
p-flexoffset=0.004999999888241291
p-life=1
p-linger=0
p-normal-map=distort-ripples.tga
p-rgba=color-bellcurve32.tga
p-scale=100
p-texture=Aura_Self.dds
p-xscale=1
p-xscale1=0 0.4
p-xscale2=1 1
rendermode=1
single-particle=1

