[System]
GroupPart1=bloodballbig
GroupPart1Type=Simple
GroupPart2=bloodballsmall
GroupPart2Type=Simple
SimulateEveryFrame=1

[attraction]
f-accel=1000
f-pos=0 0 0
f-radius=2000

[bloodballbig]
e-life=-1
e-linger=0
e-local-orient=0
e-rate=60
e-rotation1=1
e-rotation1-axis=0 0 1
e-rotation1P1=0 0
e-rotation1P2=1 360
e-rotation2=1
e-rotation2P1=0 0
e-rotation2P2=1 360
field-attract-1=attraction
p-bindtoemitter=1 1
p-life=1
p-lifeP1=0 0.5
p-lifeP2=1 1
p-linger=0
p-mesh=insphere.sco
p-offset=1 0 0
p-offsetXP1=0 5
p-offsetXP2=1 10
p-postoffset=0 0 0
p-quadrot=0
p-rgba=color-NOBLOOD-blooddrops32.tga
p-rotvel=1
p-rotvelXP1=0 -10
p-rotvelXP2=1 10
p-scale=4
p-scaleP1=0 1
p-scaleP2=1 2
p-shadow=1
p-simpleorient=3
p-texdiv=1 1
p-texture=NOBLOOD-inVball-blood.tga
p-type=3
p-vel=100 0 0
p-velXP1=0 0.9
p-velXP2=1 1
p-xscale1=0 1
p-xscale2=0.2 2
p-xscale3=0.8 2
p-xscale4=1 1
pass=10
rendermode=1

[bloodballsmall]
e-life=-1
e-linger=0
e-local-orient=0
e-rate=30
e-rotation1=1
e-rotation1-axis=0 0 1
e-rotation1P1=0 -90
e-rotation1P2=1 90
e-rotation2=1
e-rotation2P1=0 0
e-rotation2P2=1 180
field-attract-1=attraction
p-bindtoemitter=1 1
p-life=0.6000000000000001
p-lifeP1=0 0.5
p-lifeP2=1 1
p-linger=0
p-mesh=insphere.sco
p-offset=10 0 0
p-postoffset=0 0 0
p-quadrot=0
p-rgba=color-NOBLOOD-blooddrops32.tga
p-rotvel=1
p-rotvelXP1=0 -10
p-rotvelXP2=1 10
p-scale=2.5
p-scaleP1=0 1
p-scaleP2=1 2
p-simpleorient=3
p-texdiv=1 1
p-texture=NOBLOOD-inVball-blood.tga
p-type=3
p-vel=200 0 0
p-velXP1=0 0.9
p-velXP2=1 1
p-xscale1=0 0
p-xscale2=0.2 1
p-xscale3=0.8 1
p-xscale4=1 0
rendermode=1

[UNKNOWN_HASHES]
unk01BCF9B1=1 1 1
unk0BB28723=0 0 1
unk0CB00EF6=invball-blood.tga
unk195BDF64=1
unk195BDF65=1
unk1A6DD986=10 10 10
unk1D0A8925=0 0
unk1D0A8926=1 360
unk1D8898A6=0 0
unk1D8898A7=1 360
unk22C3EDCE=1 1
unk245D8B33=0 1
unk245D8B34=1 1.6
unk24DB9AB4=0 1
unk24DB9AB5=1 1.6
unk2559AA35=0 1
unk2559AA36=1 1.6
unk2734EC53=40 0 0
unk2785F119=1
unk2AAB1EE0=0 0.8
unk2AAB1EE1=1 1.2000000000000002
unk2B60DA10=0 0.30000000000000004
unk2B60DA11=1 1
unk3C1CC361=0 0.9
unk3C1CC362=1 1
unk43B0EA75=1
unk43B0EA76=2
unk4675CF4C=40 0 0
unk46CFF81E=3
unk4E91C698=10
unk54C448C4=-500 0 0
unk5AE17BF8=1 1 1
unk6E9EB359=1 1
unk7189F559=0.8
unk7C4C1B1D=1
unk7DA1C7A4=100000
unk81033F2C=0 0
unk81033F2D=1 360
unk81814EAD=0 0
unk81814EAE=1 360
unk834A9720=0
unk87B2B9D1=color-eyefade32.tga
unk8BBCD1F0=1 0 0
unk906CAFEC=0 0.6000000000000001
unk906CAFED=1 1.4000000000000001
unk90E83388=120
unk9ACE2820=150 0 0
unk9E258B4A=insphere.sco
unk9E7010D6=1
unkA62B43D8=0 -20
unkA62B43D9=1 20
unkA82ACA0D=5 5 5
unkAA45E9E4=1
unkAA81A419=200 0 0
unkAFC00F2E=1
unkAFC00F2F=2
unkB14465E7=0
unkBB76CC60=1
unkBE6AE5A3=0 0 1
unkCAAE77A0=0.8
unkCF4E9B62=0 0 0 0
unkCF4E9B63=0.1 2 2 2
unkCF4E9B64=0.8 2 2 2
unkCF4E9B65=1 1 1 1
unkD5CEE8EB=1
unkD5CEE8EC=1
unkD6C649EB=100000
unkD79307EA=0 0 1
unkE0D73C18=color-eyefade32.tga
unkE281394B=-400 0 0
unkE42E90D2=1 1
unkE9B83A51=0 -20
unkE9B83A52=1 20
unkEA0CB5CF=120
unkEB9B0249=0 20
unkEB9B024A=1 30
unkEC64B46A=0 0 1
unkED6F2BFD=invball-blood.tga
unkEDAB75D7=3
unkEE8F7E5B=0 1 1 1
unkEE8F7E5C=0.2 2 2 2
unkEE8F7E5D=0.8 2 2 2
unkEE8F7E5E=1 1 1 1
unkF4CA1F07=1 1
unkF74A0D91=insphere.sco
unkFCB15019=0 0.8
unkFCB1501A=1 1.2000000000000002
unkFD670B49=0 0.30000000000000004
unkFD670B4A=1 1
