[Basic]
e-framerate=0
e-life=0.5
e-rate=20
e-rotation1=1
e-rotation1-axis=0 1 0
e-rotation1P1=0 0
e-rotation1P2=1 360
flag-disable-z=1
p-drag=6 6 6
p-flexoffset=0.004999999888241291
p-life=0.15000000596046448
p-lifeP1=0 0.5
p-lifeP2=0.9 1
p-lifeP3=1 1.3
p-linger=0
p-numframes=16
p-offset=170 1 0
p-offsetYP1=0 0
p-offsetYP2=1 1
p-orbitvel=0 0.1 0
p-orbitvelXP1=0 -1
p-orbitvelXP2=1 1
p-orbitvelYP1=0 -1
p-orbitvelYP2=1 1
p-postoffset=0 60 0
p-quadrot=90 0 0
p-randomstartframe=1
p-scale=35 40 0
p-scaleXP1=0 0.3
p-scaleXP2=1 1.25
p-scaleYP1=0 0.75
p-scaleYP2=1 1.25
p-texdiv=4 4
p-texture=Vladimir_Skin06_Z_SoulWisps.dds
p-type=1
p-vecalign=1
p-vel=-1700 0 0
p-velXP1=0 0.7
p-velXP2=1 1
p-velZP1=0 -1
p-velZP2=1 1
p-xrgba=1 1 1 1
p-xrgba1=0 1 1 1 1
p-xrgba2=0.5 0 1 0.8 1
p-xrgba3=1 0 0.2 1 0
p-xscale=1 1 1
p-xscale1=0 0.2 0.5 1
p-xscale2=1 1 2 1
single-particle=1

[BlackFlash]
e-life=1
e-rate=1
e-rotation1=1
e-rotation1-axis=1 0 0
e-rotation1P1=0 0
e-rotation1P2=1 360
e-rotation2=1
e-rotation2-axis=0 1 0
e-rotation2P1=0 0
e-rotation2P2=1 360
p-life=1
p-linger=0
p-quadrot=90 0 0
p-scale=200 200 0
p-texture=ball32_02.dds
p-type=1
p-xrgba=0 0.039216 0.043137 1
p-xrgba1=0 1 1 1 1
p-xrgba2=1 1 1 1 0
pass=-10
rendermode=1
single-particle=1

[BlackMotes]
e-life=1
e-rate=12
flag-disable-z=1
p-drag=2 2 2
p-flexoffset=0.004999999888241291
p-life=1
p-lifeP1=0 0.5
p-lifeP2=0.9 1
p-lifeP3=1 2
p-linger=0
p-offset=0 200 0
p-offsetYP1=0 0
p-offsetYP2=1 1
p-orbitvel=0 1 0
p-quadrot=0 0 90
p-scale=12 12 0
p-scaleXP1=0 0.5
p-scaleXP2=1 2
p-texture=Vladimir_Skin06_Z_SoulSparkssub.dds
p-vel=40 150 40
p-velXP1=0 -1
p-velXP2=1 1
p-velYP1=0 0.3
p-velYP2=1 1
p-velZP1=0 -1
p-velZP2=1 1
p-xrgba=1 1 1 1
p-xrgba1=0 1 1 1 1
p-xrgba2=0.5 1 0 0 1
p-xrgba3=1 1 1 1 1
p-xscale=1 1 1
p-xscale1=0 0 1 1
p-xscale2=0.2 1 0.30000000000000004 1
p-xscale3=1 0 0 0
pass=20
rendermode=2
single-particle=1
uniformscale=1

[Invert]
e-life=1
e-rate=3
flag-disable-z=1
p-flexoffset=0.004999999888241291
p-life=0.2
p-linger=0
p-offset=0 70 0
p-quadrot=0 0 90
p-scale=170 170 0
p-texture=Vladimir_Skin06_Z_SoulSparkssub.dds
p-xrgba=1 1 1 1
p-xrgba1=0 1 1 1 1
p-xrgba2=0.5 0 1 0.501961 1
p-xrgba3=1 0 0.121569 0.239216 0
p-xscale=1 1 1
p-xscale1=0 0 0 1
p-xscale2=0.30000000000000004 0.7000000000000001 0.7000000000000001 1
p-xscale3=0.8 1 1 1
p-xscale4=1 1.1 1.1 1
pass=20
rendermode=2
single-particle=1

[Slash]
e-life=0.1
e-rate=23
flag-disable-z=1
p-flexoffset=0.004999999888241291
p-life=0.25
p-linger=0
p-offset=0 70 0
p-quadrot=0 0 90
p-scale=230 80 0
p-texture=Vladimir_Skin06_Z_SoulSparkssub.dds
p-type=1
p-xrgba=1 1 1 1
p-xrgba1=0 1 1 1 1
p-xrgba2=0.5 0 1 0.501961 1
p-xrgba3=1 0 0.121569 0.239216 0
p-xscale=1 1 1
p-xscale1=0 0.4 1 1
p-xscale2=0.5 2 0.30000000000000004 1
p-xscale3=1 2.5 0 1
pass=20
rendermode=2

[SoulGlow]
e-life=1
e-rate=2
flag-disable-z=1
p-flexoffset=0.004999999888241291
p-life=0.5
p-linger=0
p-offset=0 70 0
p-quadrot=90 0 0
p-scale=200 200 0
p-texture=flare-omnimax.dds
p-xrgba=1 1 1 0.48799899220466614
p-xrgba1=0 0 1 0.466667 1
p-xrgba2=0.1 0 1 0.847059 1
p-xrgba3=1 0 0.031373 0.011765 0.082399
p-xscale=1 1 1
p-xscale1=0 1 1 1
p-xscale2=1 0.5 0 0
pass=1
rendermode=4
single-particle=1

[System]
GroupPart1=Basic
GroupPart2=BlackFlash
GroupPart3=Invert
GroupPart4=Slash
GroupPart5=SoulGlow
GroupPart6=BlackMotes
GroupPart7=distort
GroupPart7Type=Simple
PersistThruDeath=1
SimulateEveryFrame=1

[distort]
e-life=1
e-rate=1
flag-disable-z=1
p-bindtoemitter=1 1
p-coloroffset=0.4 0
p-colorscale=0.6000000000000001 1
p-distortion-power=0.004999999888241291
p-flexoffset=0.004999999888241291
p-life=0.4
p-linger=0
p-normal-map=distort-pinch.tga
p-offset=0 50 0
p-rgba=color-bellcurve32.tga
p-scale=200
p-texture=Aura_Self.dds
rendermode=1
single-particle=1

[UNKNOWN_HASHES]
unk5060E8A5=50
unk5161F23C=1000
unkC01414AB=0.05000000074505806
unkC44576C7=1
