[System]
GroupPart1=plasma
GroupPart2=flash

[flash]
e-life=1
e-linger=0
e-local-orient=1
e-rate=3
p-life=0.4
p-offset=0 50 0
p-rgba=color-rampdown.tga
p-scale=300 60 0
p-startframe=0
p-texdiv=1 1
p-texture=zapspark.tga
p-xscale1=0 0 1 0
p-xscale2=0.5 2 0.30000000000000004 0
p-xscale3=1 2 0.1 0
single-particle=1

[plasma]
e-life=0.30000000000000004
e-linger=0
e-rate=20
e-uvoffset=1 1
e-uvoffsetXP1=0 0
e-uvoffsetXP2=1 1
e-uvoffsetYP1=0 0
e-uvoffsetYP2=1 1
p-backfaceon=0
p-coloroffset=0 0
p-colorscale=1 1
p-colortype=1 3
p-frameRate=0
p-life=0.4
p-lifeP1=0 0.8
p-lifeP2=0.9 2
p-lifeP3=1 3
p-linger=0.4
p-mesh=magicBall.sco
p-meshtex=zapball5.tga
p-numframes=1
p-offset=20 50 20
p-offsetXP1=0 -1
p-offsetXP2=1 1
p-offsetZP1=0 -1
p-offsetZP2=1 1
p-postoffset=0 0 0
p-quadrot=360 360 360
p-quadrotYP1=0 0
p-quadrotYP2=1 1
p-rgba=color-lightning3.tga
p-rotvel=0 20 0
p-rotvelYP1=0 -1
p-rotvelYP2=1 1
p-scale=50 5 50
p-scaleXP1=0 0.8
p-scaleXP2=1 1
p-scaleZP1=0 0.8
p-scaleZP2=1 1
p-startframe=0
p-texdiv=0.4 0.6000000000000001
p-type=3
p-uvscroll-rgb=0 0.5
p-xscale1=3 0.7000000000000001 0.7000000000000001 0.7000000000000001
p-xscale2=3 0.7000000000000001 0.7000000000000001 0.7000000000000001
p-xscale3=3 0.7000000000000001 0.7000000000000001 0.7000000000000001
rendermode=0

