[System]
GroupPart1=speed_magic
GroupPart1Type=Simple
GroupPart2=leaf_01
GroupPart2Type=Simple
GroupPart3=leaf_02
GroupPart3Type=Simple
SimulateEveryFrame=1

[leaf_01]
e-life=4
e-rate=11
e-rotation1=1
e-rotation1-axis=0 0 1
e-rotation1P1=0 0
e-rotation1P2=1 360
e-rotation2=1
e-rotation2P1=0 0
e-rotation2P2=1 360
p-bindtoemitter=0.8 0
p-life=0.7000000000000001
p-lifeP1=0 0.8
p-lifeP2=1 2
p-linger=0.5
p-offset=10 12 0
p-postoffset=0 120 40
p-quadrot=1
p-quadrotP1=0 0
p-quadrotP2=1 180
p-rgba=alpha_20.tga
p-scale=1
p-scaleP1=0 5
p-scaleP2=1 30
p-texture=leaf_cold.dds
p-vel=0 1 0
p-velYP1=0 0
p-velYP2=1 17
p-xscale=1
p-xscale1=0 0
p-xscale2=0.7000000000000001 0.7000000000000001
p-xscale3=1 0.2
rendermode=1

[leaf_02]
e-life=4
e-rate=11
e-rotation1=1
e-rotation1-axis=0 0 1
e-rotation1P1=0 0
e-rotation1P2=1 360
e-rotation2=1
e-rotation2P1=0 0
e-rotation2P2=1 360
p-bindtoemitter=0.8 0
p-life=0.7000000000000001
p-lifeP1=0 0.8
p-lifeP2=1 2
p-linger=0.5
p-offset=10 12 0
p-postoffset=0 120 40
p-quadrot=1
p-quadrotP1=0 0
p-quadrotP2=1 180
p-rgba=alpha_20.tga
p-scale=1
p-scaleP1=0 25
p-scaleP2=1 50
p-texture=leaf_08.dds
p-vel=0 1 0
p-velYP1=0 0
p-velYP2=1 17
p-xscale=1
p-xscale1=0 0
p-xscale2=0.7000000000000001 0.7000000000000001
p-xscale3=1 0.2
rendermode=1

[speed_magic]
e-life=4
e-rate=35
e-rotation1=1
e-rotation1-axis=0 0 1
e-rotation1P1=0 0
e-rotation1P2=1 360
e-rotation2=1
e-rotation2P1=0 0
e-rotation2P2=1 360
p-bindtoemitter=0.8 0
p-life=0.6000000000000001
p-lifeP1=0 0.8
p-lifeP2=1 2
p-offset=10 12 0
p-postoffset=0 120 40
p-quadrot=1
p-quadrotP1=0 0
p-quadrotP2=1 180
p-rgba=color-rampdown.tga
p-scale=1
p-scaleP1=0 18
p-scaleP2=1 65
p-texture=flare-Rainbow_blue_03.dds
p-vel=0 1 0
p-velYP1=0 0
p-velYP2=1 17
p-xscale=1
p-xscale1=0 0
p-xscale2=0.7000000000000001 0.8
p-xscale3=1 0.2

