[Q_buf]
KeywordsRequired=VolibearRunewars
e-life=100
e-linger=0
e-rate=4
p-life=0.25
p-local-orient=1
p-rgba=alpha_12.tga
p-scale=1.0125000476837158 1.0125000476837158 1.0125000476837158
p-simpleorient=3
p-texture=volibear_runeWars_mesh_pulse_Q2.tga
p-type=11
rendermode=0

[System]
GroupPart1=Q_buf
GroupPart1Importance=High
GroupPart1Type=Simple
GroupPart2=roar
GroupPart2Type=Simple
SimulateEveryFrame=1

[roar]
KeywordsRequired=VolibearRunewars
e-life=0.4
e-rate=4
p-life=0.375
p-local-orient=1
p-rgba=alpha_12.tga
p-scale=1 1 1
p-simpleorient=3
p-texture=volibear_runeWars_Q_02.tga
p-type=11
p-xrgba1=0 1 1 1 1
p-xrgba2=1 1 1 1 0
p-xscale=1 1 1
p-xscale1=0 1.2000000000000002 1.2000000000000002 1.2000000000000002
p-xscale2=0.5 1.1 1.1 1.1
p-xscale3=1 1 1 1
rendermode=0

[UNKNOWN_HASHES]
unk215B8117=0
unk23D97E27=VolibearRunewars
unk2A464357=1
unk365E15A2=1
unk406F07CF=black.tga
unk49A48186=1
unk6C7FFB8F=0
unk95E6F8A0=black.tga
unkC5A744DB=volibear_runeWars_props_03.tga
