[System]
GroupPart1=frenzy_flash
GroupPart1Importance=High
GroupPart1Type=Simple
GroupPart2=paw_cast
GroupPart2Importance=High
GroupPart2Type=Simple
GroupPart3=claw_buf2
GroupPart3Importance=High
GroupPart3Type=Simple
SimulateEveryFrame=1

[claw_buf2]
e-life=-1
e-linger=0
e-local-orient=0
e-rate=3
e-timeoffset=0.125
p-bindtoemitter=1 1
p-life=0.35
p-linger=0
p-offset=1 1 1
p-postoffset=0 175 0
p-scale=73
p-texture=volibear_W_maxStack.tga
p-vel=0 0 0
p-xscale=1 1 1
p-xscale1=0 0.3 0.3 0.3
p-xscale2=0.5 0.55 0.55 0.55
p-xscale3=1 0.3 0.3 0.3
rendermode=0

[frenzy_flash]
e-life=0.2
e-linger=0
e-local-orient=0
e-rate=2
e-timeoffset=0.125
p-frameRate=0
p-life=0.05000000074505806
p-numframes=1
p-postoffset=0 165 0
p-quadrot=1
p-quadrotP1=0 0
p-quadrotP2=1 360
p-rgba=alpha_12.tga
p-rotvel=90 90 0
p-scale=555
p-startframe=0
p-texdiv=1 1
p-texture=Flare-sun_28.tga
p-type=0
p-xscale1=0 1
p-xscale2=0.5 0.5
p-xscale3=1 0
rendermode=0

[paw_cast]
e-life=0.1
e-linger=0
e-local-orient=0
e-rate=10
p-bindtoemitter=1 1
p-life=0.4
p-linger=0
p-offset=1 1 1
p-postoffset=0 205 0
p-rgba=alpha_12.tga
p-scale=130
p-texture=volibear_W_maxStack.tga
p-vel=0 0 0
p-xscale=1 1 1
p-xscale1=0 0 0 0
p-xscale2=0.5 0.75 0.75 0.75
p-xscale3=1 1.25 1.25 1.25
rendermode=0

[UNKNOWN_HASHES]
unk00552B60=100
unk04001268=100
unk043FA785=0
unk04BEADFB=0 0 0
unk04C22E99=0
unk09748996=0.4
unk0995E63E=0.4
unk0AF5A8F2=0 0 0 0
unk0AF5A8F3=0.5 0.75 0.75 0.75
unk0AF5A8F4=1 1.25 1.25 1.25
unk0E6C87C9=0 0.7
unk0E6C87CA=0.30000001192092896 1.850000023841858
unk0E6C87CB=1 0.7
unk0EC786ED=0 175 0
unk13BA56F4=1 1 1
unk146E832A=1 1 1 1
unk158C5BE1=-1
unk15ADB889=-1
unk15C99C67=0 175 0
unk1B195795=1
unk2354490E=1
unk26039F9D=100
unk280A85B4=1 1
unk2862F610=0.35
unk28D2C7C5=3
unk28F4246D=3
unk2A2FA697=0 0
unk2A2FA698=1 1
unk2E65A15D=0
unk3012DCFE=0
unk31CF663D=0 0 0 0
unk31CF663E=0.5 1 1 1
unk31CF663F=1 0 0 0
unk33611BEF=0 0
unk33611BF0=1 1
unk347AC85B=-1
unk356B5F58=0.125
unk3B7CDC22=0
unk41A52051=90 90 0
unk46894BC9=0 0.5
unk46894BCA=1 -0.5
unk47C1343F=3
unk495CA0A7=volibear_W_maxStack.tga
unk49D925EC=0
unk4DB2C4E5=0 0 0 0
unk4DB2C4E6=0.5 1 1 1
unk4DB2C4E7=1 0 0 0
unk4F74825B=0
unk51372590=0
unk51C83CA0=0 175 0
unk54570008=1
unk55510C34=0 0
unk55510C35=0.5 0.5
unk55510C36=1 1
unk59A96060=1 1 1
unk60013666=0 0
unk60013667=1 360
unk635FC250=0
unk65226585=0
unk655C2706=1 1
unk660868E9=1 1
unk66589DC6=1 1 1
unk685103DF=560
unk6BAF2856=0
unk6C52BBC9=0.4
unk6D94A055=1 1 1
unk6E49B4A3=0 0 0
unk6E7EFF21=0 0.7
unk6E7EFF22=0.30000001192092896 1.850000023841858
unk6E7EFF23=1 0.7
unk73CCCE4C=1 1 1
unk779689A9=0 0 0
unk780459B5=1 1
unk786A8E14=0.225
unk81742536=0
unk82259721=0 0.5
unk82259722=1 -0.5
unk827B8041=alpha_12.tga
unk83341E66=0
unk85F4321F=0
unk86BD75AE=volibear_W_maxStack.tga
unk881E2707=0.25
unk89B5B72E=360
unk8A5C4787=0 0 0 0 1
unk8A5C4788=1 1 1 1 1
unk8BB0F9F8=10
unk8E331381=1
unk8F2D685C=1 1
unk91273294=0
unk92F1B4C7=0
unk9435F952=0.15
unk9BD31F60=1
unk9E46EB7F=alpha_12.tga
unk9F224510=170
unkA042B408=100
unkA2D534DA=1
unkA50A8E62=1 1
unkA59915D6=360
unkA77C6536=2
unkA848F716=73
unkAD375D25=1
unkAD9732F9=flare-sun_33.tga
unkAF90B5D2=1 1 1 1
unkB5FE0922=0
unkB7C0AC57=0
unkC032E727=1 1 1
unkC37239A8=0
unkC534DCDD=0
unkC74B6795=0 175 0
unkC97A91A1=flare-sun_22.tga
unkCD94D3EB=0 0.3 0.3 0.3
unkCD94D3EC=0.5 0.55 0.55 0.55
unkCD94D3ED=1 0.3 0.3 0.3
unkCDA717AD=1 1 1
unkD118D8F0=Flare-sun_28.tga
unkD93CC5B0=0 0 0
unkDD28EADE=0 165 0
unkDE455A1D=1 1
unkDED3D513=1
unkE3324789=0
unkEA6EBEDF=0 0 0 0 1
unkEA6EBEE0=1 1 1 1 1
unkF356DAD0=1
unkF96CBF1F=0.125
unkFFCF16FF=1 1 1
