[System]
SimulateEveryFrame=1

[UNKNOWN_HASHES]
unk2DC97DCD=1 1 1
unk3E52B562=0 1 1 1 1
unk3E52B563=1 1 1 1 0
unk5DE5ABA4=1
unk617A0D59=1
unk65173BDE=volibear_E_skin.tga
unk76425199=0.35
unk775BC294=3
unk825A23E4=0.1
unk8C6B1611=alpha_20.tga
unk95A08FC8=15
unkC7B0C4CF=1 1 1
unkE94F6F22=0 1 1 1
unkE94F6F23=0.5 1.2 1.2 1.2
unkE94F6F24=1 1.4000000000000001 1.4000000000000001 1.4000000000000001
unkF263D217=11
