[System]
GroupPart1=beam1
GroupPart2=beam2

[beam1]
e-life=8
e-linger=0
e-local-orient=1
e-rate=18.2
e-tilesize=0 170 1
e-uvoffset=0.6 0.15
p-bindtoemitter=1
p-coloroffset=0 0
p-colorscale=1 0
p-colortype=1 3
p-frameRate=0
p-life=0.6
p-linger=0
p-numframes=3
p-offset=0 0 0
p-randomstartframe=1
p-rgba=color-smoke32_08.tga
p-scale=70 1 1
p-startframe=0
p-texdiv=3 3
p-texture=lich_beam.tga
p-type=6
p-uvscroll-rgb=0.6 0
rendermode=1

[beam2]
e-life=8
e-linger=0
e-local-orient=1
e-rate=18.3
e-tilesize=0 170 1
e-uvoffset=1 1
e-uvoffsetXP1=0 0
e-uvoffsetXP2=1 1
p-bindtoemitter=1
p-coloroffset=0 0
p-colorscale=1 0
p-colortype=1 3
p-frameRate=0
p-life=0.6
p-linger=0
p-numframes=3
p-offset=0 0 0
p-randomstartframe=1
p-rgba=color-smoke32_08.tga
p-scale=70 1 1
p-startframe=0
p-texdiv=3 3
p-texture=lich_beam.tga
p-type=6
p-uvscroll-rgb=-1.2000000476837158 0
rendermode=1

[UNKNOWN_HASHES]
unk032F65FF=1
unk11E72E1D=0 170 1
unk275190BD=6
unk3338EECF=1000
unk551330D7=0 0 0
unk62936811=1
unk656E135A=1 3
unk8702FBD1=0
unk88C59F06=0
unk8B071A95=1
unk8BE378EA=0
unk8E259DF3=1
unk9137D9D6=0 0 0
unkAB30103F=2
unkAC4359B8=lich_beam.tga
unkB747E28A=8
unkBE928D4A=1 0
unkC158D4B7=color-smoke32_09.tga
unkC4812A71=0.9 0
unkCA8E4E6E=8.200000000000001
unkD282DDF3=0 0
unkDE99B049=3
unkE77CBA6E=0
unkF2E859B2=0 0.8529999852180481
unkF2E859B3=1 1.0751479864120483
unkF2F168A7=70 1 1
unkF3A66671=4
unkFA4526ED=3 3
