[System]
GroupPart1=post1
GroupPart1Type=complex

[post1]
e-life=0.5
e-linger=0
e-local-orient=1
e-rate=1
p-backfaceon=0
p-bindtoemitter=1
p-life=8
p-linger=0
p-mesh=lich_monolith_04.sco
p-meshtex=monolith_05.tga
p-postoffset=0 125 0
p-scale=65 65 65
p-shadow=1
p-texture=monolith_01.tga
p-type=3
rendermode=1
single-particle=1

[UNKNOWN_HASHES]
unk0B4A4BD8=100 100 100
unk0B7E18BC=0.5
unk1EC484A0=1
unk1FBEB78E=0
unk235AD841=1
unk24B83A38=0
unk267CF285=0 -100 0
unk2714941E=0
unk276E9BED=0 0
unk2C01DC62=lich_monolith_04.sco
unk31E5DF24=1 1
unk3338EECF=500
unk376DC27A=1
unk3FACBD1B=0 0
unk3FACBD1C=1 1
unk44F650CE=1
unk45A4E843=1
unk510E2319=2
unk524F53D0=1 0.2
unk551330D7=0 0 0
unk5638DAA1=100 100 100
unk5B1F1546=color-redlightning.tga
unk5C2EC0F3=1
unk6042849F=1
unk64548EFD=10
unk67920857=0
unk6813E4E0=0
unk6954AB8C=1
unk69D68815=1
unk6AB9C7D6=1
unk6E0A7FC5=2
unk71C6E65C=10 100 10
unk7248C2E5=0 100 0
unk73AE7D24=0
unk7A225210=9
unk7B3980F4=0
unk7B87C6EF=3
unk7CB3E7AD=0 0 0 0
unk7CB3E7AE=0.30000000000000004 1 1 1
unk7CB3E7AF=1 0 0 0
unk8035A1F6=0 0 0 0
unk8035A1F7=0.15000000596046448 1 1 1
unk8035A1F8=0.5 0.1 0.1 0.1
unk8035A1F9=1 0 0 0
unk819A2A31=1
unk8433443D=color-hotshotred.tga
unk89432CE5=monolith_05.tga
unk8D68BDF4=10
unk908F49DF=0 -50 0
unk9C586CC7=1
unkACF40759=1 0.2
unkB6F48F85=0
unkBA916954=7.5
unkBE42258B=1 0
unkC117D14C=0
unkC2BCFE1B=0
unkC886E895=0 0
unkC886E896=1 2
unkC9194B48=0 125 0
unkCAE16035=1
unkCC794B54=1 0
unkD01D3903=0
unkD1DFDC38=0
unkD5D27CA3=0.5 0
unkD5DE347D=0
unkD63FFEDD=0 -1
unkD63FFEDE=1 1
unkD6BE0E5E=0 0
unkD6BE0E5F=1 2
unkD73C1DDF=0 -1
unkD73C1DE0=1 1
unkDAD43373=2 3
unkDB560FFC=2 3
unkE27ABEF5=65 65 65
unkE4B78B1B=0
unkE6EA6906=monolith_01.tga
unkEA2C0043=0
unkF2EEB0E4=0
unkF3A66671=1
unkF87BB469=ryzebasicattack.tga
unkFBFD6EB2=ryzebasicattack.tga
unkFF664671=8
