[Burst]
e-life=0.5
e-rate=1
flag-disable-z=1
p-backfaceon=1
p-frameRate=15
p-life=0.2
p-numframes=9
p-quadrot=360 0 0
p-quadrotXP1=0 0
p-quadrotXP2=1 1
p-rgba=color-rampdown.tga
p-scale=120 120 120
p-startframe=1
p-texdiv=3 3
p-texture=Sightward_EOS_04_Flare_01.dds
p-xrgba=1 1 1 1
p-xrgba1=0 1 1 1 1
p-xrgba2=0.5 1 1 1 1
p-xrgba3=1 0.047059 0.745098 1 1
p-xscale=1 1 1
p-xscale1=0 0.2 0.2 1
p-xscale2=1 1 1 1
rendermode=4
single-particle=1
uniformscale=1

[Sparks_L1]
e-life=1
e-linger=1
e-rate=30
e-rgba=84 144 255 255
field-noise-1=moteNoise
p-bindtoemitter=1 1
p-colortype=1 3
p-drag=5 5 5
p-life=0.7000000000000001
p-lifeP1=0 0.5
p-lifeP2=1 2
p-orbitvel=0.1 0.5 0.1
p-orbitvelXP1=0 -1
p-orbitvelXP2=1 1
p-orbitvelYP1=0 -1
p-orbitvelYP2=1 1
p-orbitvelZP1=0 -1
p-orbitvelZP2=1 1
p-rgba=color-hold.tga
p-scale=30 30 30
p-scaleXP1=0 0.6
p-scaleXP2=1 2
p-scaleYP1=0 0.6
p-scaleYP2=1 2
p-texture=Sightward_EOS_04_Spark_01.dds
p-vel=300 600 300
p-velXP1=0 -1
p-velXP2=1 1
p-velYP1=0 -0.2
p-velYP2=1 1
p-velZP1=0 -1
p-velZP2=1 1
p-worldaccel=0 -200 0
p-xrgba=0.9764710068702698 1 1 1
p-xrgba1=0 1 1 1 1
p-xrgba2=1 0.298039 0.196078 0.113725 1
p-xscale=1 1 1
p-xscale1=0 0 0 0
p-xscale2=0.1 1 1 1
p-xscale3=1 0 0 0
rendermode=4
single-particle=1
uniformscale=1

[System]
GroupPart1=Sparks_L1
GroupPart2=Burst
PersistThruDeath=1
SimulateEveryFrame=1

