[Sparkle]
e-life=0.1
e-rate=200
e-rotation1=1
e-rotation1P1=0 0
e-rotation1P2=1 360
p-drag=5 5 5
p-life=0.7
p-lifeP1=0 0.6000000000000001
p-lifeP2=0.8 0.75
p-lifeP3=1 1.5
p-offset=10 0 -10
p-orbitvel=0 0.5 0
p-orbitvelYP1=0 1
p-orbitvelYP2=0.45 0.6
p-orbitvelYP3=0.55 -0.6
p-orbitvelYP4=1 -1
p-postoffset=0 50 0
p-rotvel=180 0 0
p-rotvelP1=0 -1
p-rotvelP2=1 1
p-scale=25 25 25
p-scaleXP1=0 1.5
p-scaleXP2=1 0.5
p-texture=Ward_S3Champ_idle_spark.dds
p-vel=600 250 0
p-velXP1=0 0.35
p-velXP2=1 1
p-worldaccel=0 -200 0
p-xrgba=1 1 1 1
p-xrgba1=0 1 1 1 1
p-xrgba2=1 1 0.4 1 1
p-xscale=1 1 1
p-xscale1=0 0.2 0.2 0.2
p-xscale2=0.1 3 3 3
p-xscale3=0.25 1 1 1
p-xscale4=1 0.15 0.15 0.15
rendermode=4
uniformscale=1

[System]
GroupPart1=Sparkle
GroupPart1Importance=Medium
GroupPart2=smoke
GroupPart2Importance=High
PersistThruDeath=1
SimulateEveryFrame=1

[attraction]
f-accel=50
f-pos=0 0 0
f-radius=400

[smoke]
e-life=1
e-rate=5
e-rotation1=1
e-rotation1P1=0 0
e-rotation1P2=1 360
field-attract-1=attraction
p-life=1.3
p-lifeP1=0 0.75
p-lifeP2=1 1.149999976158142
p-offset=10 0 0
p-postoffset=0 50 0
p-quadrot=1 1 1
p-quadrotXP1=0 1
p-quadrotXP2=1 360
p-rotvel=1 1 1
p-rotvelXP1=0 -120
p-rotvelXP2=1 120
p-scale=35 35 35
p-scaleXP1=0 0.9
p-scaleXP2=1 2
p-texture=Ward_S3Champ_idle_smoke.dds
p-vel=25 50 0
p-velXP1=0 1.1
p-velXP2=1 0.7699999809265137
p-xrgba=0.5 1 1 1
p-xrgba1=0 1 1 1 0
p-xrgba2=0.5 1 1 1 1
p-xrgba3=1 1 1 1 0
p-xscale=1 1 1
p-xscale1=0 0
p-xscale2=0.5 0.85
p-xscale3=1 2
rendermode=4
uniformscale=1

