[BlackFlash]
e-life=0.9
e-rate=2
p-life=0.5
p-lifeP1=0 0.7
p-lifeP2=1 1
p-offset=0 10 0
p-quadrot=-90 0 90
p-scale=150 170 100
p-startframe=1
p-texture=ball32_02.dds
p-type=1
p-xrgba=1 1 1 1
p-xrgba1=0 0.1 0 0 0
p-xrgba2=0.1 0.1 0 0 0.7
p-xrgba3=0.5 0.1 0 0 0.6
p-xrgba4=1 0.2 0 0 0
pass=1
rendermode=1
single-particle=1

[BrightCenter]
e-life=0.9
e-rate=2
p-life=0.7000000000000001
p-lifeP1=0 0.7
p-lifeP2=1 1
p-offset=0 10 0
p-quadrot=90 1 0
p-quadrotYP1=0 0
p-quadrotYP2=1 360
p-scale=120 100 100
p-startframe=1
p-texture=Pantheon_Skin06_Z_Shine.dds
p-type=1
p-xrgba=1 1 1 1
p-xrgba1=0 1 1 1 1
p-xrgba2=0.1 1 0.8 0.6 1
p-xrgba3=0.5 1 0.8 0 1
p-xrgba4=1 0.5 0 0 0
p-xscale=1 1 1
p-xscale1=0 0 0 0
p-xscale2=0.1 2 2 2
p-xscale3=0.30000000000000004 0.4 0.4 0.4
p-xscale4=1 0 0 0
pass=13
single-particle=1

[FireFlareAdd]
e-life=0.75
e-local-orient=0
e-rate=2
p-life=0.2
p-numframes=4
p-offset=0 80 0
p-quadrot=1 0 0
p-quadrotXP1=0 0
p-quadrotXP2=1 360
p-randomstartframe=1
p-scale=40 40 100
p-startframe=1
p-texture=ball32_01.dds
p-xrgba=1 1 1 1
p-xrgba1=0 1 1 1 1
p-xrgba2=0.1 1 1 0 1
p-xrgba3=0.5 1 0.7 0 1
p-xrgba4=1 1 0 0 0
p-xscale=1 1 1
p-xscale1=0 0 0 0
p-xscale2=0.6000000000000001 1 1 1
p-xscale3=1 1.1 1.1 1
pass=11
rendermode=4
single-particle=1

[FireWave]
e-life=0.1
e-local-orient=0
e-rate=1000
e-rotation1=1
e-rotation1-axis=0 1 0
e-rotation1P1=0 0
e-rotation1P2=1 360
p-colortype=1 3
p-drag=4 4 4
p-life=0.30000000000000004
p-lifeP1=0 0.5
p-lifeP2=0.9 1
p-lifeP3=1 1.5
p-linger=2
p-numframes=16
p-offset=10 10 0
p-offset1=0 0.5 1 0
p-offset2=0.3 0.8 1 0
p-offset3=1 1 1 0
p-offsetXP1=0 0.9
p-offsetXP2=1 1.0099999904632568
p-quadrot=90 0 0
p-randomstartframe=1
p-rotvel=20 0 0
p-rotvelXP1=0 -1
p-rotvelXP2=1 1
p-scale=50 50 30
p-scaleXP1=0 0.5
p-scaleXP2=0.9 1
p-scaleXP3=1 1.5
p-scaleYP1=0 0.5
p-scaleYP2=1 1.5
p-texdiv=4 4
p-texture=Pantheon_Skin06_Z_Firealpha.dds
p-type=1
p-vecalign=1
p-vel=550 0 0
p-velXP1=0 1
p-velXP2=0.009999999776482582 0.10000000149011612
p-velXP3=1 1
p-velYP1=0 0.1
p-velYP2=1 1
p-velZP1=0 -1
p-velZP2=1 1
p-xrgba=1 1 1 1
p-xrgba1=0 1 1 0.6 1
p-xrgba2=0.3 1 1 0.6 1
p-xrgba3=0.5 1 0.7 0 0.5
p-xrgba4=0.7 1 0.15 0 0.34
p-xrgba5=1 0.3 0 0 0
p-xscale=1 1 1
p-xscale1=0 0.2 0.7 1
p-xscale2=1 1.2000000000000002 1.7000000000000002 1
pass=1000
rendermode=4

[FleckNoise]
f-period=0.05000000074505806
f-radius=1000
f-veldelta=20

[LingerSparks]
e-life=1
e-linger=2
e-local-orient=0
e-rate=13
e-rateP1=0 0.5
e-rateP2=1 2
e-rotation1=1
e-rotation1-axis=0 1 0
e-rotation1P1=0 0
e-rotation1P2=1 360
field-noise-1=FleckNoise
p-colorscale=0.5 1
p-drag=3 0 3
p-life=1
p-lifeP1=0 0.5
p-lifeP2=0.9 1
p-lifeP3=1 1.5
p-offset=60 5 0
p-offsetXP1=0 0
p-offsetXP2=1 1
p-offsetZP1=0 -1
p-offsetZP2=1 1
p-orbitvel=0 0.2 0
p-orbitvelYP1=0 -1
p-orbitvelYP2=1 1
p-postoffset=0 0 0
p-postoffsetXP1=0 0
p-postoffsetXP2=1 1
p-randomstartframe=1
p-rgba=Pantheon_Skin06_Z_FireFlicker.dds
p-rotvel=700 700 700
p-rotvelXP1=0 -1
p-rotvelXP2=1 1
p-rotvelYP1=0 -1
p-rotvelYP2=1 1
p-rotvelZP1=0 -1
p-rotvelZP2=1 1
p-scale=11 11 10
p-scaleXP1=0 0.5
p-scaleXP2=0.9 1
p-scaleXP3=1 2
p-scaleYP1=0 0.2
p-scaleYP2=1 1.2000000000000002
p-texture=Pantheon_Skin06_Z_Spark.dds
p-type=1
p-vel=110 150 0
p-velXP1=0 0.8
p-velXP2=1 1
p-velYP1=0 0.5
p-velYP2=1 1.4000000000000001
p-velZP1=0 -1
p-velZP2=1 1
p-worldaccel=0 -10 0
p-xrgba=1 1 1 1
p-xrgba1=0 1 1 1 1
p-xrgba2=0.7 1 0.7 0.5 1
p-xrgba3=1 1 0.2 0 1
p-xscale=1 1 1
p-xscale1=0 1.5 1.5 1.5
p-xscale2=0.8 1 1 1
p-xscale3=1 0 0 0
pass=1000
rendermode=4
uniformscale=1

[System]
GroupPart1=BlackFlash
GroupPart2=BrightCenter
GroupPart3=FireFlareAdd
GroupPart4=FireWave
GroupPart5=LingerSparks
PersistThruDeath=1
SimulateEveryFrame=1

