[System]
SimulateEveryFrame=1

[UNKNOWN_HASHES]
unk029C9148=0 0 0
unk03E8AA1F=4 4
unk05E07031=0
unk0D2C2FD3=1
unk0D2C2FD4=1
unk0D3FF8F5=8
unk12EAD64A=0 0
unk12EAD64B=0.2 1
unk12EAD64C=0.8 1
unk12EAD64D=1 1
unk193195A8=1 3
unk1D417FB2=0 0.8
unk1D417FB3=0.949999988079071 1
unk1D417FB4=1 1.5
unk2364E23B=1 0 0
unk2C121B9F=50 600 50
unk3338EECF=1000
unk3991437A=0 1 0
unk551330D7=0 300 0
unk57D48B84=0
unk592C1241=1 1
unk642B557C=0 -30
unk642B557D=1 30
unk6AD1273B=1
unk7DFD9E7C=1 1
unk8EB2A306=bearfire.tga
unk90A67F03=0
unk925D3297=12
unk9ADB5D08=5 0 0
unkA6E7CBA0=0
unkADB28C71=0.30000000000000004
unkB9CA5EBC=10000
unkBC98B2C7=1
unkC3DB50E9=color-bearfiredark.tga
unkC45B9214=0 0
unkC45B9215=1 360
unkC4D9A195=0 0
unkC4D9A196=1 360
unkCBC947E3=Drag
unkCD10CAA0=100
unkD7642641=FirewolfWarwick
unkE91E1F21=Accel
unkF3A66671=0.4
unkF5D8EA36=0 0.5
unkF5D8EA37=0.9 1.5
unkF5D8EA38=1 2
unkFFB78E43=1
