[System]
GroupPart1=armor_sparkle
GroupPart1Importance=Low
GroupPart1Type=Simple

[armor_sparkle]
KeywordsExcluded=ZhaoYunXinZhao
e-life=0.5
e-linger=-1
e-rate=140
e-rotation1=1
e-rotation1P1=0 0
e-rotation1P2=1 360
p-bindtoemitter=0 0
p-life=0.3
p-lifeP1=0 0.8159999847412109
p-lifeP2=1 1.1122219562530518
p-offset=1 1 1
p-offsetXP1=0 0
p-offsetXP2=1 10
p-offsetYP1=0 0
p-offsetYP2=1 10
p-offsetZP1=0 0
p-offsetZP2=1 10
p-postoffset=0 -30 0
p-rotvel=180
p-rotvelP1=0 -1
p-rotvelP2=1 1
p-scale=21
p-scaleP1=0 1.149999976158142
p-scaleP2=1 0.55
p-texture=Flare-Rainbow_yellow_02.tga
p-vel=60 60 0
p-velXP1=0 1.1
p-velXP2=1 0.6700000166893005
p-xscale=1
p-xscale1=0 0.75
p-xscale2=0.5 1.7
p-xscale3=1 0.15
rendermode=0

