[System]
GroupPart1=impact
GroupPart1Importance=High
GroupPart1Type=Simple
GroupPart2=magic
GroupPart2Importance=High
GroupPart2Type=Simple
GroupPart3=impact_02
GroupPart3Importance=High
GroupPart3Type=Simple
GroupPart4=ring
GroupPart4Importance=High
GroupPart4Type=Simple
PersistThruDeath=1

[impact]
e-life=0.1
e-linger=0
e-local-orient=1
e-rate=10
e-rgba=255 255 255 255
p-bindtoemitter=0
p-colorscale=1 1
p-colortype=1 0
p-flexoffset=200
p-flexscale=0.525
p-life=0.11999999731779099
p-linger=0
p-postoffset=0 50 0
p-quadrot=1
p-quadrotP1=0 1
p-quadrotP2=1 360
p-rgba=color-smack.tga
p-scale=1.2000000000000002
p-scaleP1=0 0.9
p-scaleP2=1 1.1
p-startframe=1
p-texture=shadow_step_05.tga
p-type=0
p-xscale=1
p-xscale1=0 1
p-xscale2=0.1 2
p-xscale3=1 0.30000000000000004
rendermode=0

[impact_02]
e-life=0.1
e-linger=0
e-local-orient=1
e-rate=10
e-rgba=255 255 255 255
p-bindtoemitter=0
p-colorscale=1 1
p-colortype=1 0
p-flexoffset=200
p-flexscale=0.525
p-life=0.11999999731779099
p-linger=0
p-postoffset=0 50 0
p-quadrot=1
p-quadrotP1=0 1
p-quadrotP2=1 360
p-rgba=color-smack.tga
p-scale=1.5
p-startframe=1
p-texture=shadow_step_26.tga
p-type=0
rendermode=0

[magic]
e-life=0.125
e-linger=1.5
e-rate=125
e-rotation1=1
e-rotation1P1=0 0
e-rotation1P2=1 360
field-accel-1=gravity
p-bindtoemitter=1 ,8
p-life=0.4
p-lifeP1=0 0.15
p-lifeP2=1 1
p-offset=20 20 20
p-offsetXP1=0 0
p-offsetXP2=1 1
p-offsetYP1=0 0
p-offsetYP2=1 3
p-postoffset=0 30 0
p-quadrot=0
p-rgba=color-smoke32_07.tga
p-rotvel=1
p-rotvel1=0 0 0 0
p-rotvel2=1 0 0 180
p-scale=100
p-scaleP1=0 0.25
p-scaleP2=1 0.85
p-texture=flare-Rainbow_red_02.tga
p-vel=325 325 325
p-velYP1=0 1.5499999523162842
p-velYP2=1 0.25
p-xscale=1
p-xscale1=0 1
p-xscale2=0.4 1
p-xscale3=1 0

[ring]
e-rate=1
p-life=0.4
p-linger=0
p-offset=0 90 0
p-quadrot=1
p-quadrotXP1=0 0
p-quadrotXP2=1 45
p-rgba=color-bellcurve.tga
p-scale=60
p-startframe=1
p-texdiv=2 1
p-texture=HeadButt09.tga
p-xscale=1 1 1
p-xscale1=0 0 1 1
p-xscale2=1 2.5 1 1
single-particle=1

[UNKNOWN_HASHES]
unk02ABBCE7=0 0 0 0 255
unk02ABBCE8=0.1226667 255 255 255 255
unk02ABBCE9=0.2370705 211 255 212 255
unk02ABBCEA=0.3477372 166 255 154 255
unk02ABBCEB=0.7173334 0 255 0 255
unk02ABBCEC=1 0 0 0 255
unk1954C438=0 760 0
unk1D564ED0=0
unk20F4DA25=28 28 28
unk2FEB7301=1
unk30C25F41=0.5
unk39B29371=0 0
unk39B32C18=0 70 0
unk3CDA318C=0.2
unk40B65D31=0.004999999888241291
unk46EB23B9=color-bloodfade32.tga
unk50209D70=300
unk558EC7D8=0 50 0
unk68B1E103=1
unk68B1E104=1
unk74B746D8=1 3
unk98D231D4=0 0.4
unk98D231D5=1 1.2000000000000002
unk9B2CAC68=16
unkADD19C36=1
unkB514394C=1 1
unkBE9C14EF=4 4
unkC0F56399=1 1 1
unkC7015582=0 0.4
unkC7015583=1 2
unkD7F4EA82=0 0.5
unkD7F4EA83=1 2
unkDDFE6670=0
unkE3ADE2FB=0 -1000 0
unkE5AEAD0B=0 0 1
unkEBA9EC36=blurdrops_deep_red.tga
unkEDBBAB44=0 0
unkEDBBAB45=1 12
unkEDE2E3C7=16
unkEE39BAC5=0 0
unkEE39BAC6=1 360
unkF666AF4C=0 1 3 1
unkF666AF4D=0.5 1 1 1
unkF666AF4E=1 1 1 1
