[System]
GroupPart1=sword
GroupPart1Importance=High
GroupPart1Type=complex
GroupPart2=hand_glow
GroupPart2Importance=High
GroupPart2Type=Simple
PersistThruDeath=1
SimulateEveryFrame=1

[hand_glow]
KeywordsExcluded=ZhaoYunXinZhao
e-life=0.25
e-linger=0
e-rate=5
p-bindtoemitter=1 1
p-flexoffset=0.002
p-flexscale=0.0035000001080334187
p-life=0.2
p-linger=0
p-offset=1 1 1
p-postoffset=0 370 0
p-quadrot=360
p-quadrotP1=0 0
p-quadrotP2=1 1
p-rgba=color-smoke32_07.tga
p-rotvel=100
p-rotvelP1=0 0.5
p-rotvelP2=1 -0.5
p-scale=140
p-texture=flare-Rainbow_red_02.tga
p-vel=0 0 0
p-xrgba=1 1 1 1
p-xrgba1=0 0 0 0 1
p-xrgba2=1 1 1 1 1
p-xscale=1 1 1
p-xscale1=0 0 0 0
p-xscale2=0.5 1 1 1
p-xscale3=1 0 0 0
rendermode=0

[sword]
KeywordsExcluded=ZhaoYunXinZhao
e-life=0.1
e-linger=0
e-local-orient=0
e-rate=10
p-backfaceon=1
p-bindtoemitter=1 1
p-life=0.35
p-linger=0
p-mesh=xen_magic_resist_01.sco
p-meshtex=xen_props_04.tga
p-postoffset=0 370 0
p-quadrot=0 90 0
p-rotvel=0 620 0
p-scale=400 400 400
p-type=3
p-xrgba=1 1 1 1
p-xrgba1=0 1 1 1 0
p-xrgba2=0.5 1 1 1 2
p-xrgba3=1 1 1 1 0
rendermode=1
single-particle=1

[UNKNOWN_HASHES]
unk02ABBCE7=0 0 0 0 255
unk02ABBCE8=0.1226667 255 255 255 255
unk02ABBCE9=0.2370705 211 255 212 255
unk02ABBCEA=0.3477372 166 255 154 255
unk02ABBCEB=0.7173334 0 255 0 255
unk02ABBCEC=1 0 0 0 255
unk0A5EA5B6=0
unk0C36FDE8=1 1
unk0FEF11B6=0.3499999940395355
unk13AD5F13=1
unk14383A2C=0 0
unk14383A2D=1 1
unk14B649AD=0 0
unk14B649AE=1 3
unk16908DF8=ZhaoYunXinZhao
unk19AB79CA=0 0.9
unk19AB79CB=1 1.1
unk1C06E401=0.125
unk2617D62E=color-smoke32_07.tga
unk278D9B3C=1 0
unk2C624E5B=0
unk2E402181=flare-Rainbow_yellow_03.tga
unk2F4D4FE5=125
unk34EAB1C8=1.5
unk35212B0C=1
unk36BD65DE=0 1
unk36BD65DF=0.1 2
unk36BD65E0=1 0.30000000000000004
unk3F1F8FCD=25 25 25
unk480B2483=405 405 405
unk5253DF0D=0 30 0
unk5716E00E=1
unk6352CA6F=0
unk65156DA4=0
unk6645C59D=0
unk6E0A03D5=0
unk71AA3830=1
unk71CDA380=1
unk72875B10=0 1
unk72875B11=1 360
unk8EA3B6CF=1
unk90D5F0B4=0 50 0
unk956668B1=0 0.25
unk956668B2=1 0.85
unk97D921CD=200
unk988D8351=ZhaoYunXinZhao
unkA51B3CB1=0 0 0 0
unkA51B3CB2=1 0 0 180
unkB03CB58F=0 0
unkB03CB590=1 360
unkB040CDDD=0.11999999731779099
unkB0921D77=0 1.5499999523162842
unkB0921D78=1 0.25
unkB27854C5=0 1
unkB27854C6=0.4 1
unkB27854C7=1 0
unkB285329A=shadow_step_26.tga
unkBB411C33=1
unkBC58A028=0.1
unkBF69C4F0=130
unkC185B277=0 0.15
unkC185B278=1 1
unkC52BB2F0=0.525
unkC6699255=color-smack.tga
unkCF9F0C0C=10
unkD28164A0=255 255 255 255
unkD4FF429C=gravity
unkDD3D283C=1 ,8
unkE545466C=1
unkEFAE1289=1.25
unkFE6C20CE=1
