[System]
GroupPart1=sword
GroupPart1Importance=High
GroupPart1Type=complex
GroupPart2=hand_glow
GroupPart2Importance=High
GroupPart2Type=Simple
SimulateEveryFrame=1

[hand_glow]
e-life=-1
e-linger=0
e-rate=5
e-timeoffset=0.5
p-bindtoemitter=1 1
p-flexoffset=0.002
p-flexscale=0.0035000001080334187
p-life=0.4
p-linger=0
p-offset=1 1 1
p-postoffset=0 300 0
p-quadrot=360
p-quadrotP1=0 0
p-quadrotP2=1 1
p-rgba=color-smoke32_07.tga
p-rotvel=100
p-rotvelP1=0 0.5
p-rotvelP2=1 -0.5
p-scale=40
p-texture=flare-Rainbow_yellow_03.tga
p-vel=0 0 0
p-xrgba=1 1 1 1
p-xrgba1=0 0 0 0 1
p-xrgba2=1 1 1 1 1
p-xscale=1 1 1
p-xscale1=0 0 0 0
p-xscale2=0.5 1 1 1
p-xscale3=1 0 0 0
rendermode=0

[sword]
e-life=-1
e-linger=0
e-local-orient=0
e-rate=1
e-timeoffset=0.5
p-backfaceon=1
p-bindtoemitter=1 1
p-life=-1
p-linger=0
p-mesh=xen_magic_resist_01.sco
p-meshtex=xen_props_01.tga
p-postoffset=0 300 0
p-quadrot=0 90 0
p-rotvel=0 180 0
p-scale=300 300 300
p-type=3
rendermode=3
single-particle=1

[UNKNOWN_HASHES]
unk030F7E3A=-1
unk03B0CC7A=1 1 1 1
unk08F6B099=1
unk0957BF81=0
unk0C0382B6=0
unk0D207067=color-mana_energy_01.tga
unk11C8587E=360 360 360
unk1655EA1E=18
unk239341E0=magicball.sco
unk252845E7=mord_energy_ball_01.tga
unk2BC5A0FA=1 1
unk2D692B5E=0.0035000001080334187
unk34C0B8F7=0.35 0.35 0.35
unk3ABDC96C=3
unk3DDBC63B=0 0
unk3DDBC63C=1 1
unk3E59D5BC=0 0
unk3E59D5BD=1 1
unk3ED7E53D=0 0
unk3ED7E53E=1 1
unk463AB139=0 120 120
unk4DF88FAE=0
unk53A3F941=0 -1
unk53A3F942=1 1
unk542208C2=0 -1
unk542208C3=1 1
unk54AFCE1E=0
unk5716E00E=1
unk5EEE063D=360 360 360
unk62862F04=1 1
unk69429D93=0 1
unk69429D94=0.7000000000000001 0.5
unk69429D95=1 0
unk71AA3830=1
unk72E25002=0 1
unk72E25003=0.5 1.5
unk72E25004=1 2
unk73192C6D=3
unk75604E43=1 1
unk7C99EA9D=1 1
unk8DFFCD00=0
unk8FC27035=0
unk8FCB13AA=1 3
unk9407B67E=0.5
unk9B5A17B6=1
unk9BC1B135=0
unkAE1D97BC=0 0
unkAE1D97BD=1 1
unkAE9BA73D=0 0
unkAE9BA73E=1 1
unkAF19B6BE=0 0
unkAF19B6BF=1 1
unkB06493C6=0 300 0
unkB4FC5237=0 1 1 1 0
unkB4FC5238=0.05 1 1 1 0.65
unkB4FC5239=0.95 1 1 1 0.65
unkB4FC523A=1 0 0 1 0
unkB640793A=0
unkBE9C48EE=15
unkC5C4B643=0 0
unkCAB41B39=0.75
unkD8029828=ghost_overlay_06.tga
unkDDFA871D=1
unkEB37DEDF=sphere_01.sco
unkF0164520=0.05 0.05
unkF3425BB8=6.650000095367432 6.650000095367432 6.650000095367432
unkF6F7ABEF=0.15000000596046448
unkF7FD51AF=0
unkF9AA9D38=0 1 1 1
unkF9AA9D39=1 0.1 0.1 0.1
