[UNKNOWN_HASHES]
unk005333D9=0.2
unk019DC4D0=1
unk0299F26B=0
unk04093040=1 2
unk048E9E65=0 50 0
unk069DD58C=1
unk0A312B8D=60 60 0
unk0C6B0624=0.3
unk0CCED070=0 10 0
unk0D04099E=rune_target_ring_03.tga
unk0E91E7D9=0 0.9
unk12B65DC4=0
unk167BF851=AlphaStrike_prison__ball__p-rgba.tga
unk1FB17208=7
unk2731ACE8=90 90 0
unk2AA36F61=0 0.6600000262260437
unk2AA36F62=1 0.6600000262260437
unk2B855798=90 90 0
unk37176D8C=120 0 0
unk3781133F=1 2
unk3BD5ABBE=0.35
unk3F7CE423=90
unk434A98D8=0 0
unk456BFA49=1 0.1
unk47ED7E09=0.3
unk5143302C=0
unk51FE7036=AlphaStrike_prison__ball__p-rgba.tga
unk5305D361=0
unk576F5C74=1
unk5A9C0164=1
unk5B33E9ED=3
unk5B780E31=0 10 0
unk5CA08A2F=1
unk5CA38D79=ring_blue_01.tga
unk5D41821A=0.3
unk5F939C09=2
unk619824D4=2
unk61EE769B=1 2
unk625BC920=0
unk68439CB0=0 50 0
unk69595465=0.3
unk6C90A725=0 10 0
unk6F03B0B4=0 0.9
unk712486A5=1 0.1
unk736A4692=AlphaStrike_prison__ball__p-rgba.tga
unk746CE029=ring_blue_01.tga
unk7C1E818A=1
unk7C74B457=1
unk7C9FC049=1
unk7FEFAB99=1 0.1
unk8280AF99=0
unk86BC5364=0 0.9
unk8A7C550E=0.35
unk8A996AE4=0 0
unk8E2621E4=90
unk913C3CE2=0 0.5
unk913C3CE3=1 1.5
unk928214D9=0 0
unk96942759=0.3
unkA0A51986=AlphaStrike_prison__ball__p-rgba.tga
unkA66B3C1D=rune_target_ring_03.tga
unkA714C7D0=0
unkA9DA933D=3
unkB149A5D5=0 10 0
unkB2672034=0 0
unkB2F4870F=1
unkB7F72C3C=1
unkBDCA3B58=0 0.9
unkCA0AED15=0 50 0
unkCD4D49A0=0 0 0
unkCEFC1670=1
unkD3F3B115=2
unkD9630298=1
unkDCD9714B=1 2
unkE0DBC0BD=0 2
unkE0DBC0BE=1 0.5
unkE17BF814=1
unkE3A4A9E4=1 0.1
unkE67392B9=2
unkF5C37971=0 50 0
unkF8A5136D=0 0.5
unkF8A5136E=1 1
