[Fire]
e-life=358
e-linger=0
e-rate=4
p-bindtoemitter=1 1
p-colorscale=1 0.30000000000000004
p-colortype=1 0
p-flexscale=0.004999999888241291
p-frameRate=16
p-life=1
p-linger=1
p-numframes=16
p-offset=0 1 0
p-quadrot=1
p-quadrotP1=0 0
p-quadrotP2=1 360
p-rgba=color-beacontrail.tga
p-scale=100
p-scaleP1=0 0.9
p-scaleP2=1 1.1
p-simpleorient=2
p-startframe=0
p-texdiv=4 4
p-texture=DestinyFireloop_navy.tga
p-type=1
p-xscale1=0 1
p-xscale2=1 1.2000000000000002
rendermode=0

[System]
GroupPart1=Fire
GroupPart1Type=Simple
SimulateEveryFrame=1

[UNKNOWN_HASHES]
unk0755AFD1=0 1
unk0755AFD2=1 2
unk0849D3B5=0 0
unk0849D3B6=1 360
unk1510049B=0 -1
unk1510049C=0.10000000149011612 -0.30000001192092896
unk1510049D=0.8999999761581421 -0.30000001192092896
unk1510049E=1 1
unk184944D1=0 0.2
unk184944D2=0.8999999761581421 0.25
unk184944D3=1 0.4
unk1A45CC5C=100
unk1ABB25A7=flames02.tga
unk1BE3B5E2=1
unk1E0E56D5=400
unk2D0C60C2=FlameAccel
unk2FE53305=400
unk30BFE49B=1 0.6000000000000001
unk3C08D8C6=1
unk4007CC17=0
unk401EC17B=FlameAttract
unk40B9B2C5=50
unk5E9A0EA9=30 0 0
unk685B71F4=1
unk7460D7C9=1 1
unk7EA59AD3=0 0
unk7EA59AD4=1 1
unk81E16CD7=0 1
unk81E16CD8=1 1.2000000000000002
unk8740B110=2
unk88F7EECB=0.5
unk8D70E757=0
unk909C498A=0 100 0
unk9358835B=-1
unk95E32227=30 30 0
unk9D697588=color-darkflame-green.tga
unk9E2B8451=0 300 0
unk9EF358EB=0 1 0 0
unk9EF358EC=0.4 1.5 0 0
unk9EF358ED=0.6000000000000001 2 0 0
unk9EF358EE=1 0 0 0
unkA69EEF3F=80
unkB381534C=0 200 0
unkBBD9FC16=14
unkBC620880=0.004999999888241291
unkBF5A979D=0 0
unkBF5A979E=1 360
unkC89135DA=360
unkED8C74B8=2
unkF05BE0B2=0 1
unkF05BE0B3=0.30000000000000004 1
unkF05BE0B4=0.7000000000000001 0.6000000000000001
unkF05BE0B5=1 0.30000000000000004
unkF6D9A9DC=1
unkFEF06F3E=2 3
