[System]
GroupPart1=zero_frost
GroupPart1Importance=High
GroupPart1Type=Simple
GroupPart2=ice_inside
GroupPart2Importance=High
GroupPart2Type=Complex
GroupPart3=flake
GroupPart3Importance=High
GroupPart3Type=Simple
PersistThruDeath=1
SimulateEveryFrame=1

[flake]
e-rate=55
e-rotation1=1
e-rotation1P1=0 0
e-rotation1P2=1 360
field-accel-1=CustomAccelField-1
p-bindtoemitter=1 0.5
p-colorscale=1 0.4
p-colortype=1 0
p-life=0.6499999761581421
p-offset=1 1 1
p-offsetXP1=0 0
p-offsetXP2=1 25
p-offsetYP1=0 0
p-offsetYP2=1 25
p-offsetZP1=0 0
p-offsetZP2=1 25
p-postoffset=0 0 0
p-quadrot=0
p-rotvel=190
p-rotvelP1=0 -1
p-rotvelP2=1 1
p-scale=65
p-scaleP1=0 0.7000000000000001
p-scaleP2=1 0.3499999940395355
p-shadow=0
p-texture=red_buf_01.tga
p-xscale=1
p-xscale1=0 1.7000000000000002
p-xscale2=0.4 1.4000000000000001
p-xscale3=1 0
rendermode=0

[ice_inside]
e-life=-1
e-linger=0
e-rate=1
e-rgba=255 255 255 255
p-backfaceon=1
p-bindtoemitter=1 1
p-life=1000000
p-linger=0
p-mesh=oriana_base_ball_MD.sco
p-meshtex=redrock01.tga
p-offset=0 0 0
p-postoffset=0 0 0
p-rotvel=0 60 30
p-scale=1 1 1
p-type=3
rendermode=1
single-particle=1

[zero_frost]
e-life=3
e-rate=90
e-rotation1=1
e-rotation1P1=0 0
e-rotation1P2=1 360
p-life=0.4
p-lifeP1=0 0.8159999847412109
p-lifeP2=1 1.1122219562530518
p-offset=1 1 1
p-offsetXP1=0 0
p-offsetXP2=1 22
p-offsetYP1=0 0
p-offsetYP2=1 22
p-offsetZP1=0 0
p-offsetZP2=1 22
p-postoffset=0 0 0
p-rgba=color-smoke32_07.tga
p-rotvel=180
p-rotvelP1=0 -1
p-rotvelP2=1 1
p-scale=15
p-scaleP1=0 1.649999976158142
p-scaleP2=1 0.55
p-texture=Flare-Rainbow_red_01.tga
p-xscale=1
p-xscale1=0 0.75
p-xscale2=0.5 1.7
p-xscale3=1 0.15
rendermode=0

[UNKNOWN_HASHES]
unk182B7720=0
unk2222CB7E=1
unk2E3E42CA=0.1
unk3A561515=0.1
unk44670742=color-rampdown.tga
unk468A98DC=0
unk47CC83A2=1
unk4D9C80F9=20
unk65FAD8DC=370
unk6BADFF6D=flare-Rainbow_red_01.tga
unk78853F55=1 1
unk836D8A94=90 90 0
unk8C3DB43F=0 0 0 0 255
unk8C3DB440=0.12 255 255 255 255
unk8C3DB441=0.24 211 255 212 255
unk8C3DB442=0.35 166 255 154 255
unk8C3DB443=0.72 0 255 0 255
unk8C3DB444=1 0 0 0 255
unkA16F6C79=0
unkA8F72E8F=1 0
unkAA5FC348=0
unkB9CCC3F8=1 1
unkC4232D8A=0
unkCF6C941F=0
unkD2D4469D=0 0.9
unkD2D4469E=1 1
unkEFE632B1=0 1
unkEFE632B2=0.5 0.5
unkEFE632B3=1 0
unkF3F0EE63=0 0
unkF3F0EE64=1 360
unkFD243221=0 0 0
