[System]
GroupPart1=hand_glow
GroupPart1Importance=High
GroupPart1Type=Simple
GroupPart2=blood_burst
GroupPart2Importance=Medium
GroupPart2Type=complex
GroupPart3=hand_glow2
GroupPart3Importance=High
GroupPart3Type=Simple
SimulateEveryFrame=1

[blood_burst]
e-life=10000
e-rate=100
e-rotation1=1
e-rotation1-axis=0 0 1
e-rotation1P1=0 0
e-rotation1P2=1 360
e-rotation2=1
e-rotation2P1=0 0
e-rotation2P2=1 125
p-bindtoemitter=0 0
p-colorscale=1 1
p-colortype=1 3
p-drag=1 1 1
p-flexoffset=0.004999999888241291
p-frameRate=16
p-life=0.30000000000000004
p-lifeP1=0 0.5
p-lifeP2=1 2
p-numframes=16
p-offset=0 0 0
p-rgba=color-bloodfade32.tga
p-scale=20 20 20
p-scale1=0 1 1 1
p-scale2=0.5 1 1 1
p-scale3=1 1 1 1
p-scaleXP1=0 0.4
p-scaleXP2=1 1.2000000000000002
p-startframe=0
p-texdiv=4 4
p-texture=blurdrops_maroon.tga
p-vecalign=1
p-vel=71 135 30
p-velYP1=0 0.25
p-velYP2=1 1.6
p-worldaccel=0 -1000 0
rendermode=1

[hand_glow]
e-rate=7
e-timeoffset=0.3
p-bindtoemitter=1 1
p-life=0.28
p-offset=5 5 5
p-offsetXP1=0 0.4449999928474426
p-offsetXP2=1 1.5941849946975708
p-offsetYP1=0 0.7414814829826355
p-offsetYP2=1 0.9269999861717224
p-offsetZP1=0 0
p-offsetZP2=1 0.8897777795791626
p-quadrot=360
p-quadrotP1=0 0
p-quadrotP2=1 1
p-rgba=alpha_12.tga
p-rotvel=360
p-rotvelP1=0 1
p-rotvelP2=1 -1
p-scale=170
p-texture=sick_buf_01.tga
p-vel=0 0 0
p-xrgba=1 1 1 1
p-xrgba1=0 0 0 0 1
p-xrgba2=1 1 1 1 1
p-xscale=1 1 1
p-xscale1=0 0 0 0
p-xscale2=0.5 0.5 0.5 0.5
p-xscale3=1 0.8 0.8 0.8
rendermode=0

[hand_glow2]
e-rate=2
e-timeoffset=0.3
p-bindtoemitter=1 1
p-life=0.28
p-offset=5 5 5
p-offsetXP1=0 0.4449999928474426
p-offsetXP2=1 1.5941849946975708
p-offsetYP1=0 0.7414814829826355
p-offsetYP2=1 0.9269999861717224
p-offsetZP1=0 0
p-offsetZP2=1 0.8897777795791626
p-quadrot=360
p-quadrotP1=0 0
p-quadrotP2=1 1
p-rgba=alpha_12.tga
p-rotvel=360
p-rotvelP1=0 1
p-rotvelP2=1 -1
p-scale=150
p-texture=sick_buf_01.tga
p-vel=0 0 0
p-xrgba=1 1 1 1
p-xrgba1=0 0 0 0 1
p-xrgba2=1 1 1 1 1
p-xscale=1 1 1
p-xscale1=0 0 0 0
p-xscale2=0.5 0.5 0.5 0.5
p-xscale3=1 0.8 0.8 0.8
rendermode=0

[UNKNOWN_HASHES]
unk07A134CE=0.30000000000000004
unk0D08EB59=1 1
unk0D161B38=1
unk0FDFDE7A=16
unk13B90719=10000
unk1DC9F946=color-bloodfade32.tga
unk26FF72FD=200
unk2ECEF3FC=4 4
unk32BBFB24=0 0
unk35F3187D=0
unk3734348F=0 0.25
unk37343490=1 1.6
unk3BA29508=0 -1000 0
unk45007C77=0 0
unk45007C78=1 360
unk457E8BF8=0 0
unk457E8BF9=1 125
unk4827C98F=0 0.5
unk4827C990=1 2
unk66998E59=0 1 3 1
unk66998E5A=0.5 1 1 1
unk66998E5B=1 1 1 1
unk673BD069=blurdrops_maroon.tga
unk6E26BB6B=71 135 30
unk71AA3830=1
unk7D059B8E=1
unk8AAEDBB6=1
unk8AAEDBB7=1
unk96B23218=0 0 1
unk96B4418B=1 3
unk97D43926=1 1 1
unk98AB0F3E=0.004999999888241291
unkBD29A71B=16
unkC5C1A6E5=0 0 0
unkD75867D8=20 20 20
unkE5EC5A61=0 0.4
unkE5EC5A62=1 1.2000000000000002
unkFAEBC4C3=1
