[System]
GroupPart2=blood_mouth
GroupPart2Importance=Medium
GroupPart2Type=complex
SimulateEveryFrame=1

[blood_mouth]
e-life=10000
e-rate=70
e-rotation1=1
e-rotation1-axis=0 0 1
e-rotation1P1=0 0
e-rotation1P2=1 360
e-rotation2=1
e-rotation2P1=0 0
e-rotation2P2=1 125
p-bindtoemitter=1 0.8
p-colorscale=1 1
p-colortype=1 3
p-drag=1 1 1
p-flexoffset=0.004999999888241291
p-frameRate=16
p-life=0.25
p-lifeP1=0 0.5
p-lifeP2=1 2
p-numframes=16
p-offset=0 0 0
p-postoffset=0 13 5
p-rgba=color-bloodfade32.tga
p-scale=22 22 22
p-scale1=0 1 1 1
p-scale2=0.5 1 1 1
p-scale3=1 1 1 1
p-scaleXP1=0 0.4
p-scaleXP2=1 1.2000000000000002
p-startframe=0
p-texdiv=4 4
p-texture=blurdrops_maroon.tga
p-vecalign=1
p-vel=71 20 30
p-velYP1=0 0.25
p-velYP2=1 1.6
p-worldaccel=0 -1000 0
rendermode=1

[UNKNOWN_HASHES]
unk07A134CE=0.30000000000000004
unk0D08EB59=1 1
unk0FDFDE7A=16
unk13B90719=10000
unk1DC9F946=color-bloodfade32.tga
unk1E12DCD1=sick_buf_01.tga
unk2561DA66=0.28
unk26FF72FD=200
unk2ECEF3FC=4 4
unk32BBFB24=0 0
unk347EB71C=1 1 1
unk35F3187D=0
unk3734348F=0 0.25
unk37343490=1 1.6
unk3B8A9EDE=alpha_12.tga
unk3BA29508=0 -1000 0
unk3BB1EB8C=1 1
unk44C01895=7
unk45007C77=0 0
unk45007C78=1 360
unk457E8BF8=0 0
unk457E8BF9=1 125
unk4827C98F=0 0.5
unk4827C990=1 2
unk66998E59=0 1 3 1
unk66998E5A=0.5 1 1 1
unk66998E5B=1 1 1 1
unk673BD069=blurdrops_maroon.tga
unk6E26BB6B=71 135 30
unk71AA3830=1
unk77C24D7C=0 0.4449999928474426
unk77C24D7D=1 1.5941849946975708
unk78405CFD=0 0.7414814829826355
unk78405CFE=1 0.9269999861717224
unk78BE6C7E=0 0
unk78BE6C7F=1 0.8897777795791626
unk7D059B8E=1
unk8859A926=0
unk8AAEDBB6=1
unk8AAEDBB7=1
unk8E59007D=5 5 5
unk96B23218=0 0 1
unk96B4418B=1 3
unk97D43926=1 1 1
unk98AB0F3E=0.004999999888241291
unk9ED017F1=0 1
unk9ED017F2=1 -1
unkA24B1015=0 0 0 0
unkA24B1016=0.5 0.5 0.5 0.5
unkA24B1017=1 0.8 0.8 0.8
unkAB20A7AF=0 0 0 0 1
unkAB20A7B0=1 1 1 1 1
unkB5EB2FD3=0 0 0
unkB8F559C7=0 0
unkB8F559C8=1 1
unkBD29A71B=16
unkC1071430=360
unkC5C1A6E5=0 0 0
unkC841C275=0.3
unkCF592840=170
unkD75867D8=20 20 20
unkDFC79902=1 1 1 1
unkE5EC5A61=0 0.4
unkE5EC5A62=1 1.2000000000000002
unkFA316106=360
unkFAEBC4C3=1
