[System]
GroupPart2=blood_01
GroupPart2Importance=Low
GroupPart3=blood_02
GroupPart3Importance=Low
GroupPart3Type=complex
SimulateEveryFrame=1

[blood_01]
e-life=0.15000000596046448
e-rate=1300
e-rotation1=1
e-rotation1-axis=0 0 1
e-rotation1P1=0 0
e-rotation1P2=1 10
e-rotation2=1
e-rotation2P1=0 0
e-rotation2P2=1 360
p-bindtoemitter=0 0
p-colorscale=1 1
p-colortype=1 3
p-drag=1 1 1
p-flexoffset=0.004999999888241291
p-frameRate=16
p-life=0.5
p-lifeP1=0 0.5
p-lifeP2=1 2
p-numframes=16
p-offset=0 0 0
p-postoffset=0 20 0
p-rgba=color-bloodfade32.tga
p-scale=15 15 15
p-scale1=0 1 6 1
p-scale2=0.5 1 1 1
p-scale3=1 1 1 1
p-scaleXP1=0 0.4
p-scaleXP2=1 1.2000000000000002
p-startframe=0
p-texdiv=4 4
p-texture=BlurDrops_black.tga
p-vecalign=1
p-vel=0 750 0
p-velYP1=0 0.4
p-velYP2=1 2
p-worldaccel=0 -1000 0
rendermode=1

[blood_02]
e-life=0.15000000596046448
e-rate=900
e-rotation1=1
e-rotation1-axis=0 0 1
e-rotation1P1=0 0
e-rotation1P2=1 10
e-rotation2=1
e-rotation2P1=0 0
e-rotation2P2=1 360
p-bindtoemitter=0 0
p-colorscale=1 1
p-colortype=1 3
p-drag=1 1 1
p-flexoffset=0.004999999888241291
p-frameRate=16
p-life=0.5
p-lifeP1=0 0.5
p-lifeP2=1 2
p-numframes=16
p-offset=0 0 0
p-postoffset=0 20 0
p-rgba=color-bloodfade32.tga
p-scale=15 15 15
p-scale1=0 1 6 1
p-scale2=0.5 1 1 1
p-scale3=1 1 1 1
p-scaleXP1=0 0.4
p-scaleXP2=1 1.2000000000000002
p-startframe=0
p-texdiv=4 4
p-texture=BlurDrops_black.tga
p-vecalign=1
p-vel=0 800 0
p-velYP1=0 0.4
p-velYP2=1 2
p-worldaccel=0 -1000 0
rendermode=1

[UNKNOWN_HASHES]
unk00983023=0 0
unk01F579E1=1
unk106B6274=50
unk124FE182=Gravity2
unk13A84DDC=0 0
unk13A84DDD=1 360
unk15EF49E6=0 50 0
unk17F4B767=2
unk199033E8=meatrot32_03.tga
unk1A8F0F69=0 700 0
unk1CF27AFF=0.004999999888241291
unk1D86F533=50
unk1ED033DB=1 1
unk1F1443E3=0 1
unk1F1443E4=1 1.2000000000000002
unk1F925364=0 1
unk1F925365=1 1.2000000000000002
unk267CF285=0 -400 0
unk2714941E=0
unk2BDA9CD6=12 12 0
unk2C2FD6A2=0 1
unk2C2FD6A3=1 1.2000000000000002
unk2CADE623=0 1
unk2CADE624=1 1.2000000000000002
unk2FD7FE7E=2 2
unk3338EECF=500
unk33763F73=0 1
unk33763F74=1 0.30000000000000004
unk372F99AB=0 1 1 0
unk372F99AC=0.4 5 5 0
unk372F99AD=1 10 10 0
unk383D3F11=0 1
unk383D3F12=1 1.2000000000000002
unk396C18D5=1
unk3E5500F6=0 -10
unk3E5500F7=1 -40
unk3ED31077=0 0
unk3ED31078=1 360
unk42B9497A=4
unk4930D411=0 1
unk4930D412=1 2
unk4D69DD8A=0 -300 0
unk4EC43088=0
unk518B6FB5=1
unk518B6FB6=1
unk551330D7=0 0 0
unk597EE4A8=2 2 2
unk5D90D58A=1 3
unk605C8172=0 1
unk605C8173=1 0.30000000000000004
unk63178E03=Gravity2
unk6C5D920F=1
unk6C9BDD42=Drag2
unk719C719B=0 -800 0
unk74E23CD9=0 0 1
unk782173A6=-20 0 0
unk7875645A=1
unk7A39B89A=0 0 1
unk82865687=color-meatrot32.tga
unk850352B4=1
unk850352B5=1
unk8BBBD03E=10
unk8F15EA9C=1 0 0
unk9108B889=1 3
unk9150571A=1 1
unk92534261=0 300 0
unk9DC8672C=0 1 1 0
unk9DC8672D=0.4 5 5 0
unk9DC8672E=1 10 10 0
unkA1282A9D=0 0
unkA1282A9E=1 360
unkA36F26A7=0 50 0
unkAA7257C0=0.004999999888241291
unkB160B422=0 0
unkB2F76667=meatrot32_06.tga
unkB62D8510=3
unkBC492522=1
unkBFEA00C9=0 -300 0
unkC34917CF=3
unkC6CAB167=-20 0 0
unkC94BE050=1
unkD563B29B=1
unkDF1C0081=Drag2
unkDF74A4C8=color-meatrot32_05.tga
unkE12EC0BD=2 2
unkE8AA1E7F=40
unkE9940150=0 1
unkE9940151=1 1.2000000000000002
unkEA349CD4=1
unkED8D5475=0 -10
unkED8D5476=1 -40
unkEE0B63F6=0 0
unkEE0B63F7=1 360
unkEE8224C5=1000
unkF0B9FDEA=0 750 0
unkF3A66671=1
unkF4100BB9=4
unkF5AEB81D=1 0 0
unkFA879650=0 1
unkFA879651=1 2
unkFC909667=2 2 2
unkFEF45AD7=12 12 0
