[System]
GroupPart1=flies
GroupPart1Type=Simple
GroupPart5=twirlingslime
GroupPart5Type=Simple
PersistThruDeath=1
SimulateEveryFrame=1

[flies]
e-life=5
e-rate=10
e-rotation1=1
e-rotation1-axis=0 0 1
e-rotation1P1=0 0
e-rotation1P2=1 360
e-rotation2=1
e-rotation2-axis=0 1 0
e-rotation2P1=0 0
e-rotation2P2=1 360
field-orbit-1=swirl1
field-orbit-2=swirl2
p-bindtoemitter=1 1
p-colorscale=1 1
p-colortype=1 3
p-frameRate=30
p-life=1
p-lifeP1=0 1
p-lifeP2=1 1.5
p-numframes=2
p-offset=120 100 0
p-offsetXP1=0 1
p-offsetXP2=1 2
p-rgba=color-flies.tga
p-scale=7
p-shadow=1
p-startframe=2
p-texdiv=2 2
p-texture=waterbugs.tga
p-type=0
p-vel=0 200 0
p-xscale1=0 0
p-xscale2=0.1 1
p-xscale3=0.9 1
p-xscale4=1 0
pass=200
rendermode=1

[orbit1]
f-direction=0 1 0
f-localspace=0

[swirl1]
f-direction=1 0 0
f-localspace=0

[swirl2]
f-direction=0 1 0
f-localspace=0

[twirlingslime]
e-life=-1
e-linger=0
e-local-orient=0
e-rate=65
e-rotation1=1
e-rotation1P1=0 0
e-rotation1P2=1 360
field-accel-1=up
field-orbit-1=orbit1
p-bindtoemitter=1 1
p-coloroffset=0 0
p-colorscale=1 1
p-colortype=1 3
p-flexoffset=0.003000000026077032
p-frameRate=0
p-life=0.75
p-lifeP1=0 0.8
p-lifeP2=1 1
p-numframes=4
p-offset=70 50 150
p-offsetXP1=0 0
p-offsetXP2=1 0.5
p-offsetYP1=0 0.2
p-offsetYP2=1 0.8
p-offsetZP1=0 0.25
p-offsetZP2=1 1
p-quadrotP2=1 360
p-randomstartframe=1
p-rgba=color-slimedrops.tga
p-rotvel=1
p-rotvelP1=0 -480
p-rotvelP2=0.5 -480
p-rotvelP3=0.5 480
p-rotvelP4=1 480
p-scale=20
p-scaleP1=0 0.8
p-scaleP2=1 1.7000000000000002
p-startframe=0
p-texdiv=2 2
p-texture=slimeaciddrops32.tga
p-vel=0 250 600
p-velZP1=0 0.5
p-velZP2=1 1
p-xscale=1
p-xscale1=0 0.5
p-xscale2=0.2 1
p-xscale3=1 0.2
rendermode=1

[up]
f-accel=0 100 0
f-localspace=0

[UNKNOWN_HASHES]
unk01EFD915=2
unk02272AF8=2
unk0B8FECD9=1 1
unk0D5C79E0=0 1 1 0
unk0D5C79E1=0.2 1 0.4 0
unk0D5C79E2=0.8 1 0.4 0
unk0D5C79E3=0.9 1 1 0
unk0D5C79E4=1 1 1 0
unk0F521A6B=0
unk1114BDA0=6
unk11EF0840=1 0
unk1434BF04=0 0 0
unk167CE5F2=0.004999999888241291
unk1986F870=0 1 0
unk1B3D312A=1
unk1D8DAA1A=6
unk1FE6C109=1 1
unk2734D1E4=1 0.5
unk29A57C65=1
unk2A8BA40D=0 0.6000000000000001
unk2A8BA40E=1 1
unk2B09B38E=0 0.2
unk2B09B38F=1 1
unk327465D3=90 150 0
unk33B66E92=color-armordebuff.tga
unk39B9288C=0
unk3B7BCBC1=0
unk3CC0DC57=1
unk3CEBE849=1
unk42348B66=1 0.5
unk43EE0691=0 0 0
unk4463D58B=1
unk4566EB3F=1 0
unk4B6DB21B=0
unk4C350C23=0 30 0
unk5655E19E=armordebuff.tga
unk580B8F01=0 4 0 0
unk580B8F02=0.5 4 4 0
unk580B8F03=1 0 8 4
unk588944DA=0
unk5DFB582C=0
unk5FBDFB61=6
unk6542CAD1=90 30 0
unk65A4D799=0
unk67BD5D2C=10 50 0
unk68303631=0 1 0
unk6D20F4D7=1 1
unk73F54761=0 1 1 0
unk73F54762=0.2 1 0.4 0
unk73F54763=0.8 1 0.4 0
unk73F54764=0.9 1 1 0
unk73F54765=1 1 1 0
unk744B6556=2
unk78DECE3E=1 0
unk7A7BF85B=6
unk82944587=1 1
unk84EF038D=100 100 0
unk8605AA7A=0.30000000000000004
unk8693CAA6=1
unk8924469C=armordebuff.tga
unk8B156384=1
unk8E7EE241=0
unk8F944CD4=2
unk90A4BCD3=color-armordebuff.tga
unk921D7CC5=8
unk92549262=10000
unk99AF2A98=1
unk99DA368A=1
unk9ADE49E4=0 30 0
unk9C2E6EF2=color-wildcard.tga
unk9F177ED0=0
unkA563E8A9=80
unkA5F4DD89=1
unkACA495ED=0
unkACFB53A8=1 1
unkAE673922=6
unkAF8D1FF4=0.004999999888241291
unkAFF1DFF2=1 1 1
unkB1D5458C=100 100 0
unkB22F5BD9=0 1 0
unkB4B4AEA5=1 0.5
unkB6D973F2=0 1 0
unkBB9E15C7=0 0
unkBB9E15C8=1 360
unkBC1C2548=0 0
unkBC1C2549=1 360
unkBC5870D8=1 1
unkBDE511D1=0 100 0
unkC09F5BD9=6
unkC1A4E53A=0
unkC39362DF=1 0
unkC654293B=0 1
unkC654293C=1 0.30000000000000004
unkCBDB9852=90 90 0
unkCCB72E24=1
unkD13D8348=1 1
unkD3D35BBD=orangeexploshaft.tga
unkD6C82051=color-armordebuff.tga
unkDA8E14E2=0 1 1 0
unkDA8E14E3=0.2 1 0.4 0
unkDA8E14E4=0.8 1 0.4 0
unkDA8E14E5=0.9 1 1 0
unkDA8E14E6=1 1 1 0
unkDEBB878B=100 100 0
unkDFFD9A08=1
unkE2694878=0
unkE30502F3=0.004999999888241291
unkE98787A5=0 30 0
unkEFBD141D=armordebuff.tga
unkF52C598A=1
unkF69D78D9=1
