[System]
GroupPart4=blood_02
GroupPart4Importance=Low
GroupPart4Type=complex
PersistThruDeath=1
SimulateEveryFrame=1

[blood_02]
e-life=0.15000000596046448
e-rate=300
e-rotation1=1
e-rotation1-axis=0 0 1
e-rotation1P1=0 0
e-rotation1P2=1 20
e-rotation2=1
e-rotation2P1=0 0
e-rotation2P2=1 360
p-bindtoemitter=0 0
p-colorscale=1 1
p-colortype=1 3
p-drag=1 1 1
p-flexoffset=0.004999999888241291
p-frameRate=16
p-life=0.4
p-lifeP1=0 0.5
p-lifeP2=1 2
p-numframes=16
p-offset=0 80 0
p-rgba=color-bloodfade32.tga
p-scale=14 13 14
p-scale1=0 1 6 1
p-scale2=0.5 1 1 1
p-scale3=1 1 1 1
p-scaleXP1=0 0.4
p-scaleXP2=1 1.2000000000000002
p-startframe=0
p-texdiv=4 4
p-texture=rancidDrops_01.tga
p-vecalign=1
p-vel=0 550 0
p-velYP1=0 0.4
p-velYP2=1 2
p-worldaccel=0 -1000 0
rendermode=1

[UNKNOWN_HASHES]
unk0017326B=16
unk00983023=0 0
unk01A65D97=0 0.75
unk01A65D98=1 1.5
unk01EC41CC=250
unk01F579E1=1
unk029DF26F=0 -10
unk029DF270=1 -40
unk031C01F0=0 0
unk031C01F1=1 360
unk090DF51C=0 0
unk0A39B78D=0.004999999888241291
unk0C853B5D=1
unk13A84DDC=0 0
unk13A84DDD=1 360
unk15EF49E6=0 -70 0
unk17F4B767=2
unk199033E8=meatrot32_04.tga
unk1CF27AFF=0.004999999888241291
unk1D86F533=30
unk2045BE15=0 0
unk25A271A5=0 1 1 0
unk25A271A6=0.4 5 5 0
unk25A271A7=1 10 10 0
unk27607F7C=Gravity2
unk2A234B4B=4 4
unk2C2FD6A2=0 1
unk2C2FD6A3=1 1.2000000000000002
unk2CADE623=0 1
unk2CADE624=1 1.2000000000000002
unk32888BDE=0 0.4
unk32888BDF=1 2
unk33763F73=0 1
unk33763F74=1 0.30000000000000004
unk396C18D5=1
unk3A8E48DC=0 450 0
unk3C6AAB96=3
unk3E5500F6=0 -10
unk3E5500F7=1 -40
unk3ED31077=0 0
unk3ED31078=1 360
unk41E1DDCE=1
unk437C20DE=0 0.5
unk437C20DF=1 2
unk4EC43088=0
unk4ED67761=1 1
unk4ED6B620=0 0 1
unk518B6FB5=1
unk518B6FB6=1
unk5D90D58A=1 3
unk61EDE5A8=0 1 6 1
unk61EDE5A9=0.5 1 1 1
unk61EDE5AA=1 1 1 1
unk63178E03=Gravity2
unk64CC51D0=11 11 0
unk68EE512E=2 2 2
unk6C5D920F=1
unk719C719B=0 -1800 0
unk72C107F5=1 1 1
unk74E23CD9=0 0 1
unk756BFA30=0 0.4
unk756BFA31=1 1.2000000000000002
unk782173A6=-5 20 0
unk7875645A=1
unk7AE62FA7=1
unk7AE62FA8=1
unk7D702110=0 -100 0
unk7D88C296=1 0 0
unk7E9793A8=1 1
unk7F403AED=-5 20 0
unk82865687=color-meatrot32.tga
unk866E4CC9=12 10 12
unk86EB957C=1 3
unk8A6B6492=1
unk8BBBD03E=20
unk9150571A=1 1
unk92534261=0 300 0
unk96A888FA=30
unk984C4CDA=rancidDrops_02.tga
unk994E366C=0 1
unk994E366D=1 0.30000000000000004
unk9CA220C8=Drag2
unk9DC8672C=0 1 1 0
unk9DC8672D=0.4 5 5 0
unk9DC8672E=1 10 10 0
unkA16A3E61=meatrot32.tga
unkA5516A69=0 1
unkA5516A6A=1 1.2000000000000002
unkA5CF79EA=0 1
unkA5CF79EB=1 1.2000000000000002
unkA781C0CC=0
unkAD313D57=0 -1000 0
unkAD60FB0C=16
unkB0DE2163=15 650 15
unkB495CDAE=1
unkB495CDAF=1
unkBFEA00C9=0 -300 0
unkC09B3383=1 3
unkC115FE34=0 20 0
unkC34917CF=3
unkCE8A2B67=0 0 1
unkD12E6E23=0 0
unkD12E6E24=1 360
unkD3756A2D=0 -20 0
unkD8BB4CD6=1
unkDA33BFA8=1
unkDA789B46=0.004999999888241291
unkDF1C0081=Drag2
unkDF6AE7E8=0 0
unkDF6AE7E9=1 20
unkDFE8F769=0 0
unkDFE8F76A=1 360
unkE12EC0BD=2 2
unkE28E039D=0.5
unkE4D31F21=1
unkE84D8804=2 2
unkE9940150=0 1
unkE9940151=1 1.2000000000000002
unkEE8224C5=1000
unkEEA5D5E8=0.15000000596046448
unkEEE4114E=color-meatrot32.tga
unkF0B2C897=0 1
unkF0B2C898=1 1.2000000000000002
unkF0B9FDEA=0 600 0
unkF4100BB9=4
unkF5AEB81D=1 0 0
unkF8198B05=20
unkF8B6C815=color-bloodfade32.tga
unkFA879650=0 0.75
unkFA879651=1 1.5
unkFB2ED300=4
unkFC909667=2 2 2
unkFEF45AD7=10 10 0
