[System]
GroupPart1=placeholder
GroupPart1Type=Simple
GroupPart6=wisp_01
GroupPart6Importance=High
GroupPart7=wisp_02
GroupPart7Importance=High
GroupPart8=wisp_03
GroupPart8Importance=High
GroupPart9Type=Simple
PersistThruDeath=1
SelfIllumination=0
SimulateEveryFrame=1

[placeholder]
e-life=100
e-linger=100
e-rate=1
p-life=100
p-linger=100
p-rgba=color-hold.tga
p-scale=0
p-texture=missing_instant.tga
p-type=0
single-particle=1

[wisp_01]
e-life=1.5
e-linger=0
e-rate=1
e-rgba=255 255 255 255
p-bindtoemitter=1 1
p-frameRate=0
p-life=1.25
p-linger=-1
p-mesh=spiral_01.sco
p-meshtex=lifetap_ghost_08.tga
p-numframes=1
p-postoffset=0 650 0
p-quadrot=0 90 0
p-rgba=color-bellcurve.tga
p-scale=0.15 11 0.15
p-startframe=0
p-texdiv=1 1
p-type=3
p-uvscroll-rgb=0 0.8
p-vel=0 -1550 0
rendermode=0
single-particle=1

[wisp_02]
e-life=1.5
e-linger=0
e-rate=1
e-rgba=255 255 255 255
p-bindtoemitter=1 1
p-frameRate=0
p-life=1.25
p-linger=-1
p-mesh=spiral_01.sco
p-meshtex=lifetap_ghost_08.tga
p-numframes=1
p-postoffset=0 650 0
p-rgba=color-bellcurve.tga
p-scale=0.18 12 0.18
p-startframe=0
p-texdiv=1 1
p-type=3
p-uvscroll-rgb=0 0.7000000000000001
p-vel=0 -1550 0
rendermode=0
single-particle=1

[wisp_03]
e-life=1.5
e-linger=0
e-rate=1
e-rgba=255 255 255 255
p-bindtoemitter=1 1
p-frameRate=0
p-life=1.25
p-linger=-1
p-mesh=spiral_01.sco
p-meshtex=lifetap_ghost_08.tga
p-numframes=1
p-postoffset=0 650 0
p-rgba=color-bellcurve.tga
p-scale=0.15 5 0.15
p-startframe=0
p-texdiv=1 1
p-type=3
p-uvscroll-rgb=0 0.6499999761581421
p-vel=0 -1550 0
rendermode=0
single-particle=1

[UNKNOWN_HASHES]
unk05BFB9F8=3
unk065FCB73=color-bellcurve.tga
unk0B91BF8A=0.2
unk0C338960=team_ring_green_02.tga
unk0D4C1DAC=0 0.8
unk0F1DA48D=1
unk0F95452A=1
unk12779DBE=255 255 255 255
unk1B71532B=0
unk1CD29CEC=spiral_01.sco
unk200D8E6E=0 35 0
unk27EE9CD2=0 0 0
unk2882548D=0
unk2A44F7C2=-1
unk2CF490F2=0 90 0
unk2EC2F96F=0
unk2F7F0BA8=1
unk364E743A=0
unk39C657DC=0 0 0 0
unk39C657DD=1 -15 0 0
unk3B02659B=0 0.9
unk3DC46229=0
unk3F87055E=0
unk4103A92D=0 0.7000000000000001
unk4341CBBF=0 750 0
unk44F0EF02=1 2
unk4A0BE0ED=0
unk56CFD47C=1.25
unk5AC93B8B=0.2
unk5BFA378C=0
unk5DBCDAC1=-1
unk62E7A6C7=1
unk65AEF3DB=lifetap_ghost_08.tga
unk684C9CAA=1 1
unk6B527978=1 1
unk6C588779=3
unk6CF898F4=color-bellcurve.tga
unk71B8EC4F=250
unk74052297=10
unk740BD19B=1 1
unk74BB34AE=0 0.6499999761581421
unk762E12AB=1
unk772618D3=0 0 0
unk79106B3F=255 255 255 255
unk7AA753E1=360 0 0
unk7D025B29=0
unk801CF4E2=1
unk817930CE=1
unk836B6A6D=spiral_01.sco
unk871620BB=0
unk899E397A=1.25
unk936360C6=3
unk95B60BC5=1
unk9B6E9BA2=1 0.1
unk9BC47FA9=1 1
unk9CC2184C=1
unk9FC6FDF2=color-bellcurve.tga
unkA426622A=1
unkA5EF503D=0 750 0
unkA8FC77A9=1
unkABDED03D=255 255 255 255
unkB0FECE37=1 1
unkB639CF6B=spiral_01.sco
unkBC5A4389=0.2
unkBC676D2E=0
unkCC39D72A=0
unkCEF32057=1
unkCF091792=2
unkCF3C62A8=1 1
unkD2F154FA=3
unkD7DDCD3C=0
unkD82F171A=lifetap_ghost_08.tga
unkD8B720D1=0 0 0
unkD9488E2C=0.15 11 0.15
unkE66420EB=0.18 12 0.18
unkE8520D95=20
unkE9D2B6E9=1
unkF026A315=0
unkF03706FB=1.25
unkF32ED09C=lifetap_ghost_08.tga
unkF37FB3AA=0.15 5 0.15
unkF4988DFE=0 750 0
unkF50A718E=0
unkF6AB22F6=1 1
unkF6CD14C3=-1
unkFC4ED946=1
