[System]
GroupPart1=hand_glow
GroupPart1Importance=High
GroupPart1Type=Simple
GroupPart2=blood_burst
GroupPart2Importance=Medium
GroupPart2Type=complex
SimulateEveryFrame=1

[blood_burst]
e-life=10000
e-rate=200
e-rotation1=1
e-rotation1-axis=0 0 1
e-rotation1P1=0 0
e-rotation1P2=1 360
e-rotation2=1
e-rotation2P1=0 0
e-rotation2P2=1 125
p-bindtoemitter=0 0
p-colorscale=1 1
p-colortype=1 3
p-drag=1 1 1
p-flexoffset=0.004999999888241291
p-frameRate=16
p-life=0.30000000000000004
p-lifeP1=0 0.5
p-lifeP2=1 2
p-numframes=16
p-offset=0 0 0
p-rgba=color-bloodfade32.tga
p-scale=22 22 22
p-scale1=0 1 1 1
p-scale2=0.5 1 1 1
p-scale3=1 1 1 1
p-scaleXP1=0 0.4
p-scaleXP2=1 1.2000000000000002
p-startframe=0
p-texdiv=4 4
p-texture=blurdrops_maroon.tga
p-vecalign=1
p-vel=67 163 36
p-velYP1=0 0.25
p-velYP2=1 1.6
p-worldaccel=0 -1000 0
rendermode=1

[hand_glow]
e-rate=14
e-timeoffset=0.3
p-bindtoemitter=1 1
p-life=0.28
p-offset=5 5 5
p-offsetXP1=0 0.4449999928474426
p-offsetXP2=1 1.5941849946975708
p-offsetYP1=0 0.7414814829826355
p-offsetYP2=1 0.9269999861717224
p-offsetZP1=0 0
p-offsetZP2=1 0.8897777795791626
p-quadrot=360
p-quadrotP1=0 0
p-quadrotP2=1 1
p-rgba=alpha_12.tga
p-rotvel=360
p-rotvelP1=0 1
p-rotvelP2=1 -1
p-scale=230
p-texture=sick_buf_01.tga
p-vel=0 0 0
p-xrgba=1 1 1 1
p-xrgba1=0 0 0 0 1
p-xrgba2=1 1 1 1 1
p-xscale=1 1 1
p-xscale1=0 0 0 0
p-xscale2=0.5 0.5 0.5 0.5
p-xscale3=1 0.8 0.8 0.8
rendermode=0

[UNKNOWN_HASHES]
unk0676226E=0
unk07A134CE=0.30000000000000004
unk0D08EB59=1 1
unk0E53CD41=0
unk0F124B71=0 0.65 0 0 0
unk0F124B72=0.2 0.65 0 0 0.8
unk0F124B73=0.8 0.65 0 0 0.8
unk0F124B74=1 0.65 0 0 0
unk0FDFDE7A=16
unk13861C2C=3
unk13B90719=10000
unk16BAD83B=0
unk17080C44=1 1
unk1DC9F946=color-bloodfade32.tga
unk2260C75A=0 0.5
unk26FF72FD=200
unk29345568=invis_wisp_01.tga
unk2ECEF3FC=4 4
unk32BBFB24=0 0
unk35F3187D=0
unk366AADC4=0 0 0
unk3734348F=0 0.25
unk37343490=1 1.6
unk3BA29508=0 -1000 0
unk417DBF28=1.5
unk440D62F5=0
unk45007C77=0 0
unk45007C78=1 360
unk45163B4A=1 1
unk457E8BF8=0 0
unk457E8BF9=1 125
unk4827C98F=0 0.5
unk4827C990=1 2
unk55787BD7=0
unk5B57F156=1 1
unk60DBFD57=1
unk610A04A0=1
unk63BE55EB=255 255 255 255
unk66998E59=0 1 3 1
unk66998E5A=0.5 1 1 1
unk66998E5B=1 1 1 1
unk673BD069=blurdrops_maroon.tga
unk694744F7=0 0.65 0 0 0
unk694744F8=0.2 0.65 0 0 0.8
unk694744F9=0.8 0.65 0 0 0.8
unk694744FA=1 0.65 0 0 0
unk69710F9A=1
unk6E195519=spiral_01.sco
unk6E26BB6B=71 135 30
unk71AA3830=1
unk71CE2F5D=0
unk7D059B8E=1
unk8AAEDBB6=1
unk8AAEDBB7=1
unk94D06437=0.4
unk96B23218=0 0 1
unk96B4418B=1 3
unk97649BAE=1.5
unk97D43926=1 1 1
unk98AB0F3E=0.004999999888241291
unk9EF873FE=0.5 0.5 0.5
unk9F4EB8F8=0.5 0.5 0.5
unkA7318BE8=0
unkAF66E4C0=1 1 1 1
unkAFBD29BA=1 1 1 1
unkB12617BD=0.4
unkB12D417F=0 -50 -30
unkB58CEADC=1 1
unkB6C2D9DD=1
unkB9A53271=255 255 255 255
unkBD29A71B=16
unkBD9F3FA6=3
unkC400319F=spiral_01.sco
unkC5C1A6E5=0 0 0
unkCB0917E0=0 0.625
unkCD82F505=0 -50 -30
unkD75867D8=20 20 20
unkE5EC5A61=0 0.4
unkE5EC5A62=1 1.2000000000000002
unkE9D8696F=0
unkFAEBC4C3=1
unkFCA4ED6E=invis_wisp_01.tga
