[System]
SimulateEveryFrame=1

[UNKNOWN_HASHES]
unk0362318E=0
unk0755AFD1=0 1
unk0755AFD2=1 2
unk082A4984=12
unk0849D3B5=0 30
unk0849D3B6=1 40
unk08C7E336=0 0
unk08C7E337=1 360
unk0F86AD50=FlameOrbit
unk13F71C2E=1
unk1510049B=0 -1
unk1510049C=0.10000000149011612 -0.30000001192092896
unk1510049D=0.9 0.30000000000000004
unk1510049E=1 1
unk1702359B=0 -17 -19
unk184944D1=0 0.2
unk184944D2=0.8999999761581421 0.25
unk184944D3=1 0.3499999940395355
unk1A45CC5C=100
unk1ABB25A7=flames03.tga
unk1BCBE49E=0.1
unk1BE3B5E2=1
unk1CA024A8=1
unk1D528616=1
unk1E0E56D5=200
unk2549538E=1 0 0
unk264D9D44=1.149999976158142
unk27E28172=4 4
unk2D0C60C2=FlameAccel
unk2FE53305=100
unk3047C205=0 1
unk3047C206=1 2
unk30BFE49B=1 0.2
unk32656F8F=-1
unk3B75B4CD=0 1 0
unk3C08D8C6=1
unk3C7661BC=color-addflame.tga
unk4007CC17=0
unk401EC17B=FlameAttract
unk4081A073=flames03.tga
unk40B9B2C5=50
unk413B5705=0 0.2
unk413B5706=0.8999999761581421 0.25
unk413B5707=1 0.3499999940395355
unk45ABDB73=50
unk59AA11BF=0
unk5E9A0EA9=0 30 0
unk614A576A=0 50 0
unk63BFED60=Zyra_hellvine
unk64FAEAFA=1
unk685B71F4=1
unk685B71F5=1
unk6C6E6751=1
unk6DB20281=0 30
unk6DB20282=1 40
unk6E301202=0 0
unk6E301203=1 360
unk7460D7C9=1 0
unk7CC44A47=FlameAttract
unk7E278B52=0 0.5
unk7E278B53=1 4
unk7E8B8E02=FlameDrag
unk81E16CD7=0 1
unk81E16CD8=1 1.2000000000000002
unk828AD575=0 30 0
unk82F946C0=1
unk82F946C1=1
unk8740B110=1.0499999523162842
unk88F7EECB=0.5
unk8EFEAC95=1 0
unk909C498A=0 50 0
unk926342CF=1 0.2
unk92748F8E=FlameAccel
unk9358835B=-1
unk95E32227=4 0 0
unk99436F9F=0 0
unk99436FA0=1 3.5
unk9AD63D59=0
unk9CC5F545=0 1 0
unk9D697588=color-addflame.tga
unk9E2B8451=0 50 0
unk9EF358EB=0 0.2
unk9EF358EC=0.4 1.5
unk9EF358ED=0.6000000000000001 2
unk9EF358EE=1 0.1
unkA26F1DC2=0
unkA69EEF3F=100
unkA7A7E7A3=0 1
unkA7A7E7A4=1 1.2000000000000002
unkAA1E7E84=FlameOrbit
unkAFC0A95A=1 0 0
unkB381534C=0 300 0
unkB55ED767=0 7 -10
unkB5741225=0
unkBAA8267C=200
unkBB4D6FF3=0
unkBBD9FC16=5
unkBED5345B=0 3 0
unkBF5A979D=0 -30
unkBF5A979E=1 30
unkC4B9D3B7=0 0.2
unkC4B9D3B8=0.4 1.5
unkC4B9D3B9=0.6000000000000001 2
unkC4B9D3BA=1 0.1
unkC53DCE04=0
unkC5ED0A99=0 1 0
unkC89135DA=120
unkCA5F836F=1.2000000000000002 1
unkCC3C1CE2=5
unkD1D6961D=1
unkD7519362=1
unkD9489794=Zyra_hellvine
unkD9F86C69=0 -30
unkD9F86C6A=1 30
unkDBB43CCF=0 -1
unkDBB43CD0=0.10000000149011612 -0.30000001192092896
unkDBB43CD1=0.9 0.30000000000000004
unkDBB43CD2=1 1
unkE02EEC36=FlameDrag
unkE2FAA3D5=0
unkE4FD583B=1.2000000000000002 1
unkED8C74B8=12
unkF183480E=120
unkF6D9A9DC=1
unkFE9995D0=0
unkFEF06F3E=4 4
