[System]
GroupPart1=spores
GroupPart1Importance=High
GroupPart1Type=Simple
GroupPart2=poison_smoke
GroupPart2Importance=High
GroupPart2Type=Simple
GroupPart3=leaves
GroupPart3Importance=High
GroupPart3Type=Simple
SimulateEveryFrame=1

[leaves]
e-life=0.25
e-linger=0
e-rate=35
e-rotation1=1
e-rotation1P1=0 0
e-rotation1P2=1 360
p-bindtoemitter=0 0
p-life=0.75
p-numframes=4
p-quadrot=0
p-randomstartframe=1
p-rotvel=190
p-rotvelP1=0 -1
p-rotvelP2=1 1
p-scale=10
p-scaleP1=0 0.30000000000000004
p-scaleP2=1 1
p-shadow=0
p-startframe=2
p-texdiv=2 2
p-texture=izara_leaves_03.tga
p-vel=0 0 50
p-xscale1=0 0
p-xscale2=0.30000000000000004 2
p-xscale3=0.8 0.8
p-xscale4=1 0
rendermode=1

[poison_smoke]
e-life=0.1
e-rate=25
p-bindtoemitter=0.4 0
p-colorscale=1 0.4
p-colortype=1 0
p-life=0.6
p-lifeP1=0 0.5
p-lifeP2=1 2
p-offsetXP1=0.007000000216066837 -1
p-offsetXP2=1 1
p-offsetYP1=0 0
p-offsetYP2=1 1
p-offsetZP1=0 -1
p-offsetZP2=1 1
p-quadrot=1
p-quadrotP1=0 0
p-quadrotP2=1 360
p-rgba=color_smoke32_pink_01.tga
p-rotvel=1
p-scale=20
p-shadow=0
p-texture=Smoke_02.tga
p-vecalign=1
p-vel=1 1 1
p-xscale=1
p-xscale1=0 0.7
p-xscale2=1 3.8000000000000003
rendermode=1

[spores]
e-life=0.25
e-linger=0
e-rate=45
e-rotation1=1
e-rotation1P1=0 0
e-rotation1P2=1 360
p-bindtoemitter=0.4 0
p-colorscale=1 0.4
p-colortype=1 0
p-life=0.75
p-quadrot=0
p-rgba=alpha_20.tga
p-rotvel=190
p-rotvelP1=0 -1
p-rotvelP2=1 1
p-scale=8
p-scaleP1=0 0.5
p-scaleP2=1 1.149999976158142
p-shadow=0
p-texture=spore_10.tga
p-vel=0 0 50
rendermode=1

[UNKNOWN_HASHES]
unk1434BF04=0 0 0
unk4F910172=0 100 0
unk8B156384=1
unk90F9BDF5=0 1 0
unk92549262=10000
unkC4690725=0
unkCB680D71=0
unkDE8876C6=0 0 0 0 255
unkDE8876C7=0.12 255 255 255 255
unkDE8876C8=0.24 211 255 212 255
unkDE8876C9=0.35 166 255 154 255
unkDE8876CA=0.72 0 255 0 255
unkDE8876CB=1 0 0 0 255
