[System]
GroupPart1=flash
GroupPart1Importance=High
GroupPart1Type=Simple
GroupPart2=ghost_fire
GroupPart3Type=Simple
SimulateEveryFrame=1
SoundOnCreate=Play_sfx_ZyraSkin02_ZyraSeed_buffdeactivate

[flash]
e-life=0.02
e-linger=0
e-local-orient=0
e-rate=5
p-bindtoemitter=0
p-colorscale=1 1
p-colortype=1 0
p-frameRate=0
p-life=0.2
p-numframes=1
p-postoffset=0 0 0
p-quadrot=45
p-rgba=alpha_02.tga
p-rotvel=0 0 150
p-scale=315
p-simpleorient=2
p-startframe=0
p-texdiv=1 1
p-texture=Flare-Rainbow_teal_02.dds
p-type=0
p-vel=0 150 0
p-xscale1=0 1
p-xscale2=0.5 0.5
p-xscale3=1 0
rendermode=0

[ghost_fire]
e-life=1
e-rate=6
e-uvoffset=1 1
e-uvoffsetXP1=0 0
e-uvoffsetXP2=1 1
e-uvoffsetYP1=0 0
e-uvoffsetYP2=1 1
p-bindtoemitter=1 1
p-coloroffset=0 0
p-colorscale=1 1
p-colortype=1 3
p-life=2
p-linger=2
p-offset=0 0 0
p-postoffset=0 10 0
p-rgba=alpha_12.tga
p-scale=70 70 70
p-texture=Zyra_Skin02_W_Fire.dds
p-type=0
p-uvscroll-no-alpha=1
p-uvscroll-rgb=0.1 0.1
p-uvscroll-rgbXP1=0 -1
p-uvscroll-rgbXP2=1 1
p-uvscroll-rgbYP1=0 0.2
p-uvscroll-rgbYP2=1 1
p-vel=0 100 0
p-xrgba=1 1 1 1
p-xrgba1=0 1 1 1 0
p-xrgba2=0.4 1 1 1 1
p-xrgba3=0.8 1 1 1 0.5
p-xrgba4=1 0 0 0 0
p-xscale1=0 1 1 1
p-xscale2=1 1 1 1
pass=-25
rendermode=4

[UNKNOWN_HASHES]
unk0DB33B75=Zyra_Skin02_Q_Ghost_Smoke.dds
unk0F415B83=0 30
unk0F415B84=1 40
unk0FBF6B04=0 0
unk0FBF6B05=1 360
unk174DDAD4=0
unk193E1083=0
unk1A9A5C0C=1 0 0
unk1B334249=FlameAttract
unk1C0980C2=1
unk1C0980C3=1
unk2182B8D9=20 10 0
unk280EE697=1 0
unk296C5269=1
unk298B289A=0 -20 0
unk2EE0B277=40 180 40
unk2EE9D371=4 4
unk2FB47F4E=0 -1
unk2FB47F4F=0.10000000149011612 -0.30000001192092896
unk2FB47F50=0.9 0.30000000000000004
unk2FB47F51=1 1
unk308E59B3=0.005
unk30C6BD4B=0 1 0
unk31D59A20=0 0.5
unk31D59A21=1 1
unk3253A9A1=0 0
unk3253A9A2=1 1
unk3403E890=FlameAccel
unk36D10483=0 1.5
unk36D10484=1 0.6700000166893005
unk4842A904=0 0.2
unk4842A905=0.8999999761581421 0.25
unk4842A906=1 0.4
unk4D4DCE34=flames03.tga
unk4E844C27=0
unk5430CC8C=120
unk65C55B23=16
unk6C7100C2=1.7000000000000002
unk7188A401=1
unk726F98E4=8
unk7308A66B=0 -30
unk7308A66C=1 30
unk74D982A5=0 1
unk74D982A6=1 1.2000000000000002
unk7763894D=1 0.2
unk7888D30D=0.35
unk7D8E09D6=1 0
unk7E0D923D=1.2000000000000002 1
unk8299C53A=color-bellcurve-Blue.tga
unk8A9005F0=2 2
unk8BCF3EF1=70
unk8DCBBEC3=1
unk91EB6EB9=0 0.2
unk91EB6EBA=0.4 1.5
unk91EB6EBB=0.6000000000000001 2
unk91EB6EBC=1 0.1
unk92F54683=0 1
unk92F54684=1 2
unk99E3910E=0.15
unkA04DB671=0
unkA13A8386=4
unkA3E8DB83=0 0.2
unkA3E8DB84=0.8999999761581421 0.25
unkA3E8DB85=1 0.4
unkA3F4833B=color-addflame.tga
unkA4036F66=0
unkA4EC35CE=1 0.2
unkA8AB2F94=1
unkAD29FCF2=350
unkB1160652=FlameOrbit
unkB2661430=1
unkB4741564=0 1
unkB4741565=1 1.2000000000000002
unkBBA7A855=0
unkC52F32B4=FlameDrag
unkC5DC865A=15 7.5 15
unkC7A86F78=1
unkC887C9AA=0 -30
unkC887C9AB=1 30
unkCDD662F2=0
unkCE140A95=1
unkD38CB57C=1.2000000000000002 1
unkDF74F382=0
unkE3716436=250 250 250
unkE8928140=0
unkE9D1BFAA=1
unkF064CF42=0 0
unkF064CF43=1 360
unkF2B7DF35=drag_05
unkF5EB624D=0 -1
unkF5EB624E=0.10000000149011612 -0.30000001192092896
unkF5EB624F=0.9 0.30000000000000004
unkF5EB6250=1 1
unkF6B9A6C5=12
unkF88A9A0D=120
unkFC027C19=0 0 0
