[System]
SimulateEveryFrame=1

[UNKNOWN_HASHES]
unk006F29D5=1
unk01A21960=0 0.30000000000000004
unk01A21961=1 1
unk059F6703=1 1
unk0880D79D=0.6499999761581421
unk08D6FD0F=1
unk0CD0BBFD=400
unk0E39A22E=0 -150 0
unk0F5A03F9=0
unk0FB6CA8D=1
unk0FFC4741=1 1 1 1
unk1208AE4C=0 1
unk1208AE4D=1 7
unk135F27A2=200 800 200
unk13C8835B=0 0
unk13C8835C=1 0.5
unk1434BF04=0 0 0
unk144692DC=0 0
unk144692DD=1 1
unk1498A9E8=0.1
unk161FE44B=up
unk186C9D1F=30
unk1B8D0B87=1
unk1CBAD657=1.75
unk1DF4DFC5=0 0 0
unk1EB40574=0 0
unk1EB40575=0.30000000000000004 2
unk1EB40576=0.8 0.8
unk1EB40577=1 0
unk24501BF6=2
unk2450A5A0=sand_04.tga
unk2677EB65=1
unk27DF15CC=50
unk282B13E8=0 0
unk282B13E9=1 360
unk28D2A8A2=0.1
unk2C49E26B=1 1
unk2CB878DA=izara_leaves_03.tga
unk32E39ACF=color-smoke32_07.tga
unk36568930=0 1 1 1 0
unk36568931=0.05 1 1 1 1
unk36568932=0.16 1 1 1 1
unk36568933=0.8 1 1 1 1
unk36568934=0.9 1 1 1 0.5
unk36568935=1 1 1 1 0
unk3894AC3E=0 0
unk3894AC3F=1 360
unk39483DC7=0.6499999761581421
unk3992B599=0
unk3C191486=100
unk3E13FD99=1
unk4396255E=3
unk43FC5BA7=1
unk452B53F8=izara_ult_v1.skl
unk45601012=0.1
unk45D601F8=0 0.3499999940395355
unk45D601F9=1 1.3
unk46A674DC=0 500 900
unk4762AC67=2.5
unk49319839=slow
unk4C3CF5B1=0 0 0
unk4CEDA0F5=up
unk4F910172=0 100 0
unk4FF694CC=3
unk52BDAB16=0 0
unk52BDAB17=1 360
unk537A7EB2=0.25
unk53C6A74A=0 -3850 0
unk54FB8FA6=0 0
unk54FB8FA7=1 360
unk58A67BF6=50
unk59C87505=0 0
unk59C87506=1 0.44999998807907104
unk5A468486=0 0
unk5A468487=1 1
unk611ED91E=-1
unk62E7EE0C=0 0 0 0
unk62E7EE0D=0.5 0.7
unk62E7EE0E=1 1.2000000000000002
unk636E1B61=1
unk66C0EA96=1
unk66C68959=4
unk680F1075=2 2
unk68A9F42F=0
unk68E151B7=29
unk699113EE=75 20 75
unk6A6C9764=0
unk700E4F2E=1
unk70F26089=0 0.5
unk70F2608A=1 1
unk72DED234=260 35 0
unk74D8110F=slow
unk769A5665=1
unk8004E19E=0 -110 0
unk805234C6=70 20 70
unk8167E608=0 0.8
unk8167E609=1 1.25
unk832D6CC1=4
unk8B156384=2
unk8B76ECD0=0 0.5
unk8B76ECD1=1 1.6
unk8E118168=izara_ult_v1.skn
unk90F9BDF5=0 1 0
unk92549262=10000
unk9332020D=orbit1
unk93DEC00A=0 0.30000000000000004
unk93DEC00B=1 1
unk9532381D=0
unk9564E32F=0.65
unk982D6B01=1
unk9A7BD230=izara_leaves_03.tga
unk9AFB8150=0 0
unk9AFB8151=1 360
unk9C3F27A1=60
unk9F4AEB06=0 -320 0
unkA17CB57A=0.15
unkA58CE5E7=120
unkA7D96A9F=7
unkA888D8E4=0 0 0 0
unkA888D8E5=0.2 1.3
unkA888D8E6=0.25 1.399999976158142
unkA888D8E7=1 1.7000000000000002
unkAA30288F=45
unkAB8DA7A7=alpha_20.tga
unkABAB5A74=0 -110 0
unkAD01A7D6=0 0
unkAD01A7D7=1 360
unkB0E8BAAE=0 0
unkB0E8BAAF=1 360
unkB0F0AC1E=0 0
unkB0F0AC1F=0.30000000000000004 2
unkB0F0AC20=0.8 0.8
unkB0F0AC21=1 0
unkB13078C9=27
unkB3004879=130
unkB3AFEA15=1 1
unkB4C3215E=80
unkB869D56F=1
unkBACE3EFD=1
unkBF240F5D=1
unkC3842CE5=3
unkC4690725=0
unkC73AA619=Izara_Ult_v3.anm
unkC92D5E6B=4
unkC9FFBEB7=orbit1
unkCB2C64CA=130 1750 130
unkCB680D71=0
unkCCEB48EF=1
unkCD7A8DDB=0 0
unkCE7DA5F3=0
unkCFD0E432=0 400 900
unkD1C434E3=gravity_02
unkD434DA27=1
unkD76658C9=dustdrag
unkDA5D1417=1
unkDA859217=0 0.6000000000000001
unkDA859218=1 1
unkDA88EA72=1
unkDBEC1F4B=2 2
unkDEAFBAC8=izara_leaves_03.tga
unkE1958695=1
unkE361B7BA=0 -1
unkE361B7BB=1 1
unkE42F1F6F=izara_plant_props_green_vines_01.tga
unkE4CF6F5F=0 0.5
unkE4CF6F60=1 1
unkE95F81DD=2 2
unkE9F64129=0 0 0
unkEBF73698=0 0.4
unkEBF73699=1 1
unkEF0766BD=1
unkEF910C8B=1
unkF0D382E2=0 -1
unkF0D382E3=1 1
unkF146B2EF=0 1.5
unkF146B2F0=1 0.6700000166893005
unkF15D573E=0 0
unkF15D573F=1 360
unkF4CCE559=0
unkF544F4DE=0 0.8
unkF544F4DF=1 1.25
unkF68F888E=0
unkF7619FF3=0 0
unkF7619FF4=1 2
unkF7DFAF74=0 0
unkF7DFAF75=1 2
unkF85DBEF5=0 0
unkFBBE856D=1
unkFDFC69FD=1
unkFF01C35E=260 30 0
unkFF8DD67F=0.5 0.5 0.5
