[System]
PersistThruDeath=1
SimulateEveryFrame=1

[UNKNOWN_HASHES]
unk03381CDC=1 0
unk04C24FCA=Flare-Rainbow_orange_08.tga
unk08FE843A=flames03.tga
unk09497E93=1000
unk0A4E443D=1
unk0E2E0287=120
unk16374AC8=0 -1
unk16374AC9=0.10000000149011612 -0.30000001192092896
unk16374ACA=0.9 0.30000000000000004
unk16374ACB=1 1
unk16661688=0.15
unk207708B5=color-addflame.tga
unk216BD714=0 20 0
unk286F082D=0.005
unk29AC826C=250
unk29AD826C=0
unk3485620F=1
unk448D3BEB=4 4
unk4C746CFD=0 1.5
unk4C746CFE=1 0.6700000166893005
unk4E31DCB0=0 -30
unk4E31DCB1=1 30
unk4EC14E13=0 0 0
unk560B613F=0
unk57CE0474=0
unk5936C882=1.2000000000000002 1
unk5A20BD48=0 0 1 0
unk5A20BD49=0.5 0 1 -180
unk5A20BD4A=0.5 1 -6
unk5A20BD4B=1 0 1 0
unk5DE6117E=0 0.2
unk5DE6117F=0.8999999761581421 0.25
unk5DE61180=1 0.4
unk7024CB6A=0 1
unk7024CB6B=1 1.2000000000000002
unk7B45B784=0 0 0
unk7C63B9CB=12
unk7D07E676=0 1 1 1 1
unk7D07E677=0.5 1 1 1 1
unk7D07E678=1 1 1 1 0
unk7D7D7703=1
unk7E2BCCAD=0.1
unk82BB9835=3
unk8A439EF8=0.1
unk8F5E3429=16
unk92EE52F7=180 0 0
unk99D85905=1 1
unk9B52C7B9=185 185 185
unk9CCCE448=1 0.2
unk9D8A0ADC=10
unk9F29BF48=0 0
unk9F29BF49=1 360
unkA06C6370=255 255 255 255
unkADEB8D29=0 1 1
unkC07FF46D=0
unkC5B7116C=0
unkC8F8E976=0 0.75
unkC8F8E977=1 1.5
unkD6F66338=0 1
unkD6F66339=0.5 0
unkD6F6633A=1 -1
unkDB7FEED4=15 7.5 15
unkE0E0D3FF=360 0 0
unkE51D086F=1
unkEA988DAF=drag_05
unkEB93E03C=250 250 250
unkF732B707=1
unkFA4D4D2B=1
unkFFC0DBFD=0
