[Splatter]
e-life=6
e-linger=0
e-rate=20
e-rate1=0 4
e-rate2=1 1
e-rotation1=1
e-rotation1-axis=0 1 0
e-rotation1P1=0 0
e-rotation1P2=1 360
e-timeoffset=0.2
p-coloroffset=0 0
p-colorscale=1 1
p-colortype=1 3
p-life=6
p-lifeP1=0 1
p-lifeP2=1 0.5
p-offset=50 0 0
p-offset1=0 0 0 0
p-offset2=1 1 0 0
p-postoffset=0 0 0
p-quadrot=1
p-quadrotP1=0 0
p-quadrotP2=1 360
p-randomstartframe=1
p-rgba=color-bloodsplats32.tga
p-scale=50 50 50
p-scale1=0 1 1 1
p-scale2=1 0.2 0.2 0.2
p-scaleP1=0 0.4
p-scaleP2=1 1
p-scaleYP1=0 0.4
p-scaleYP2=1 1
p-simpleorient=2
p-texdiv=2 2
p-texture=Darius_Skin04_Z_BloodSplats_01.dds
p-type=1
p-xscale1=0 0.8 0.8 0.8
p-xscale2=0.8 1 1 1
p-xscale3=1 1 1 1
pass=-10
rendermode=1

[System]
GroupPart1=Splatter
GroupPart1Type=Simple
PersistThruDeath=1
SimulateEveryFrame=1

[UNKNOWN_HASHES]
unk18C488C9=0.5
unk211796D4=1 1
unk24DC5B14=-1
unk2656A17B=1
unk2656A17C=1
unk2EED4D41=color-bloodfade32.tga
unk2F9DD35C=0 0.4
unk2F9DD35D=1 1.2000000000000002
unk325C0750=1 3
unk3822C6F8=80
unk3911FA77=4 4
unk41773B0A=0 0.125
unk41773B0B=1 0.8
unk449D3DBE=1
unk4A01C3F8=0
unk4FB14083=0 -1000 0
unk526AD00A=0 0.5
unk526AD00B=1 2
unk58D16CE0=16
unk62C78293=0 0 1
unk6305129D=26 26 26
unk70DC94D4=0 1 1 1
unk70DC94D5=0.5 1 1 1
unk70DC94D6=1 1 1 1
unk7287B8B0=24 45 15
unk95FC1E9A=0.2 0
unkA5B689A0=0 430 0
unkA8F78D21=1 1 1
unkAB87A43F=16
unkACB9BAB9=0.004999999888241291
unkAD8BFF1F=0
unkC5CFCF5B=0
unkC6B71489=1
unkD004AD60=0 10 0
unkE017AFBC=0 0
unkE017AFBD=1 360
unkE095BF3D=0 0
unkE095BF3E=1 125
unkF163DBE9=1 1
unkF43568AE=blurdrops.tga
