[GLOW_PARENT_01]
ChildEmitOnDeath=0
ChildParticleName=Darius_Skin04_W_Weapon_Child.troy
e-life=-1
e-linger=0
e-rate=1
p-bindtoemitter=1 1
p-life=-1
p-linger=0
p-orbitvel=20 0 10
p-postoffset=0 0 20
p-quadrot=1
p-quadrotP1=0 0
p-quadrotP2=1 360
p-scale=5 5 5
p-texture=Darius_Skin04_Z_Glow_01.dds
p-type=0
rendermode=4
single-particle=1

[GLOW_PARENT_02]
ChildEmitOnDeath=0
ChildParticleName=Darius_Skin04_W_Weapon_Child.troy
e-life=-1
e-linger=0
e-rate=1
p-bindtoemitter=1 1
p-life=-1
p-linger=0
p-orbitvel=20 0 10
p-postoffset=0 0 -20
p-quadrot=1
p-quadrotP1=0 0
p-quadrotP2=1 360
p-scale=5 5 5
p-texture=Darius_Skin04_Z_Glow_01.dds
p-type=0
rendermode=4
single-particle=1

[Glowy]
e-life=-1
e-linger=0
e-rate=7
p-bindtoemitter=1 1
p-coloroffset=0 0
p-colorscale=1 1
p-colortype=1 3
p-flexscale=0.005
p-life=0.4
p-lifeP1=0 1
p-lifeP2=1 2
p-linger=0.8
p-quadrot=1
p-quadrotP1=0 0
p-quadrotP2=1 360
p-rgba=color-c-orange32.tga
p-rotvel=20
p-rotvelP1=0 -1
p-rotvelP2=1 1
p-scale=45
p-scaleP1=0 1
p-scaleP2=1 0.4
p-texture=Flare-Rainbow_orange_05.tga
p-type=0
p-xscale1=0 1
p-xscale2=1 0.25
rendermode=0

[System]
GroupPart4=flat
GroupPart4Importance=High
GroupPart4Type=Simple
GroupPart5=Glowy
GroupPart5Type=Simple
GroupPart6=GLOW_PARENT_01
GroupPart6Importance=High
GroupPart7=GLOW_PARENT_02
GroupPart7Importance=High
SimulateEveryFrame=1

[flat]
e-life=0.1
e-linger=0
e-local-orient=0
e-rate=1
p-bindtoemitter=1 1
p-frameRate=0
p-life=0.1
p-numframes=1
p-quadrot=1
p-quadrotP1=0 0
p-quadrotP2=1 360
p-rgba=alpha_12.tga
p-rotvel=90 90 0
p-scale=200
p-startframe=0
p-texdiv=1 1
p-texture=Darius_Skin04_Z_Flash_01.dds
p-type=0
p-xscale1=0 1
p-xscale2=0.5 0.5
p-xscale3=1 0
rendermode=0

[UNKNOWN_HASHES]
unk0ADAA971=0 0 0 0 0
unk0ADAA972=0.5 0 0 0 1
unk0ADAA973=1 0 0 0 0
unk0EDE23E2=2
unk11850D16=4
unk146765AA=255 255 255 255
unk15341910=darius_Skin04_W_Weapon_01.dds
unk1E12DCD1=Darius_Skin04_Z_Flash_01.dds
unk20C115F2=1250
unk2257C2BE=0 0 0
unk2561DA66=0.28
unk285253FF=42.5
unk3179ACB1=10000
unk347EB71C=1 1 1
unk35C9D94B=1 1
unk3B8A9EDE=alpha_12.tga
unk3BB1EB8C=1 1
unk44C01895=7
unk458F7B1D=1
unk4F151D28=0.35
unk553895FE=37.5
unk5B2CEF73=-1
unk6E484F65=1
unk6E735B57=4
unk7155B3EB=255 255 255 255
unk71AA3830=1
unk77C24D7C=0 0.4449999928474426
unk77C24D7D=1 1.5941849946975708
unk78405CFD=0 0.7414814829826355
unk78405CFE=1 0.9269999861717224
unk78BE6C7E=0 0
unk78BE6C7F=1 0.8897777795791626
unk8139B023=2
unk84242278=0
unk8859A926=0
unk88AAE9E8=1
unk8E59007D=5 5 5
unk9534E679=0
unk95C67CA7=1
unk96F789AE=0
unk9F69C47E=0 0 0
unkA24B1015=0 0 0 0
unkA24B1016=0.5 0.5 0.5 0.5
unkA24B1017=1 0.8 0.8 0.8
unkAB20A7AF=0 0 0 0 1
unkAB20A7B0=1 1 1 1 1
unkAE9B4B8F=darius_Skin04_W_Weapon_01.dds
unkAFD79F7F=0 0 0
unkB5EB2FD3=0 0 0
unkB8F559C7=0 0
unkB8F559C8=1 1
unkBC316BB0=0 0 0 0 0
unkBC316BB1=0.5 0 0 0 1
unkBC316BB2=1 0 0 0 0
unkCB369DA6=1
unkCF592840=150
unkD217D831=1250
unkDFC79902=1 1 1 1
unkE3DE243A=0
unkE5A0C76F=0
unkE6925D4A=1 1
unkEE13023F=0 0 0
unkF226CEE7=0.15
unkFA316106=360
unkFE3EA132=0.5
