[System]
GroupPart1=TeamID_Green_proj
GroupPart1Type=Complex
PersistThruDeath=1
SimulateEveryFrame=1
SimulateWhileOffScreen=1
group-vis=5000

[TeamID_Green_proj]
e-life=1
e-linger=0.1
e-local-orient=1
e-rate=1
e-timeoffset=0.6
p-bindtoemitter=1 1
p-coloroffset=0.7000000000000001 0
p-colorscale=0.30000000000000004 0.2
p-colortype=1 0
p-life=4.5
p-linger=-1
p-postoffset=0 0 55
p-projection-fading=50
p-projection-y-range=100
p-rgba=Rumble_Skin03_R_teamColor_green.dds
p-scale=160 0 600
p-texture=Rumble_Skin03_R_team_ID_green.tga
p-type=7
pass=50
rendermode=4
single-particle=1
teamcolor-correction=1

[UNKNOWN_HASHES]
unk04B993FE=0 0 0
unk2496A47F=600 160 0
unk424D29CB=0
unk4D465E67=4.5
unk550718BD=1
unk595E30B2=1
unk636F22DF=Rumble_Skin03_R_teamColor_green.dds
unk6A5D31B3=1
unk6B091F72=0.30000000000000004 0.2
unk6CA49C96=1
unk71268C27=0
unk7B21127D=1
unk9B687732=1 0
unkAF76ADC5=90 180 90
unkC967DEE5=1
unkD34B34F6=0.6
unkD3582990=Rumble_Skin03_R_team_ID_green.tga
unkD5D8D5CB=0.7000000000000001 0
unkEFA8123E=0 0 55
unkFA84B5F9=0.1
unkFC47592E=-1
