[System]
SimulateEveryFrame=1

[UNKNOWN_HASHES]
unk019F070F=0.15
unk03D908FB=2
unk0A38A4F8=50
unk0E9289F2=0.30000000000000004 0
unk102DA67E=1
unk1DFBE457=0 30 0
unk2748E8EC=90 90 0
unk290A1AC0=1
unk4B2A64B7=team_rectangle_test_02.dds
unk56DBC326=650 650 0
unk64A13A72=0 0
unk6B018ED9=1 0
unk82631F17=0 0 0
unk940C2600=4.25
unk995CF18B=0.4 0.30000000000000004
unkA023F84B=0.25
unkAA34EA78=Rumble_Skin03_R_team_color_green.tga
unkB36A642F=10
unkEA62F20B=1
unkEB706C2E=1 1
unkEE1091CC=1
unkFEE16E56=1
